1243708370521067531
1239347962817511425
1256357772796596225
1240296092924817410
1263877103256309760
1242555662770540545
1238640573206138880
1245536533148508160
1241783103045107713
1254108107350908935
1249766675047686147
1265011134857383936
1239810966289821699
1235902566359347200
1248271005983944710
1247567338691538949
1240335209318551552
1240284625529946112
1245134138161737733
1238986102825979904
1239259730952019968
1245133003250192386
1251367129657438209
1268265233400856579
1244672190441836544
1241533070571864069
1250092502985723904
1252571087071821824
1255542051015397377
1245935070558351362
1263169509344542729
1235685120390070272
1261356400153894912
1251163925569298433
1236287016070938624
1257685175233843200
1269037253839523846
1237428599390720001
1257791400659345408
1265021746463346688
1237851888114003968
1270441496785891330
1264891436383731712
1238985550528483328
1237177788915949568
1235705447761539072
1255623005767716870
1251715471004577795
1267646881452228609
1247656871579828229
1248943856202264583
1242114580882558976
1251597968425304070
1251598073140256769
1237588417094881280
1237589250754801664
1250829266599763971
1260210095054639104
1241877534842724352
1245111810207989760
1242505589248401410
1244646165276233730
1267645029864157186
1251597943314026496
1240137997552619520
1245600611875184640
1258047761175531522
1234952161278201856
1239400061135736832
1248218641193107456
1255277388214214658
1254128807159742466
1238142508015779840
1267532701839626240
1238056334987276288
1237564510388420608
1249371376827469824
1258945838421860352
1239871126609805314
1258945773775007744
1249652546043592706
1264695978965303296
1250488040658808832
1254156716763238400
1260210178491920384
1257075697983590408
1247671363495739392
1239573789400346624
1235706284709732352
1239438070690258944
1244648873739448325
1252831809525518339
1238142944206630912
1235685773862559746
1244011362247999488
1243306681280405505
1245550856390553600
1238643949155344385
1251853199037870080
1251174134911991810
1247506281327403008
1257806396776742924
1239581899942768649
1241537561471975424
1237851216446537728
1252486372746723331
1255278072292610048
1246168934140850177
1239296585831518208
1243708004425510914
1238912584465682434
1246849973100187650
1257795561434087430
1239655074772770816
1254553195675860993
1244648834749227008
1240331823806218241
1240971339856588800
1259183309340454917
1259181320321871874
1259181607606460416
1260209733018976258
1258931881464209415
1249999084007706624
1244327360612249601
1240833181626097665
1240833514582544385
1264963996483977217
1244436566803709953
1245733802409971712
1258566751115268096
1258757639460306944
1267648279355031552
1240736894251565057
1244282847378182144
1241197018955108352
1246391577322426369
1255622820979265538
1255844480491675649
1246308985986301952
1255176416502657025
1256987526369247232
1238261691693047808
1246857512722325506
1254107253046751235
1248274544151932928
1242281700085956615
1242495301535117314
1242758859875332096
1247398178950955010
1242764878479339521
1256299803874648069
1246137869770555394
1244650810828611586
1244371260584407041
1249768214827016192
1257708163333271554
1241816963875307526
1257075485487620096
1247248616265322506
1244639013375553545
1236962999010766848
1260210025777201153
1245424112220221440
1246208270177574912
1269567247145713664
1257075549199106048
1246798398134550529
1244792466814824449
1246238581364002816
1249517531758460929
1237950218236297216
1254434804638126080
1238612611769434120
1250867460686913536
1250908870005972997
1253893216102944768
1260210216827785222
1245374519986073600
1239574920394420226
1241820172803072000
1245110629184217088
1239948943724855298
1241870333835083779
1249790291277680643
1260756812825051136
1253414143303888905
1241497359969812480
1263438200661594117
1243221669898063879
1240400019309633537
1242111213217120265
1235721186442608640
1265812838611902465
1249834280404074499
1245765016592285696
1244696521683189765
1240410932372803584
1242662477848068098
1252041079769219074
1244792412427304960
1252566784047185920
1245536066817462274
1255546082894974977
1245161942681030657
1235006750731849729
1245416342271950848
1259864341916065793
1238296829613260800
1244941418285727745
1248911780547608577
1237828898697740290
1249896132802678784
1242112688060235778
1252555748430790657
1239406735581904898
1247679704980697088
1245452630744354819
1270291727958650880
1238589964989935616
1254233425046917120
1243359600465727489
1238587703903621122
1242575189092765699
1253077889190412305
1262134551389888515
1247969098329395203
1245448262942969856
1245781404316729344
1256301141278720000
1242586682039418892
1242207923788447744
1241816978018500609
1236485103444004864
1254125359194427395
1264612934946152449
1258243167268339718
1251789924191408128
1245102678071480321
1243202486971793409
1254430302719574017
1241435730976681986
1235217797950689281
1245738223294439425
1251735952596381698
1259763178013184000
1255642785383923714
1241780277367767040
1238661750641381376
1237839820694544388
1246994121488818181
1246183896703799310
1247394676019265537
1249892707989938176
1245130639826915331
1263865990451953670
1246241005914947584
1251714571640987648
1238456546239156224
1237574162639540225
1250373206147506176
1246183493635379201
1258794122900639744
1250954146024288261
1251111817922981891
1245067912005681154
1260197066741088256
1258226459858145281
1237527648009474049
1251333970068996096
1243506249993510913
1236803491038932999
1242207829206933506
1244464674780954624
1237968998907686912
1244635231035981826
1243732506337333251
1245417216922783744
1238817294316376070
1251664372839170048
1260577591276306434
1256359389696610305
1247260416859914242
1263162070553559047
1256001402129780736
1240435165303840768
1243332672769986562
1255294150917926912
1251366249382084608
1238324274806640641
1238972271827582976
1242494450439520257
1265738120739332096
1238507756593741824
1241636637320282113
1238906296520278017
1257440751639769088
1248745302548533249
1258794161463087110
1240776460266323968
1249766758321459202
1249766702407131137
1254441758559174661
1253718380185559045
1250573573300854784
1250482459365519367
1238987558878666752
1250107961998966789
1236042357381922819
1269718615642853377
1245162865960632320
1242452824405037056
1247405394449838080
1245328111849345024
1244219077377372170
1239906836205182981
1255471051926122498
1243889231795191810
1258229667150036996
1245121722518507520
1249363260538785794
1248639331050405888
1246478777972031493
1239945377740193795
1242451701430444034
1253631157847064581
1241818114410663936
1253715554432692224
1243630809577332737
1241198362386366465
1247383290627215362
1244450013985603584
1251598049098465281
1258945544921153548
1258945580161814532
1236762582134001664
1246184644590161928
1238642854756581377
1240838316184014848
1241015131129221124
1240307447950118913
1250778134485651457
1242535256189743116
1253810958490796033
1245744939423731712
1262223879768092672
1247649328652525577
1243281813533069319
1238302625843593217
1244792665067028480
1236048186013290496
1244023555651747841
1247458572289654784
1261278618736623616
1240820112367779842
1243984888233164800
1247219793230548995
1251596805306974210
1244321502373216257
1237422149167702016
1249752708254437376
1243354316691451906
1244638249999613959
1240757879306686471
1266723106846126080
1269715813260562438
1250922453792104448
1246473178756644864
1242586040864473094
1237265179303428097
1258945737452331008
1241124247264690181
1255870349805314048
1246195783994683398
1262944834899382273
1244942796265607169
1257075667180703750
1254150978644905987
1255116660077408256
1240172664620298240
1244068011721592838
1246241874828038144
1245325249685729287
1239597431823753220
1241875401967796225
1244763094716317696
1263866394703278080
1265604755713413122
1256359417668423680
1256359492217982978
1237134543116591104
1244833477918363649
1243196859319037952
1266498471470792706
1262402995381317640
1240385644720984065
1236129387113861121
1241479621880791046
1242772988971421696
1259865636517355522
1247173155485089794
1256359443358535681
1256359512455380992
1246182558037131269
1265036495414538244
1267211977899663361
1256357668756865026
1244440670581993474
1242785227673604097
1239351365119475713
1241551620745412608
1244792318416154625
1239331243457564672
1241007967027240960
1238588687614644229
1239388717971918848
1258285973626028034
1262545728632733698
1252305285445713925
1237408872471703553
1255004847297961986
1245090328929079299
1262430181815394304
1240339239956602886
1253415016780333071
1239618484453150726
1241742879049027584
1250824590487584772
1244449149258469376
1265915275746082817
1241405189581606912
1235233173702881282
1258099042422272000
1256682015409295365
1251597992324411392
1247546290550030336
1245444167595110406
1245104234133143558
1240951772350464002
1240642673444302848
1255366913028493312
1250792911425470464
1253630948048068608
1248270845212008448
1240613282605604866
1249843540575870977
1241901108806762500
1240135038949363717
1262134419206426627
1238897725749497856
1240137689627754497
1262680502265405440
1259198424982978567
1245439901736341505
1255291736148017154
1240735370087555078
1251498565886713856
1238263971943194625
1259181288956858368
1259181396565929984
1244627789774491652
1248717314264109060
1270066543980883968
1243453972406513666
1246473526120513536
1252315932980101127
1246951087636205568
1254449924445483009
1254062172931571713
1257483779637051392
1240304008738279426
1252604159838355456
1247171539428147202
1238449591730700289
1241397111616307202
1262946156444876800
1250089677266333697
1245544873102651394
1252550069464838144
1248342312910049292
1262051164029362176
1240632116041449479
1251894793459896323
1237961148466630659
1264959006101123072
1246561222780170241
1255870219396005890
1238553972622966785
1247586317283799047
1251151297304072193
1261338248133005313
1260931370806677504
1260209503880052738
1244816276444372992
1243516471893991424
1269746298829377536
1245116574081724416
1250450644089044993
1243238180494749696
1257484076853760006
1241808361814966274
1242421792154832896
1246359964844732417
1237740924421263361
1238717390629883904
1265683681055834119
1239211773036769281
1259181519664558083
1241035334395342849
1270057499744448512
1235629247424876545
1237056483122176000
1259181185558773767
1256301361324609538
1257811734926065664
1239304823578787842
1240397989300056067
1237175465674235905
1256641444888162308
1243046619546816512
1235971395580018689
1249372275465388034
1245422995767791616
1250938354981580801
1246608513071230976
1245885261726257152
1244452612566548481
1241110870547222528
1239368992428613633
1246516954699005952
1241479747386966018
1248275860001603584
1242669463692103680
1238643696549146624
1249064028468625408
1260579225100304389
1259135645429178374
1260209699976286208
1244793987812253697
1242924923556974592
1236600269481312256
1240823517953875968
1247173847134228480
1249688584455626753
1249688664831070210
1258945869472202756
1257484185792479233
1258196612771446784
1255958861049184257
1237875802420592642
1240066103646261251
1259893667168468996
1250824481641291785
1244454503555960832
1241745590062657541
1240304221842522122
1247627545685655558
1240463697484668929
1250799461477109760
1258794065174429696
1244123245109968896
1251151736451919873
1267310031223095296
1257483818451079169
1241919517485301762
1236783902410358788
1246181762075635714
1257788571358040070
1249372662230585351
1239687755636117506
1246498911889567744
1247626000743182349
1247629057447133184
1258945507474505728
1254870665754300416
1266103104031920132
1241513658355789825
1244792357075091456
1237914902699753473
1238553552668295170
1240472963222310913
1249752828769382402
1237629928482516994
1249359611527823360
1255622493936717827
1240072996653580289
1259181163001843716
1245861202388865024
1248315826412883968
1262078749635461120
1252686682844954624
1247570480565018626
1241541290749288449
1245437273803538432
1247611399653797890
1245107001610440710
1247648749989564416
1254160354273308674
1251366887054643201
1239556708571193344
1247544937744392201
1251597738996834309
1260210054793494533
1257408297860239362
1249836526953009155
1242256323129028608
1243935454161973250
1262545224573898753
1250573714221158400
1250198931365076992
1235162307682021376
1258794012900720641
1237928291316764673
1248988068759121922
1259526849119621120
1242536275074220039
1244703317332242436
1251149437906251777
1257075758733852675
1257075820826329088
1247573433904439298
1241743931919958016
1246378411653808128
1237775616063258624
1241902743763193856
1250148439062650881
1251165779090964480
1249620159616159748
1252235008950984704
1245608471254319105
1240065667421921288
1249337865072410627
1237180808068284416
1238554504414584832
1248572458426302464
1259114292751806464
1261654363573026816
1242962243194621960
1241901556951375872
1257807061410340868
1262647617022017537
1253022158231687175
1258794194535055360
1245543602735984640
1243731779942563840
1240375981405351941
1244430871303684096
1247447425406709761
1267429982093148161
1255237956304080903
1238655583789686785
1246214212675874817
1247643374682767366
1242658902510010373
1258071586172739585
1239975811135836160
1237406154059403270
1237841796845023232
1258945919858417664
1259929620507504644
1254124728970813440
1256489744109838339
1251735646584156162
1261654351422140417
1238830088550002688
1251329572869734400
1247666381664985088
1250474905969274880
1243172111327416322
1235190936239566849
1247941963372023808
1238103723076960256
1238824262829510656
1255474194571235330
1237902698814623745
1240764797630779392
1240373456954363908
1249789861915176962
1248277274052440070
1253267879262334976
1258792881860620292
1254917929969352708
1241820865148395522
1241936725129166848
1247672871129931776
1246185324537163776
1249066766581538818
1249501494854004736
1262424224762933251
1241892707053772800
1237892039099867136
1243270525507506181
1255966392341475328
1240007072743374849
1255167686990061572
1240778320075259906
1241875262293377025
1237539516577021954
1237813849585324032
1244083154719309826
1241736256977068032
1260209549090476032
1260380986266787847
1252609429142372356
1250095838212358144
1257473640196644865
1244979999876304896
1258945708616552448
1238589658713526275
1242597108349272064
1258075549181845506
1241879329895845893
1253335530332237826
1241880916345204750
1258945798928285698
1256978199868837889
1250233588601237504
1241204323394244609
1252210738401288194
1260210248775872512
1254125571489116160
1261178837171404800
1240307123696930819
1248694510294532097
1259181360360669185
1240804523398094849
1262484983991742464
1241208476350717952
1239900189470711810
1241808207573549059
1247030702803124224
1249688629808635908
1244649302150057986
1244254526351310851
1268161314372927488
1255870085153030152
1242302641432133632
1243741249170964480
1250454593122840579
1266952207100006401
1244982451442782209
1250954170594549760
1250453115175931906
1257654547138457600
1246794035379003392
1245731902830641152
1244792719349673984
1246538600273055744
1238471080605515777
1249501547987435522
1239327849892524035
1236831493982507009
1257795758360793088
1241387543481982981
1242087237845692417
1242223074428301321
1254479310007799808
1241892508994600960
1246392245709942784
1253679810364215296
1237181348252717059
1246422990733996032
1262418408127246343
1250918360935731200
1249578189279592449
1251367087462739969
1262454567754702851
1240410429962190854
1261283531969478656
1235685265361866752
1258794092181573632
1245422738430459904
1248721339629871104
1260904620592959490
1241517644928503815
1252799849197719552
1237513068428570624
1242820398049361932
1242928485376634886
1256357704072822784
1250321294328877056
1250557562338062339
1243706593415487488
1245715415411671040
1249718537444306945
1244792541368578048
1238143240488071170
1258793894852136962
1260414625717379072
1247370222232895488
1237891007615619072
1237510654187225088
1254586949656088576
1242245242159599616
1237841563192930304
1256281095215218694
1248682758865596417
1252599323768107008
1237502750084206594
1246611041011843078
1259181427431813120
1259181459035901954
1243620805239623684
1245429782780751878
1248275805031018499
1264266369853534208
1250135282298609664
1243625860080566273
1237743699209175043
1238639368564289536
1244466509625294849
1246423853519319040
1266382834744397826
1239621047567233025
1239248070321352710
1238641294181875712
1244194776045453312
1239195190944059393
1252704607647805442
1242805093247918081
1248278330178232326
1241883353302945796
1250793802064953345
1251597917669990406
1242560039073861633
1242448527323738112
1238910261207216128
1241940232200753153
1235668957270552577
1245051691290025984
1249155843662151687
1236133825287254016
1240046817502519298
1241560001661059078
1248314853640601601
1236199786350551041
1245141021593403399
1260391294335168513
1239210084095406080
1240831518404206592
1237338822339448834
1255469619529363456
1249840959241818112
1239581592550604804
1246151788358746117
1251165831519756289
1241941852166684672
1244845417415802880
1262844873339801608
1240301223711997952
1256651352685580293
1259799874641563649
1244970554618187780
1250323135485718530
1252669017510359041
1269288721549008896
1265297331706114048
1244086715955974144
1237072875791822852
1239258798977581058
1241014087049510912
1246944430608842753
1237919780969070592
1241539617687470081
1246182794939768834
1255545998077841409
1255223609469145088
1246955837463109632
1237437902843514881
1247383210222379024
1244807499452219392
1246181347305172992
1240796495835803650
1258503995414335488
1245042347521593344
1248035168855654401
1244792629134385154
1250769141411319810
1244670014675812352
1238554106131812353
1261055434233974788
1250841436423163904
1245442407870746625
1242821185219551233
1245370585041063938
1247118773972336641
1242925770072305664
1250779527317463040
1247379985041633282
1262103833364267009
1237825345589477381
1246214408176644106
1250824518844776448
1245727766433144834
1265700652380012544
1238553295981027330
1254864667727388673
1241772697992007680
1238640494651092995
1255279375332839425
1241709019431124992
1257075587845427205
1250820690120454152
1257418207159357442
1245762515939864577
1269592278366130177
1245198329690152960
1245861318797578241
1245890066649681920
1239216265853534208
1242576229372485634
1261148981469548546
1244995925635891201
1244287774007734272
1244726890625146880
1256389312289165312
1251366554458968064
1251568833216856065
1239391050889940992
1248426823706218497
1250441223526952960
1239781334408626176
1240801777840250890
1246189289295228928
1257328051190456321
1265268693040345088
1251596773510053889
1252089432670420993
1241840713991667714
1248829143644549124
1242860105122623489
1249876955832430594
1238607567812771842
1242107676563292160
1239839584403496960
1256359465458315266
1237842207962304514
1238238188717604865
1264177010781364225
1236979917490978816
1247586718607384579
1247633890229059588
1238880951037562881
1257293632043958273
1238409944954740736
1244420691480449029
1239754572031307776
1244376361143156736
1262490886430248961
1242579347157979136
1244261305160171520
1238260695600332801
1248275345041743874
1249730861655830528
1237457474388733952
1253681004826460161
1244569801516888065
1239211950141321217
1238302801027047424
1255845541122097155
1240167373862305793
1237928495789084673
1240123179068264454
1244285828962148354
1253810550343172101
1242103993985306625
1251367336302370816
1250200009053741058
1243428810181222402
1245931385228943361
1247862040523407361
1246959721128615936
1236016488387145729
1236016693920567297
1242988280532078594
1250824847418183680
1242924829348634627
1251543197878190081
1258500709701627905
1245066513901473792
1237169838612795392
1241772585358110722
1246192952805855237
1246205113494114310
1237851662456246277
1237950022798409729
1261295181623681028
1262100904527958018
1248598991203373060
1256939208788361217
1245710555341623299
1252305375178752005
1239003496537632770
1256651718286245889
1256651784371789824
1242252891269877761
1255154386415816704
1236287864813559809
1241043908269871107
1243283661740552192
1266757160081543174
1245430584710770688
1257484106612400131
1257484127927820289
1236865393127546881
1238456651784622080
1238153952040038400
1244818099800596481
1253048486058242050
1240201972898238465
1235752125801656320
1245133926894645249
1251570701808566273
1250824818976571395
1245128955230859267
1241872861876322310
1262452134743879688
1257484159112470529
1240093532838416389
1241178904091656193
1248958602683039745
1250426893490221058
1242980665781608448
1262546465437757445
1255555228478423041
1255638972161818624
1243733221801680896
1240612000130097153
1250924333041672192
1263338480584753159
1251366329438793728
1247649801048666112
1251366977093787650
1247649251376730121
1262078077863186432
1239714703905042434
1242105687594893312
1250090413404426243
1246477779790630912
1243873376575389697
1250033379602464768
1239303972965449728
1251135818980306945
1246517098899218432
1237914654850105346
1239572597504966656
1238717924174704641
1251366048093179904
1241695300236054528
1240746437937442818
1257404358104399878
1260210268526780416
1238648620108390406
1237448605662957568
1253448921428434947
1247640305672781835
1241880365498859525
1237359556164009985
1242103545207422978
1242591455119585284
1240741285104889870
1260261313764364289
1257075792703610888
1254008313613819904
1257075517515276292
1253143015427919877
1247254032617541633
1235233156149714946
1243332084531331072
1247665342417166341
1245200495477653504
1246537596039319563
1255242279490633731
1246524003189166080
1256237842876989447
1239641362145910785
1259181490342105093
1256403353921355781
1238171895247372289
1253717996452941824
1255291831635644422
1245164186210091008
1247291353387749379
1256651245911228417
1239037198135164929
1242658588348342273
1255701249045024770
1250954126860488704
1241913973861224449
1243624260972744705
1241806374037839872
1241513246194089986
1238278301640282112
1245655523518603264
1267342246208253962
1260598915415642112
1241204576738516994
1263664553059143680
1239659426166059009
1242454713779597313
1239751815262019587
1244026608131940352
1241918626384527362
1259103336529362944
1253554799817166849
1240866052436877312
1263870314368335877
1247288136494972929
1244067930935091201
1239776715997618183
1243382639131684864
1242301206854238214
1241801299961827330
1241138795141103618
1246454539034689536
1251232289369047047
1245196934484316161
1254777276194975746
1251735875370848258
1235620947933245440
1251143647661301760
1255481028824752131
1239201795450318849
1245548458792099843
1240722998711074816
1244411622573121536
1244573567523717120
1252745082727530496
1249738042455273477
1266800678674083841
1258803309546217478
1262386647758446593
1245872166580649988
1245872849019166720
1247867207977181194
1246207629833023489
1252844177693392896
1240042093705416706
1262475159744675843
1240511529730048001
1264522178978107393
1250825936498548738
1248445968246362112
1242424144794394624
1247254110144999424
1237436968516100096
1257483585428185089
1253343885855580166
1235676387966701569
1249035850198978564
1244697127550418950
1250426763248693248
1242646918628548613
1258075495066935301
1240824295456112641
1245420606792794119
1247227632317587459
1249366998238314500
1251735838435786755
1243662748086648838
1240029930781577227
1249495143268388866
1267629656079032322
1249752861220667393
1239520821913292800
1249413194868756483
1260771769247584258
1239522182843248641
1249841984753283077
1247762742821314567
1236675782384259072
1249368992898265088
1262035135542812675
1246505414881132545
1249210244204572672
1244317970815426565
1260169986993160192
1254053792921776128
1241232112352661507
1257483621272743937
1244696949787365377
1243620327546146816
1242983171907600384
1250525081744310279
1262508579862589440
1242551928309141513
1256006211050385409
1245863050411835393
1258847482223702017
1247251625116303362
1263505819611680776
1256904705072074757
1245422764649074691
1257784392874852352
1249719244784312321
1258806032895262720
1254098508329766915
1253316744405532675
1251062829869871104
1261048906395328512
1250475503250747392
1249495191343464451
1256357872117723136
1236904034294026240
1241391179947741188
1236719819598245888
1240097137163149315
1251150177060007940
1241481080114425856
1247649418507177986
1270020110237995011
1251235742057213952
1245728189835591681
1240836220466454528
1235308085117423618
1245596598781919235
1247582757733249028
1240757885367455747
1249495169986166785
1244030755128389635
1252872325680132096
1255999655931981824
1240385947570757632
1242476027370262528
1246392490078470144
1239755690656358400
1239398998437478402
1235632770912636928
1239753774236930048
1240511824262582272
1244765742404374528
1252652334217400321
1239951539386503168
1242960667168124934
1242492830037278720
1239996266718912514
1258794238520803328
1258793976594927616
1240820843711791106
1250083371658760193
1242806491842740226
1250824629981249537
1241500856538849281
1254178266925142020
1260380779286274050
1251542858005389313
1250129004041994245
1238156458744823809
1257522576240377856
1246140969377988611
1269481722019749888
1238275504895078402
1236718659202174977
1257075730720133126
1251614978085457921
1250775198657392641
1266908650842533888
1246174370491400192
1257489338767740928
1258945608519483392
1258945899490934784
1252308701899378688
1243618971368251393
1247726667969290241
1250920120450453505
1258530075835682816
1243896799338934274
1256347396356931584
1250841970244714497
1250121484435103746
1239261290675212290
1260757162026053632
1253341618146435076
1241479267596349440
1264890517223092224
1250422539714564107
1250421277661093888
1251290920235958277
1263625003196657665
1238302287275208705
1249988606942420992
1259915538488332289
1252320462232788992
1237113926518738944
1254110645542420480
1256755423903965185
1244906345289134080
1251367293440847872
1253005585479602176
1267601208803459072
1256004849570848768
1238281631733071872
1250196961501773827
1251576292518002688
1244692276787511298
1250095375102480384
1248715018625077250
1240995384337588226
1240595609566003200
1242620385805434892
1250120100805578753
1237950568817209344
1238798885428084738
1247031827669360645
1252986508971212805
1237406284724473859
1246191825007906816
1245861815491260416
1251365811408629761
1240267198779871232
1237955689772974080
1238667298619166721
1238874466664488964
1253159465882435589
1258167055720816640
1246203255148986368
1239751886258999296
1252053129799090187
1243546335762165763
1259181128629575683
1265297462954045443
1255870424602247168
1255870505351090185
1242322795469639680
1244051017626521608
1256651395744370688
1247218569517109252
1241130739053334528
1244690668737507328
1266498429414449152
1255870022251089922
1263507594167177217
1264305855173885953
1240676688004079618
1251307452873703424
1237411298075443204
1243302486485721088
1237336222063828992
1258415105311756288
1236811750793777154
1244039056939417604
1240330636457582599
1251735612362719238
1240600410206932992
1268389066715934720
1237774877978955786
1238743580530937856
1235934645117689856
1250204280327413760
1270386568956645378
1246160762072162306
1236060894351831045
1246479330995310593
1248059056021032963
1251230812885921793
1237117349779693574
1251367051299393543
1242154379135852545
1239872780071559168
1246519210269908995
1240285431159275520
1239254960803627009
1252654218038644739
1248999385423364097
1262487790895403008
1242866462643163136
1262561354826878982
1240136587775823873
1255504415563427842
1252060609484644353
1248842506638409728
1235197953930940420
1249442680909844483
1240984907767218177
1241912407649329153
1249457851531231232
1254833124049137664
1241197369196249089
1257004997847457793
1247637986415652864
1248715053836242944
1252664603777159170
1237808609007992835
1248088502832635907
1239412046309064707
1254606487839801347
1240718446192660481
1248207800867717121
1241556324623802369
1242209434421641217
1237392861286395907
1246955836179611648
1249451660553969664
1239691236593762304
1248594037851983874
1247637869130326016
1250194554395004946
1236807444493459458
1246464099698999300
1240807762512273408
1235935226414628864
1246504477626163209
1253712869209890823
1247853378627141633
1241449204205133825
1254859874791337987
1263628019698106368
1241891207887892481
1245550760022159360
1270139831092498433
1257518312042508288
1241532502222819329
1240474196184043527
1241505239196413955
1240171222597541888
1255870049597960192
1251355771662733312
1255870118984368129
1244278728617844738
1239334267492204550
1252798008489644032
1239286222759104512
1258147613209223169
1242820322656694272
1252590078867709954
1238458354265206785
1260380850421710853
1238675625591869441
1257469703485894659
1254921126251298816
1251687308161622017
1251367380388704256
1251365890752299010
1251366177772679168
1251366432253734912
1239735259413065729
1242154555456004102
1244258287916404737
1261279020592893953
1237539352583888896
1238872559770390529
1246873273234833411
1239886686932414465
1246478736452718592
1240221119925432320
1242519107817398272
1257075621114642432
1240427987234893826
1239241281399934977
1262502383843790854
1241815136085643266
1250205773600350210
1258793920168898560
1242819733629603843
1242146829703282689
1253719085126467585
1249076614350110722
1246135695237931008
1246848284767006722
1249685669267587074
1245025593579704323
1238348834473795584
1256960978886983682
1242531053950164998
1237916308811001857
1244090564204810240
1245535319459532806
1242147149732818950
1249081769476927489
1240527786818895872
1240493426224910336
1240085618220302338
1242888391831715845
1246159126461394944
1254489083562414081
1239752914253553669
1260319428522147840
1237892313046585345
1244449253977620481
1242446843650420736
1265788558394167297
1242150180520185857
1247713825861877760
1242487734771617792
1251195429699702784
1257483901045522433
1243126862404038662
1261049966845472769
1240614227821330433
1259899587789312000
1238934019615711232
1238641302352416771
1252756417762729987
1251735673515716608
1251735993520132101
1257075850211733505
1251786802605821955
1241134666595344384
1266756054840479749
1251289902844719109
1238733584959143937
1242700150214201345
1249824026836578310
1250455143092453377
1249687533929271297
1252338640480464901
1239660246257336323
1244058794793017345
1242090298127286273
1240617611525787648
1242147882024808456
1242658895157477377
1239541269262630913
1250793955958108162
1258760789256781826
1256357841126010882
1253364019320311808
1250915079979229186
1250768106944901120
1257286890270740482
1241915833196130304
1241178423340351488
1250641323289382913
1257816395712167937
1256961736365703173
1242081796352880640
1238319064310833152
1242045644208058368
1253112413408411648
1241887875098128385
1239698581818400768
1249819303727300611
1242540964184559622
1242954350022008832
1244076270020972545
1263899257507131393
1258793945569648648
1240631854564343809
1239945637376020482
1237786610017714183
1235936131126042624
1252344994154741760
1246171213841514498
1253441635138011143
1260058421950324736
1239628184615862274
1267071177853480960
1251604479004344325
1243260339690618880
1244767771659063296
1252864388391813123
1241524976861286400
1243140310462607361
1240091556633350144
1242218276253511681
1260380924409192448
1260380884596817921
1249915608403193865
1241493890143846402
1268372699832815616
1261095519608340480
1241031525761761284
1247682405386854401
1246534562496331776
1245465322469175298
1247545867428560896
1247518312663322625
1237861576796823553
1241922670364688396
1258243813363068928
1257302144115490818
1241865951383085056
1248683022175567872
1247186848029593600
1245379752912879616
1240171417687203840
1236915253688090624
1241867418923720705
1260230382307467265
1244010992931090433
1248305620157153280
1246227170437091328
1250642462743330816
1248073001309962240
1245097836837994496
1238183024044507138
1247567280084574210
1237140765131911169
1256651679363207174
1251267201832812548
1254050743176306690
1254025651625091074
1260757136721805314
1238087696733667329
1254444534332821509
1269227375885275136
1248356183976615936
1252798282306334723
1247729231074902016
1252759983906832392
1239332175847268354
1237898948381048838
1245153765449240577
1239932086745804800
1249470264846495747
1259207390978805765
1238132587551473664
1242481384855408640
1246159835760070657
1252228942523707392
1249431767133675521
1237039909401235457
1258361397832007680
1240715406446297088
1247999195300204546
1237860416321019904
1246450208206196736
1249435454849650689
1239620177446256640
1260756379389886464
1255901780145209350
1258953568956096514
1258380690720264193
1252229584323522560
1247292427821604865
1251295867988054027
1250591366557679617
1257694939204460545
1239380110517698562
1245748793502584833
1248768472408109056
1238456585007124480
1242218488841764864
1258780088151277568
1240691993589637122
1244835568053366785
1243561425253158913
1237024440610951171
1254732265663483905
1249469843037990912
1242826369324716032
1270590119662301184
1241447202909806594
1237898839266222081
1242043767529537536
1239785203058573313
1253176944125972483
1246428106451226624
1260307810996412416
1254813612436344834
1254093825766838273
1236072878279454720
1236331509822390272
1255176087711203335
1236712633010700289
1251910645383147528
1253014382625329154
1245003670271508480
1253664183272554502
1252756383017074688
1255870402859012101
1242618889722306563
1251877863927746560
1262840812301365252
1244289028251320320
1239541990917890050
1247596916877254658
1240714424081670145
1244774259043569667
1237918642894929921
1246255020154159110
1238530077106806790
1241179275224649731
1246892942406582274
1243567692449304576
1256651444461191170
1256651638720401408
1246101459520892928
1266058372509585409
1239632928696664065
1242430264279736323
1248425446372339718
1239932471619223553
1239324792353894402
1241174600223989761
1250243747096473603
1240225364695228416
1257762296232804353
1250995770255433729
1239777774564528128
1251576788578336775
1238611857100980224
1250203063505293312
1265812003018473477
1242850961585995779
1248966897711841280
1235771102753943552
1239926885506846721
1237877604239040512
1245455543805886464
1237402275129241600
1242388818088595456
1250643875171008513
1251735744391110657
1268436869726994435
1245823829202665472
1250121703767900161
1242412137760374787
1240167433283014656
1255271804375089152
1258178387631366146
1247132975474577408
1236079398534746120
1240819437659467778
1238484984110989312
1244410273311719428
1254480072570023936
1239943579075858435
1252454075972624384
1254876104013340672
1237914500474589184
1237895673023836160
1246841868140318720
1235317438897631235
1240101885538897921
1246289385634627584
1259835782036180992
1252035366611152896
1267532211642826753
1238600249062629380
1239362991700742144
1242893151003688960
1252326197075288069
1255172329056935936
1257325065995247616
1251604598395154432
1247135864683143169
1238353363382788099
1242398449993232384
1238408473450348545
1241503888316010499
1242689166518992897
1255870481435164672
1256651272809299969
1240825801915973633
1240070729544224769
1241960734025748480
1240007009019277312
1236775681494790144
1237104308983943169
1247999493838118912
1238498948471492609
1239332554215493637
1247617160307974144
1262087004793307137
1247729146886848517
1251163673596497920
1241795468205723656
1255897296379707395
1246095398067941377
1235953377609162753
1240925491139416064
1245693727777095680
1249393879591329794
1250490306367229952
1240270773203460097
1237396875344596994
1268279057914920965
1242088530135994368
1239938394685353984
1239324591450923014
1254013337362477057
1248411374545326083
1239732325304479745
1254809623397388295
1248411187210940419
1242652514467618816
1237864350162939905
1239515713653690368
1241593945722945537
1248404980756709380
1238517052761092096
1235976504535900163
1238476441093726208
1251570585114759171
1250913383890780167
1238158731394850818
1260713896903618560
1255170990474170368
1254933360046202880
1241545763039182854
1259836069882855426
1235620125396668416
1258533544193712128
1239224936067207169
1237368632394514433
1256651590783680520
1240256523798032389
1254254043364503554
1236152563948572672
1262318044312936448
1238603889492070400
1251830241619828736
1248886319427784704
1239230679919013889
1252692777248477185
1253773591847546883
1263548271206838272
1241130449918922752
1240793320013606919
1246051309217894405
1238620129497399299
1259230970953285632
1239773318607065088
1254014444679712768
1236460869535612929
1264620439382491136
1260757101351186435
1255384902931042308
1252257848068890624
1244776804176539650
1240343996725067777
1260758551343108101
1248064790410539013
1256313455478476807
1246189032893296641
1267143643359404033
1253116090915467266
1260756861906755584
1254089903429877762
1252035318250758144
1252035253578813440
1238487411975499781
1238283289993138177
1262075767346941954
1253845592650002438
1255383759513321474
1251366672675467266
1259966190551736320
1246904189189570561
1260757021026070528
1238836143774412801
1238616723424714752
1245880861741985794
1247214155838390275
1238600972357767168
1256651748917358592
1257701602254872577
1245798910079176705
1242601388712103937
1261230151825850369
1248466862326689792
1257057301917249550
1257483964383543296
1247713827073990656
1265783130125893633
1239518578518482945
1260757186260672512
1251799739743469570
1250776222054985729
1246225430635560961
1267119845054787585
1239633493254078467
1244834425424220160
1240718245642067969
1240674658074181632
1239025152668708864
1246055990342139904
1264380932754223114
1242146959986753545
1251985903255511040
1255220064724422661
1258814875448598529
1260507766650744832
1240249711489155073
1238182964783177728
1239926586830397440
1251735777328992256
1237373754793250816
1238562881567850499
1251196113891266561
1266405500733833216
1263128461549416449
1242888672862711811
1237552500804218882
1243210838204448770
1241139989146210304
1250051101094748161
1240081584008675328
1236494977808642048
1259649852998385665
1237877910574206976
1265029190631460867
1246541903681683458
1258161907682496513
1252418939809722370
1244777715481243648
1240792041040359424
1240288103602028546
1242628046429061122
1240699464592965632
1237891987195326466
1238563489033138177
1238670138196574208
1240333858320547840
1259533976693346304
1238608577629224963
1238285885596147713
1239677727961219073
1239668666360348673
1242824208528355330
1242233442844041218
1241498779796344832
1239548803335827461
1251879500524249092
1251604562290540545
1262856618041135105
1252636665300082689
1248970430809022464
1266012010879336451
1242903364918300672
1242972148865605633
1246271144761667585
1239301464750788609
1245463950671699976
1243678519743246336
1239229629195583488
1235515091933638656
1239303369577111552
1242822146809880577
1269040942939549696
1248925921979088896
1251387976858435584
1254795538228285440
1240341974756057089
1263816652069756929
1238805283020984320
1262857550128537600
1241857420349014016
1240093085574594561
1246231393891430401
1266037824622678016
1248716631011983362
1236407167466508290
1246522025063186434
1240617188291162113
1254961070420250625
1252035131671318528
1251140468307623938
1239682964495228930
1240965240172445696
1262764154877853696
1266483525232013312
1242617902219636736
1242921395845238785
1238618567534432256
1240698539572776962
1239243512849334273
1235196606691061762
1262857782950330370
1259364071071191041
1240712938975039491
1237922393643003916
1262384139099082753
1252035061035102208
1261458430352654336
1242336611683221506
1253093375131164672
1247348590198042626
1255171840818974720
1238491556639846400
1252680127303073807
1242721777400373248
1235809526692995072
1239590283953811456
1240285805056327680
1257775700834242565
1240826325654482945
1238837105578606592
1256367018670002176
1248103231596777473
1240716307403649025
1241885454133276672
1248284508425773059
1235192997257629697
1246536291703013377
1238483579597881344
1257696759339458560
1240286010119987206
1239669015490039809
1242956600006119427
1237912366223970305
1254053015251812353
1241429750738018304
1237526812558675974
1244654530584875015
1244834424417550336
1245402358399590400
1238669089238929408
1238598621953744898
1241131893623529476
1235700559711100928
1239731582208016385
1254931162100891648
1245494691069558784
1240852196524265472
1261007190657249281
1257725466959581184
1246587901837742082
1257484002656575488
1260655854090457088
1238186354304897025
1240073392239390720
1243431237026557952
1237189170545778688
1238937038050689024
1250944457404567555
1249531339348508672
1245400460518981632
1269644440425152513
1245510921654611969
1240082019713011722
1240442252926869505
1238002992424648704
1263370859043074048
1258153794677936128
1245075562374234112
1254102483758129152
1244234927895449600
1243000643456884736
1255907023478292481
1237876273252163585
1247693961139040258
1266567182324039680
1239770165782421504
1242700119381811209
1256603294409076736
1253584275372376065
1239287174341812225
1254093678022254594
1259836212476608526
1256716824906997766
1259835815062011905
1241761100640800769
1259836346081980423
1238918268905304076
1241835083566366727
1256626708410761217
1244726620121899008
1240452548517117953
1235613257701953536
1240490754956558337
1252587459973693440
1241361936618528769
1246528245669023744
1253525562326421506
1265799977374285827
1260712232050143237
1268357506516103173
1238924194269794310
1246935140439334912
1246934389537243145
1244071627215843336
1240387353732096002
1239385123516289025
1270079552115617793
1247993372054339585
1241920179363287040
1240454571564154880
1254186871204261890
1248416814205296643
1242999792873152513
1246247009058684937
1263585936224382977
1253461129151614978
1246095529202929666
1254755680596221953
1247707402893496320
1255522724149186563
1238887884259811331
1239029487238594560
1239207142084751361
1251140728530636802
1252293607886905349
1252398394217127936
1261980151577018368
1242623021455749121
1239328395475005440
1236273542032998405
1240026906315063298
1249824137662603273
1243682399193571328
1250762095119020035
1263167273998704641
1249819351882051585
1238485605094391808
1250876797253713920
1244653225501999105
1260380958693437442
1256645010629570560
1253468858142330886
1253470630198087681
1240499210346168321
1247976786815864832
1240713875441553408
1241960064153460738
1245016296858824713
1237933240075378688
1243003883691130886
1236795713490759681
1259716046795288581
1259535382410125316
1242054009818689543
1243064729897185280
1243934890791493634
1243055277320134656
1242620095274205184
1242794888174993415
1244442827234447361
1249501519315116034
1240036357113892865
1241927876737478658
1238624789121597441
1247138270326251523
1252241247206547457
1235646335086284800
1260783109806657536
1253469967925862405
1249494272795123714
1248999439055888384
1243064192141328385
1247903263405379584
1250461624139427842
1252242563911860232
1239321994874814472
1242703782649253889
1240239016777302022
1255271308050477056
1254053851327541254
1250251097236803584
1247604614855262209
1258187703247687682
1252267973588299782
1254865804236959753
1247915919269036033
1252247377836204033
1265050493572841473
1257653962712416257
1240281642838753282
1238564982796713985
1249819267937247240
1239605879504281603
1246849517674266625
1245749791080026112
1247712191169671168
1252639259057623044
1243193188749361156
1246290133202190341
1238991921055481861
1258049799632412672
1241494196747468801
1238600081114308608
1249849994141741056
1242282267550060546
1237766121748680704
1253373745940574208
1240415390804717568
1248066286279688193
1250863609179185169
1246840419994030080
1258806420776144897
1241026254641475591
1241717461671727104
1251192316154523655
1253105817496231939
1257496651427729408
1237711101942542337
1264911010902601729
1236720581476835335
1254224021299871745
1240070860792356866
1241431110900301824
1241957595201536001
1241922779550756865
1238560498318217218
1236459253881323522
1242892803841175555
1246884660858281985
1236668019528609792
1266481549387726855
1254881156073426944
1245752922064990208
1246272726274318338
1245692466877038592
1240616600354672641
1260380748332351496
1259527385986273281
1237924927874924547
1246294745430855683
1240119212137381889
1245381880746110977
1238071194450092032
1256651315062677510
1247985952448040962
1237914512965210118
1251291743531798529
1244078438710939649
1241232904832856065
1239023504118419459
1269788852035686400
1239953123365527558
1242404139440787456
1241861200167817217
1244340934596341763
1253539160796868609
1262437557532528641
1247695701301231618
1236073842260561920
1258020385343311872
1245831480313614337
1237895128502530051
1240075493896044544
1238483113883381761
1241863898791391237
1253207093420658688
1239339154640642054
1250845754534617090
1245949758470062080
1242465256997130243
1248821583671701504
1237599165682561026
1242267271902478336
1260081180629745671
1260380817823596548
1248970401880948737
1245021103543771136
1237385625499811840
1243064375965093888
1256321573146865664
1238483575168806915
1235619542941958146
1263554343703392257
1238840792485105664
1239944849484320768
1249853958413324289
1239015628457103361
1249179460869541889
1239046387150585862
1252768648432943105
1246229047954341894
1268516161324531713
1240363650751369219
1242606119647875078
1242876248130572290
1238486738424774656
1243193167601696768
1238563039462514696
1248027491203272705
1252342176920428546
1237881186065584131
1246043720342016000
1251576914239782913
1245402931777634305
1264935418430185482
1246293287599771649
1237865838675251201
1238221117338398729
1242243126607122439
1250219125441519617
1247540866933112834
1250168652558630912
1242404401840611328
1237554367550480384
1255870379261911040
1251284423548588042
1247959998178775040
1264419019551113216
1245569551284293632
1245489816583749632
1242214174081548294
1254073273874251776
1245680954577956864
1240286278639288320
1246253047803711488
1261444577296334849
1251392767793733632
1255221622182682625
1238886866054795264
1248055348805632000
1249119195868155906
1242791116447059968
1246444620227190784
1241059527493115908
1246450009521995776
1237024993701253121
1248636008968699904
1256706299154268160
1245563944842022912
1235739515244834816
1240110427826257920
1236776855124000774
1243144346058326017
1261435109389017088
1252035178794414080
1239638829138677760
1245478991827476481
1236069882929782784
1252755066269900800
1252251965322657794
1237803921520934912
1259465261859602432
1237873129327747072
1252231671669235712
1239670286334771203
1252347149653704709
1240244054471987201
1240210513742700544
1239006822486495232
1245020741332078594
1243615511092609024
1242272616741773315
1247886947642527745
1245058721027325952
1260756936905109505
1260756991607267330
1239709541672955904
1242810998475624449
1247851675186008064
1263115493227008002
1250099413831290881
1270123839272488963
1250189397565288453
1255902587234193409
1238528915921973248
1247706607976415237
1238489182701568000
1245561864232337409
1244990132920504321
1260246485205204994
1238787614678933505
1239636840455569409
1255186819622240258
1243140892892037122
1250409462176854018
1247923418575618054
1238624851511869441
1241425644862550016
1238615773024858112
1238804876022480898
1243300914720628737
1251830631916605440
1246657671249477633
1239693082758692865
1254847019857907717
1238845040362913792
1240623915489202176
1244686442896543750
1245460653017620485
1240407699759693828
1242816814926778375
1260756891275321347
1241039547028451329
1240709403512197120
1246237380195082240
1246095025055961092
1237957623418421250
1257432107477073926
1255385433846034432
1243148224149454851
1238074304488706050
1255188124570988546
1237157773479153664
1245644497368666112
1266479778451935233
1239591747828822018
1236093063094771713
1246367777532923911
1262164765926928392
1269099022536630272
1240243382980673536
1249432783199633409
1268214421001768960
1265444947827855361
1251170430611849216
1239342743320702982
1254992589876494336
1258810213332930563
1238483676704444418
1252077576706809857
1240176636068233216
1243558150558580736
1245813280058290179
1248022692671954945
1240810538592014337
1239715849113649153
1248636881589473288
1244381598335844352
1239725424713875456
1241070608567414787
1241096811898601473
1238207947186077696
1245842226699108358
1243195275050733568
1260715867970682886
1243149281340665857
1250177084930109446
1239005443709718529
1245145124868407298
1250430613988847618
1240653930352259072
1248367495607615491
1237920519418269702
1248638212123308035
1242637039612428290
1245478232968790023
1250171549342187522
1238481163402043392
1240501107488706561
1249135016334032896
1247560800027410433
1244336148324982788
1244094236611555328
1244834120603250688
1240147813679464463
1249807865185009664
1238244769287016453
1237923111368110080
1256340639471538178
1239677328311160832
1235725580047441922
1246841774192107522
1242408215545032704
1263273162571161605
1235958873116340228
1260299842783449093
1249675568217567232
1240450206099013634
1243861551209230337
1239637088636751873
1242691393325281282
1246191243954176002
1258034138847809537
1251588248813608962
1238045797511503872
1243559707064905730
1243323618978861057
1241147986413072385
1239933337613078528
1254039729911332865
1241041265988435976
1264638283553832962
1243972601397030913
1245054315342987265
1247592837413249025
1241041776883970054
1245396064754171905
1238568954915848192
1240280263797682176
1255332292823785472
1240177768316514304
1259852751997227008
1260978423591206914
1263549175725260803
1246675880673521664
1237887033063829505
1247576046511296522
1243150624474234880
1238845199109042182
1239717936371249154
1265621527254519814
1258961406197710850
1256696106647465985
1239676107500269569
1242692662274260992
1246354313477316608
1238256079622021120
1254819346096041987
1241316585295564800
1248130222492397568
1243947788087562242
1256615422524260357
1237232341522755584
1262092564712378370
1241334431736102912
1259127183395696641
1257442358360145920
1253287020530728963
1239722070935732232
1259836121917337606
1257494787147681794
1241372950533746691
1246543571915866112
1236790644598878208
1239992937536270337
1239288741967077377
1239289133920632834
1265824405420212225
1257743137306484738
1239272674158936067
1262337315105656832
1247342145364807681
1237803217611829255
1249996286859923457
1243561195803684869
1259835749668716544
1247342665114550272
1240853136790749184
1247341728752943105
1238524767134769152
1238181299556364290
1252594039632863236
1259885520039096322
1260304729822937088
1243341346934607873
1246568491131551744
1247479936383963136
1247875394637832199
1252035847408349184
1238693967153201152
1257988292278181889
1239168571915276288
1239167166341156864
1243671565117665280
1240684728077791234
1238937184754905089
1245311018215059456
1241102910894702592
1250472595927023617
1239287500650274818
1259835924470468608
1250075331152797698
1242238022277648387
1244749467074670596
1259876492315688960
1252978948314710017
1255903687945457664
1243420634274648066
1236707888850251776
1253686692193669121
1250785901594185728
1265479968299114496
1263517493601218563
1250500453189722112
1239980576532238336
1237194455616237568
1239461012480438272
1260952891491332096
1253778681090236421
1243573845661036546
1249818972842864642
1255180655278858240
1237814190519304192
1255220657018806273
1245004053903540224
1242704603738767360
1262497839659319300
1244735084349054976
1256693430270517249
1259988466391298049
1253001516128129024
1260247062140116992
1238886617458380801
1238178028238393345
1248898088472887297
1254864955074998272
1237904954574155776
1241161480407527425
1241181016246628352
1241361844285161474
1239964374371991552
1256363407722323968
1241729231698169858
1246170567662809089
1251530554203353094
1262862064382545925
1245454631548968963
1247911103650291712
1253800670672666626
1254984445288951819
1239587482406203392
1246769295255896064
1240023945480454145
1267065742220034048
1237736140511330305
1247577483672793089
1251979841576058889
1241374653215539200
1245208044033769479
1260244411360989184
1241383329108279296
1267830575454236672
1243065292978294784
1258150141829226500
1262217809918132224
1247476935011323904
1253322196501409797
1260965593961938950
1257082942112911362
1250191414140506112
1242961452513865729
1263273447586742272
1251944799982280713
1246843899903201287
1246285531169935361
1245023313166045184
1258791394539384835
1243918868902563840
1252636536115429377
1259835979579490307
1243967036872589313
1240058359279161344
1246693242596462592
1243184557039529984
1263097390409662464
1244992015458357250
1244237066608750595
1241454786396008451
1259836155979272194
1252047616973639680
1254786924696399872
1239988507344502789
1253357084537651201
1237878420006039554
1242215229448216579
1243951492824018946
1241930100465164289
1243618222571692038
1238528992279478272
1247849882636947468
1244235849425981441
1260280450083434500
1235928861684219905
1239356840686882816
1261003652216623105
1247021281012338688
1250398827816910849
1246446643110699011
1242642653067513856
1247855050359218177
1252637981854359555
1262991158889918464
1243574298566164480
1257051004014641157
1245476684431798272
1245809217359003649
1247983366567268353
1242620953424773126
1245837945732562945
1239017721972559872
1244046595399745537
1241591802374782978
1241850937657958407
1241481847093280774
1242290489778483201
1263286056260116480
1269468290436431872
1267145204198453251
1240016768762077189
1236444829376303104
1251366925981978624
1240103207386447877
1246369622703685638
1237394755190837249
1251317783817785345
1244344560446255106
1255940899986640898
1236534956844888064
1252034997067804672
1252035429529841664
1246922485410467842
1248550200597196800
1245392046699003910
1241764692344872962
1267265232214405121
1244444780156911619
1240708973436612609
1240406249461690368
1247476928501747713
1246446591898157056
1250944701118676992
1263111226281865216
1245076996104884225
1238630912818139136
1248360480525123587
1240442641482907650
1237866676634312704
1261262675851513856
1239033522712608768
1259704039207505921
1259208098129952768
1240403335464865792
1257155549923328001
1238290402278440960
1240406270051565573
1241899458536800257
1244834122360651776
1252497806394343424
1237872548261421058
1247315969501999105
1244717539114000385
1243637372471910401
1243665549105795073
1237206401992228871
1239068904993042433
1258844880887074826
1241857259929579522
1252440266868428802
1239925282133422082
1251587170055401472
1244717795335720966
1239431979399106562
1236707797124952065
1238842288714940418
1245567233809469441
1262837926678933507
1243966176914477057
1259816973476782080
1261724405127929857
1265751056258138114
1262893112365584385
1245785163121987585
1246286346722971648
1260753288032661505
1244880051306455047
1239635670236385302
1247162174042234882
1240444178204680194
1245339567663742976
1237997495097208833
1239990462204829701
1247530008932782080
1251869827859468289
1262481355201490945
1243723538906972161
1253401647692341254
1251655525605007362
1237200029774987264
1254911639582892041
1240859147006021632
1253387863355514886
1238230424385654784
1242292837477167108
1252813627536535552
1242128500489945090
1243024033375047685
1242873016339632130
1240709297886998528
1254857335815630849
1246654337830576129
1239567253051445248
1241379864290250752
1243579707918094338
1267864899700621314
1255145673311150081
1243310280333017096
1269320124902891521
1239045401371688960
1245168093330059265
1238314315981164550
1248054410002993152
1266455158311043074
1251915803873722371
1260757056572751876
1246566518806192130
1243542427060908036
1237194977140146176
1240785276303298562
1243691973514539008
1243970572922519553
1239716151648796673
1237193847085699072
1240652449783971840
1242567793893085185
1238480391016759306
1252637262506049536
1248592592100560896
1251531591236665349
1236898004784893953
1260708183733161986
1240056875644784640
1240657557867429888
1256698830055145473
1266354755548459008
1242458755809398786
1236435318183690242
1239030610678755328
1236097161395306496
1261025356057903115
1242121890107404289
1239461843338485760
1240446707554451456
1238047655449763840
1254799588957003776
1248661867653926918
1241978927221964800
1240845588238946304
1240540303964151808
1241180432852533248
1241039383802851329
1248509662485524489
1238630639378804738
1267504134825086977
1250854724359852038
1259835849778384899
1259835885526360067
1239717861565911040
1238840754530856961
1241831396261462016
1255352631112982528
1250944745884528647
1249400512929300482
1241761989225066496
1253691729930334210
1253090220796514305
1245916881350885380
1240059659739975681
1238247037956734980
1248918932922212353
1246234285750857730
1250874813595426821
1252638987103150083
1252937382908907521
1235513942904057859
1240439919635582977
1256777030533820424
1242906339426402306
1247858763920482310
1238205531480711168
1249486460803330048
1236725635273367562
1243923954017894400
1245489767627853824
1239919143073316867
1262879206343573504
1243559266243526662
1241072240327823369
1263937538856640512
1238978760243924996
1245565650791170048
1243693425410682880
1260330894004535297
1241072481009623044
1246292719540097024
1251965688731906049
1264258381692485633
1250847717879885831
1238993423119585281
1239016131249221632
1253131949834674183
1250843896160178176
1240109400167190528
1239013313423515649
1240406760491552768
1254191141626486784
1262745163224375303
1238120536158490624
1240324320733396993
1260225698108788737
1239934166076133378
1247341814929068043
1243556576025346054
1253084222299963393
1267190532926779392
1247774473505234946
1240352250549153793
1242460023877505024
1253082218735362048
1244709108357496832
1248820069175570433
1256322053646323712
1268647484550717443
1250414113320251395
1240488963107966977
1243718397529141251
1247687848888803328
1253091533638832130
1245706778987433984
1237203088135643138
1260224881167392769
1245694045088874496
1268956905088696323
1247931751386808321
1261127840441012224
1236351558784253952
1239031238318571521
1245667612186546176
1240058117691506688
1250850713653186561
1245358517378260992
1248153204904386560
1241587116057997313
1242568337969872897
1241850271304744960
1241161974865637376
1238175250929668097
1255220697187655687
1252790538484486146
1262826586509844481
1239795395074670592
1235212720821145600
1249085477510135815
1244442860000366592
1259578545053057026
1255954492912275456
1250222364513746947
1246470873491660801
1246891527370088448
1247360824764661761
1247361732395352069
1238574198903234560
1265729037466505219
1241377572857970688
1240109857832910848
1251300600584843264
1252715065209470982
1247935856717021186
1244479846580989952
1258020433905045504
1262058686928863232
1238190814234382336
1255585943219773440
1238839911442264064
1245409183542976512
1238976477057736704
1258510419779436544
1254422350642188294
1241845830019158019
1237206920378945536
1245397798104838144
1266447227477725189
1260331438198730752
1250569150935830530
1240648758716751872
1238119434478387201
1241374424303091712
1259688333116129280
1250175730299949057
1244096849226629121
1235241418177814534
1240542637121306625
1237194143295774720
1247201036839895045
1255490738734972929
1237736125546090501
1240861162616520704
1246460307712720901
1240996897709572096
1237791184304685057
1238541540177444865
1242457603231354886
1257497749328736261
1240483822392823809
1263488281842528258
1266449262176612360
1238479486611599361
1241724791066955778
1255202431207649284
1251322092865323010
1240480743169671168
1237600109111590914
1264728187596136450
1243997511263584256
1238151843437518859
1247936301497712643
1246048668668567552
1251180249523650561
1246829231344140291
1239992584493305857
1243663608271319040
1244383048881377288
1244242435993210880
1237560974749491202
1251300513401974784
1261129044025921537
1244171048880353281
1245670758451490817
1241036383793360897
1238582230596886528
1241489016815484928
1243149600724324353
1261298694126817282
1259228616061321220
1243609002262401024
1238541585945694209
1239275351454302209
1237381855109951490
1251220820581638145
1237792508282843137
1240017266856595458
1242260339443580935
1243995316828999680
1264857299199373319
1261311438825697286
1264373793885237249
1238117497112596483
1245564562289692673
1240540363225522176
1251889323672297474
1250528049604550656
1250435319498821640
1235567427691237377
1238840975600103431
1250570018145910785
1247893885709246469
1238538880296595456
1239279799606149120
1242461963671740416
1254519015575367688
1237906385704235009
1240102812408823810
1243989943376019456
1261025021473980419
1244304832640540681
1237732780303437824
1239141292724060160
1247553350964580360
1239030739624177664
1252433220445933571
1244991893978714112
1259224836452175872
1240784584159223814
1263099833964888065
1243669959135420416
1237562341715111936
1240710107954110464
1240315105688117249
1255950540141461505
1238161733379715073
1258401516907462661
1256046391333453824
1238581196138975233
1257888619123167239
1250887913719685126
1243542376213250048
1244619603864625152
1243967581528227841
1241068112725905409
1245095168921010176
1238480971370057729
1242180240836886528
1260966442645757953
1262338741705805824
1254896598770946051
1254896959262986240
1245860228052045824
1238527285378134018
1263919189095583744
1245353112593932289
1237938974716461056
1252968719128674305
1245677808359288834
1236023152909717510
1249438523289190402
1247910173496217601
1243204134335021056
1240071765008756736
1254936278644199424
1243919151061774336
1243603176068128769
1251275598175121414
1241073393417490439
1239895091612975104
1237201153693290497
1265476397461647360
1239932174608011266
1240855155404349441
1241071138610065408
1265402495234453509
1237933456363003906
1255909957008056322
1261132396340170752
1237906924403818497
1246594150478286849
1262919471611641858
1247001931907837955
1244897202809589765
1237990000966471681
1265278863967313924
1238162200029794305
1259975511230615552
1251275062210170884
1240785488530866176
1255574824723849216
1251324622496321537
1247496055194890240
1243756239949103104
1237842863183949825
1242992330971459584
1243353880345354240
1237909038656040960
1245558314898993153
1243192499830763523
1260370632656728065
1238160411389833222
1263618103637938177
1238190023327068161
1244300402474049536
1245499200915279872
1241471451359850504
1270333236439330819
1240103832434159618
1255940743719456771
1262227711646261250
1246531220009373696
1243113758664413185
1240860910215999488
1238226954492547078
1238244901806116865
1238145446050246659
1240856814897545218
1238160239716896768
1240780102390120449
1240782325748809730
1261024916297650176
1244331944621617154
1255585534463881217
1238859205119021057
1241169106340061185
1244328372244754432
1247494934162223106
1265477760492986369
1239311597547511808
1243203894982959105
1246044375920107521
1251278109573296129
1262166141029560320
1244333792485085186
1250530787759456257
1239308142112124931
1243346701521424387
1254209760091680769
1243015046621532161
1238979832945561600
1243748420763951106
1261505413519900672
1237972689173823489
1261118459783655424
1244874922876375040
1241603736230821888
1237906530298736643
1243204816890933248
1252580947830157312
1237736133838200833
1244747155933454342
1250383309626097666
1242310239648722946
1242310657967632384
1240692902952448002
1244462085662289920
1245184747334238208
1237939290426007552
1263140489714446337
1238809858696232961
1237940634729746432
1237905488119058434
1237736136111460353
1238243590477881344
1253278979680854019
1239280995926519808
1246637003329994752
1244617295743389697
1239498286635061248
1245672170900074496
1252723432107712518
1243751618505584640
1243535777671380992
1240694648487604224
1246080306748293120
1270555138802028544
1237556415935336452
1243644490524524545
1245354743557492738
1238148831314878464
1244458883294396416
1245475098401878023
1239282548506791937
1254816379569688576
1248334673865879552
1241969553103638529
1244729656525434881
1256750624248602624
1243646113330020352
1238398724595908609
1241439922483011588
1244457969791746055
1242262055505321990
1243645326004641792
1245410493881335808
1244459310052028418
1241093496691441664
1252582936819499008
1237736127240470529
1237736142608490496
1265661011748683777
1248233943691821060
1255458490237190145
1245359218565283850
1236306661800849408
1243646192103370756
1241147370999554050
1241094026889252865
1242142597092704257
1237736141660487680
1268194502281437185
1238548503237926919
1248563863747989504
1256232480316801038
1244732801007534080
1237034400254251008
1252584938806874112
1242266694996955136
1245475116349296640
1243591797475020802
1242260076292984833
1243593368732647424
1237545137971933184
1245470888616767492
1243645735347896321
1262825148404678657
1238550340829675521
1245360796126924800
1238811733478772736
1259473176377151488
1239311957561393153
1256619216985296897
1237460268571115523
1237460998702989313
1245361437175840769
1263893241025478658
1237731428307271681
1249826516571246597
1256814088912539649
1238126241426874369
1237992977848340480
1237543552348897282
1257310041608085505
1260730776691322881
1246111176129499138
1237544671972220940
1256580894900531204
1238547614250999811
1244757484469997575
1237541369377214464
1244756865441030145
1238552331777605633
1257306556892209162
1261714751878545416
1246111711045857281
1238128781551906816
1261829706036523009
1238547416300826624
1245762269033779201
1248334407821340672
1261080887262937089
1253806425077428226
1245758703028011010
1251360392850309121
1261077972766908416
