1243742734504071168
1258409981654847495
1246391638378909697
1257789804948983809
1252567496605020160
1239755250199941120
1246556908275871746
1256058152082190342
1245728099775451136
1251839653533057025
1243377260985450497
1256412928296837121
1241208449502937088
1237970313406808066
1264235240236756997
1240138727760035846
1252664865761767425
1243366599924412416
1242505108262457345
1244031373897236480
1244079686394818563
1254154882917044226
1243887981989179393
1243128816433758208
1238725867653783554
1243880067807272961
1240596426272444416
1264672794266210309
1246213772794040321
1236375263656763393
1255277396409962496
1255803863900262400
1238861948004990976
1252663505112760320
1238218659887185922
1243585651729104898
1255168221717696512
1251451227847766016
1242550661234995201
1237052525343395842
1243355538961948675
1252663504277995520
1256902856864645126
1240953219481731072
1240872380332945409
1237573990169763840
1247677425737175041
1242989201366360064
1239210558043435013
1243661395188645891
1241540689319649280
1239741022718083073
1246811441686085633
1269304692502409217
1235591271466467328
1255165415585611777
1245112376585830401
1245433576671399936
1238589993955852296
1239198879469486081
1265264929403211778
1247371570995134464
1248937962605367296
1239961802097725440
1241394267832160261
1237851227100049409
1236514458941431809
1259496228133449728
1248016900598009856
1247116366227922945
1238464767192371200
1241121552558669826
1253049500488392706
1237722526555557891
1250573452601327617
1249835855251935244
1245101545261277184
1247229739653267457
1245099457743663106
1255475262923431936
1242596423092363271
1251563338011676676
1246183760611115008
1237079868271140866
1252609037289603073
1256946716928028673
1254714398196801539
1240773111013953536
1245122079999045632
1250959184759336960
1239743174844833793
1245772898389954562
1255226441693892609
1241839501170933763
1251833627576610816
1255316839766413315
1240640935958138880
1238323172472246273
1242662450463420418
1258071880109613056
1250814020086575104
1244994432681811969
1249759902467227649
1242505953867632641
1242338330441900035
1234933939845947393
1258949062201683968
1235532766487310337
1241679062722121729
1258041045574656002
1247968262262067200
1244675710154944514
1264681274905628672
1244269278498631680
1243878360155111424
1257827834774634497
1239758064779177984
1251114215924006913
1253118025487835136
1238820827333906433
1244366809404452872
1238653604434714624
1247258001251147776
1241085778169561088
1245773904737689601
1238308244076060672
1243385193412493313
1249412463960997889
1260337208583696384
1265221972012793857
1239858635435630592
1243306592155717632
1247502262748024833
1244633305745629185
1241105984006828032
1247260707848179719
1237830142573121536
1249693427517849600
1246091870058528770
1242213753501945857
1249128209783930881
1242574485519245312
1249846672169086980
1253428918691917825
1241107695052165122
1250069473375158275
1242275169634222081
1259502472621588480
1245861881304080385
1258930077884178435
1246876746919657472
1237149946148683779
1241475868377169930
1241011855272955904
1242786415030779904
1263998206037430274
1240195574076407808
1245161988411588608
1239386647147446272
1254198453212721154
1244941238387855360
1265020223301844999
1239689256584581120
1240529980121124864
1237053327357116420
1261280903315066886
1242113169960644614
1265222736886018048
1246949700739174401
1251834861930848256
1243233239168319490
1246127623450824706
1261353698254417920
1244119000826642432
1238452100734091264
1256243330175950850
1243726707548401664
1240184634689966080
1238301868977201153
1242373649769943041
1254957913040465921
1240288837051600896
1247121322901110784
1249053150117593089
1241128364141940736
1235344309702004740
1265359176143966208
1262081453480972289
1241475985834418188
1246578187343101952
1238362328132878337
1250804389108944896
1248012401712091137
1243236594427011078
1265090677085474821
1244025100040634368
1262674560735993857
1249840468432752640
1236377860807458818
1258849663907762178
1260932939795230724
1262685175110139905
1248293956485550080
1237040904839598080
1242337921513992193
1247464754236608512
1249763189744689152
1239614401818263558
1255295158658228225
1246401469907165185
1256072621264961537
1246400516814487552
1241046634399772674
1252309443057983495
1270336275132923904
1253343908207235079
1263224208546508800
1242534752747470849
1253382052378017793
1238968445548539904
1246243971489320960
1260932388604932096
1244634210834558978
1251769942074146823
1255233867759456259
1242377030727077888
1263106281172156416
1242111094413504518
1244122521844269061
1242166730832646145
1247244712806932482
1268371272431398915
1242322172233895937
1254443048618131463
1244391350138740736
1263637183312920582
1244025113512738817
1245433882956234754
1239653744310194186
1240973196758745089
1247167911896043520
1236783199491174412
1266796268795371520
1249810384376168449
1268786697942286336
1235747090438946823
1242819739858198529
1239318287558770690
1254956777034129409
1261533056164401153
1245852718582857728
1235697271041228802
1254928922703208448
1248316491403087877
1257639689990868992
1254057087291752450
1250935144778805255
1242551512435433472
1238893157779156995
1242661558901182464
1247569486812794886
1241538639869415431
1243356588062035969
1243324332300009474
1237418750208548866
1242134481491779584
1254442390712180736
1245650494887825409
1258794895566876673
1241827785448054785
1243163671867658242
1244960356805402624
1239579765260115976
1238301180062773249
1245739198235230214
1250370621600608256
1262416056834043904
1237360082180022277
1249664339352715269
1237467515506302977
1249664492587429889
1269810540102254593
1242779875548823553
1257746439612088323
1255254929758982144
1250392252553342977
1245868278808899584
1251563779751645191
1247505837716799489
1250897902203015168
1241133368139567105
1247528266786689024
1255316429534003200
1242668781018714114
1242427248780738561
1238278355407065089
1245886081070960645
1246652000634392581
1249516113920229376
1256784906358841345
1242206959388045316
1250479656299638789
1255533829231689729
1248648339102617600
1250834438650507273
1252664808471695366
1237784187882668032
1245541171511861248
1257089724163993602
1251830270845751297
1240719528138604546
1255255617108873217
1243868936204095488
1244359313335951370
1258913320859586564
1239201283178930177
1247281145047330818
1245329078128906241
1266369879801651205
1238592945680519168
1266989139506970640
1239333314881822722
1240297829869989888
1240950192008028160
1240949856467853312
1260605286060089347
1259921937872060416
1265219180585943045
1264310226976677895
1265352670795173889
1250809617522872329
1238796541122535425
1251562814256427010
1244014436752465921
1251564349480632323
1251513681172746243
1246142438638604290
1263558512988356616
1246950203925704706
1253071663769452549
1259871168317853696
1245762594729857030
1237442726133669890
1242769146426863616
1243744070834499586
1248696888079134720
1236283793675255808
1245043396370149377
1244086045932732417
1253672427672002561
1238266886237966336
1244220499460272130
1238825741585911809
1241596309406179328
1237890287684354049
1258501129324896264
1265323515017859082
1245135140734537733
1242594676097658881
1261337008083013637
1258515178523516928
1237043604046188549
1248973825460633603
1239334486791327744
1251449053738647553
1235772644861059073
1241296494705217537
1246513349036322817
1249665228742287360
1240634060805935105
1237568677198741506
1244268132740595712
1240186648526303232
1251207142188756992
1248322694585749504
1248571733608738817
1246187572910608384
1238268252092018689
1236526520652496897
1251897717778980864
1241246431534559232
1244425619951230976
1258756021268480001
1242090511743299585
1237613725722394630
1252088800974692352
1244575244767105024
1238653263290998785
1243382612116131842
1237150301855141891
1254286281498075142
1266202221362008065
1249497709817606150
1245547638046498817
1239898793518272512
1242543287325667330
1246521330138320896
1240809089510277120
1237405360677433344
1240419992350470144
1258520755941240833
1255196344026902528
1244760965771669505
1253268668257054721
1249525800392679424
1255531826069766151
1249835828471377920
1253413505878749184
1250455927519666177
1239371981503553539
1263780969041080320
1255867192186474496
1240298504666349570
1256311328085381120
1240834624202387458
1250806855909212160
1242166043612786688
1241745850163920898
1246131720417656832
1257063010482499586
1249680939300663298
1240878179751006209
1237453684436602881
1252817627744886791
1246901745416052737
1262388331301789703
1237406161894326273
1251996862812430336
1261402597501448195
1252743047806365697
1239933928053637125
1252213974482980865
1250029324515901441
1256635993475756034
1244376197972332545
1239388429701517312
1244110707626565632
1253094983084789764
1242952372734877696
1240069499908493314
1242930451871928322
1247283125434056712
1235634927497965569
1237360070087921665
1238510066472493057
1253313025379098624
1239300146564861964
1239662744397324290
1260537358602166273
1255818436732649474
1264576725519826944
1254115737603538944
1244414976896491521
1241877573585580032
1242549415853862914
1245193677183635456
1250743423432351744
1250427279705911296
1246751824130068480
1238234840333418499
1244975247146639366
1252798262949617665
1254255072491569152
1247515251249229824
1244893005422657536
1240123107416948737
1244260460377096192
1241681800218447872
1253124695207161857
1255598779295830022
1262758909170737152
1255597125305499648
1239392569416732675
1239748582372192256
1261649632674877441
1237360093030580227
1238153577006333952
1250549123264253953
1255098501064724480
1238582825802174464
1239942084783718403
1247333990069080064
1237746884715909120
1268374642353418240
1251140479007232002
1235947650979069952
1239614875665666048
1247476487948767233
1253141739096899585
1239365833283043329
1236224934835339265
1240852545721040897
1238560111603462144
1240726005742010376
1244028503152091137
1242232607083020288
1251194191801208832
1246182043257655296
1242556914720006150
1244394751790657537
1250518901517103105
1245581838422126592
1256982583016960001
1244886169571246085
1252800755368636416
1238642129490018306
1237435624791191552
1248934891640754177
1245176593699540993
1250624729834274817
1240437522896953344
1245353999508930560
1246124205994913793
1238686354579611648
1251137454515654658
1251496404872237056
1263822683218812928
1263813060197834752
1249853034659745797
1241506904175783936
1237327330349113346
1250272677488549892
1241579081885515777
1241579220284866560
1243127046416596994
1256363239199383552
1238108499370029056
1238294069522116614
1253444791448350722
1253907846389006337
1242201184691257350
1259511385551187978
1247339007454953473
1239288877262819329
1247215657986535426
1242203138855178243
1240794491352727558
1241788195697840134
1240414498437189632
1252701168737927168
1246436681017933825
1266484023976759301
1256268689336414208
1237921342386769960
1250643704152502272
1264527457857781761
1240411340805754880
1244961178612371456
1248930697462587398
1238179344608047111
1245121718877913088
1242044350747627522
1244478938384039938
1239758551184261120
1265066817694941184
1240235707572109314
1242396357308166146
1243139843653283841
1255138829620543488
1235327876582563847
1266564208847699970
1241783975921803265
1243223570312056833
1244076377957191680
1244295689431068672
1240803408510140416
1235722848833949696
1247329391824310272
1255172829500387328
1251201745407090689
1238563232606019590
1254413474383515649
1248595164135927808
1250766822586097664
1245727834435436544
1255840117534711808
1253779418327273472
1259255466624004099
1255136854032085000
1263574021171527692
1237124718974689280
1242919281723092995
1263474865249693699
1257266808333180928
1253500463573499905
1255269136768303104
1246440693805076485
1245836097705463811
1254728083124424704
1241928303629545472
1243191383608954882
1248765426877767681
1237445800084623360
1252260517265235973
1240116657881862144
1255898165032767499
1242184432209088514
1238605088480002049
1244973913672736768
1244284943234195456
1257720553890332673
1242884386103664646
1238601937479753731
1240412555631382531
1258741967590174720
1238527002061176832
1252293377888059392
1252611989437927427
1254973572709318658
1246272602244550656
1244255710499782656
1247563653714522117
1240138676925071364
1239666389738295297
1240674926346018819
1256336361411362816
1241223562985385984
1244408403268718594
1251821682936950785
1238075247049367552
1248695239809826818
1240493829859483653
1261966799492571136
1237098935396818944
1244407537107193858
1240991786094469121
1237124947073474563
1257126098111991813
1240086340089372672
1237521957643419651
1258167934024851459
1240470765482455040
1239229099987607552
1251140657084678144
1256690571969732614
1235340671969619968
1269818336210190337
1255188152182083592
1243389394121191430
1249437578060869634
1242628903723827202
1253894040229208064
1241344627812315136
1251138253656391680
1238920061777326080
1247332635912867845
1245791437788270593
1266859873804959745
1251200743488487427
1243286128087707653
1262902863916826639
1247594060438740992
1236817780349042688
1260406462863626242
1252257575971819522
1239514343395545089
1264895380380147715
1265653171260702721
1238251064102735872
1252373303387275266
1260700027300843525
1262369050212122628
1249868392342962177
1239387922832515079
1270115208531447811
1238234526087884803
1250987126675644416
1247217751011319814
1236520505571753984
1253468220620767245
1241184502300491782
1240087854920937473
1238523258389041152
1260928043989774341
1264867035357630464
1242229733431050242
1242850198633807885
1236910411355688961
1235254839225077772
1237421793201324032
1245882732397412359
1267079202664300548
1249367435293097990
1244738339648962575
1250901687553966082
1247596018461540352
1255501341935448068
1237360075754418177
1264382630973378560
1244699915953078277
1250689728011214848
1248770273152819207
1246756241323503616
1240118432798040065
1244825784193150977
1247576500691521540
1242403561230696448
1248996603647668230
1243965408715190272
1253410082433323010
1250364332766003201
1256690988271177728
1241930611381673987
1245946419502026752
1260366345604136968
1246455872718503941
1246040652728713216
1245511459167244288
1263482931982544896
1256795246379388928
1255334090997403648
1240086337857949702
1247696795456675841
1268167152936370178
1258404258359267328
1239548025070145536
1245496673029304320
1245796181420187648
1263228865964584960
1254392221874499584
1257985762374619136
1245907650983989250
1248759914606006274
1265768169152696320
1247536792628166659
1243677373104558080
1240448514724937729
1249531713404964864
1262096592254967808
1240589257821097984
1239225988866850821
1265111726355251201
1255523768769941504
1246297355730792448
1238523484269170689
1237120275680034817
1251634121446756352
1253369343036895232
1254013455381692417
1241136917535744006
1262498464577007617
1268166188657410048
1255129523932278784
1237083119456526337
1237358053961412609
1261272355080454144
1246518277960073217
1236704621852332033
1255500096415899649
1245454997267062786
1242889541855457281
1264619781837279233
1236348505930846208
1243933704457682945
1254221730966646784
1244823305993048066
1239919281502117889
1246817948897030146
1245552239512629250
1249823599302672384
1265192051567665152
1263224606783143938
1262764456653791233
1242889386410348552
1254811822525485061
1260284731779735552
1246944458517741569
1255860073999499270
1235609581130117121
1244712241829683201
1241857883882610695
1238543193005834250
1238835318410956801
1249728711097823233
1250248624317087745
1254781948238548993
1260385070097010688
1255816539246333952
1239981852204642307
1258437972996874240
1254113296975831041
1270155785297936385
1250845998596919298
1244034834646863873
1251294882200772608
1246739894057263105
1246763898503680000
1251977682700697601
1266437759968952320
1249854081822273538
1256290188768227335
1238388514816958464
1240018413151453189
1248082125313716224
1236709586436075521
1247740878585835520
1244340469615808518
1242398341847269382
1259516311945859074
1252143746722009088
1244405294018560002
1236350063468777474
1247693013272403969
1251324350441164800
1246276506298527748
1254819480741597191
1249477405544235009
1241172160804261889
1238231941817794560
1244004264130871296
1238786458204471298
1239832366501240832
1246553560143323137
1238078556258873347
1262041039927468034
1243615834263695361
1242389375159341056
1248927616217669634
1266560153731641344
1244920933401403392
1246246306689007618
1238254363933540352
1246619251001249799
1256422997243637761
1237234019034697728
1244248890783813632
1245234811821871111
1260939008261193728
1244385863435517954
1249878387465900032
1241763630540115971
1249823504989655044
1242128140010389504
1247002479759368197
1243295953047752706
1246012150272966656
1237919432137158658
1237549544964902915
1267863682664497157
1251317533774352387
1251986725410410496
1261091566187425794
1261098624081108992
1243633967380783104
1241846790321733634
1245703985081835523
1251980674074058753
1241060707078209539
1263769186674913281
1248611657200230402
1247315644779028480
1248969787654496256
1238881069543428096
1237845788522188800
1237920432965267456
1253137705287942150
1242117788170403842
1249850753092632578
1243348538517487620
1242226550877106176
1246236042342150146
1253869505790566402
1246253453493624832
1268342233381711876
1238628484710313990
1235646230614757376
1269315832598929408
1245677528766873601
1253320705803943936
1264301072203603968
1258404597485486081
1240813967284592641
1257612833006723075
1238692765682274311
1240549286741528576
1246840014014754819
1245839319014813696
1264379576660242433
1239287913004892162
1252124170642751489
1244747594787704833
1238542446117687298
1241845088487170050
1248050558663098370
1270152483399229441
1265257937834033152
1260916753833570304
1263990350911344642
1247553041961816064
1242173785874276352
1245555378080960521
1252697558830526466
1240843461772947456
1248930173535301632
1237313100040331264
1240626965087993856
1244009541701971970
1237869542547709954
1245150333342547969
1238626939658735617
1243352698860326913
1243750482750910466
1252504139399135232
1257105976991387648
1238861472622616577
1242295710596378624
1243968977690337281
1250589401706565632
1243563146700357633
1250223578563448832
1256047879359250433
1248809662574723073
1242116195287007241
1266112533221519361
1244490037120598016
1244100384991383557
1262477309803745282
1263532535235166214
1249652363406827521
1254190737740173316
1247706928630902784
1239013105826443264
1239794602305097728
1252125808908537856
1247541365258350593
1246769229556338689
1249873564444082176
1235421889838886913
1254800281788919808
1241850241311215616
1244008559727214592
1240318520786915329
1246229022285144067
1236433043042205696
1259829545127088128
1248020047009726464
1245465124560941061
1249676990824710144
1254799832545472515
1257082524989341696
1260716895361269761
1266421421200343044
1242562755628015616
1253395051792785414
1243569780411510786
1255048865562144770
1239934410604056577
1238225357674811393
1242621125378613248
1253301589139480577
1256570954366554113
1254190497154949120
1251733475184513024
1253409894985723905
1243345331007426561
1243203524973993985
1245704081898901504
1236745622524477442
1240157119397101568
1243477506486947841
1243117142226190336
1252030543606296576
1238519968393814016
1240648309422907392
1244345731462422530
1254721183280435200
1243190382684450816
1239218504819265539
1254898084703801344
1251264706825850880
1250409864607793152
1262957416683110400
1240450347384143873
1256571887427207170
1247155824738349056
1265529624836157441
1250884024064761874
1255654936316186624
1236146895661211648
1250111858490642433
1257671559558369280
1238246871375712259
1238251575484825602
1263998655310303239
1245675950781726720
1250223195166294017
1237385720815386626
1246920482445762563
1244985409651847168
1250191252051628032
1258926978092195840
1246545517074579457
1255179193035509760
1241364638693982209
1242118480100569089
1238499916630065152
1251083296689328129
1250154334471544832
1240673718554300424
1249847719046365186
1245203710608801792
1252476859729809410
1241972677167939585
1270545246087151616
1240247971087867904
1243805543988412417
1246837840031481856
1244383164828717057
1261245118092398597
1241363669893763078
1254259555925622784
1253274485349928960
1240145486021042176
1245504305362341888
1246967640507256833
1257397278916128768
1260348958427283457
1242600187748630528
1264404270054543361
1254858031990362112
1237203495058575363
1261623118600318977
1243819658400149505
1238293901448019975
1245845418748985345
1239984117518872576
1240323518857908224
1236439041597472768
1244009538245754881
1250886537073623040
1251280742270861319
1253623238778916864
1238191760519704579
1238072076818317313
1240120322633994242
1246305036671619072
1252476054113005568
1262335683563343872
1255455510570184705
1260332022721064961
1245167541976211457
1258185972702941186
1238815152251830272
1238072776554090497
1257398795186442243
1246466918359367682
1236351746047442944
1240228606921539584
1238343089368031232
1251117562651426816
1247042290041962496
1247293102504783872
1241376981633114114
1238178468308946946
1256170291463585795
1251275526955765762
1250151993039097859
1260660369090985985
1262212332324880384
1251263664864231424
1241379028642271233
1238850017928101891
1250151518440951808
1251831336987492352
1245686122623176704
1270396293425364998
1236763453467037696
1256047325371301888
1257868904858255361
1236852998430744577
1239176255502761984
1241162182932430848
1241157986598322176
1269276373358718981
1246469362560761858
1238979178038472715
1240645683381764096
1250527697568174092
1243962649924308993
1252967613203918848
1245683249751392257
1243180708815933442
1246406209919467520
1245170083774763013
1255140374789554177
1258037340519501824
1246593485760847872
1235567166310752256
1240369006705606664
1260918328719224835
1253088624146624512
1238523625772326914
1243918052187607041
1255145443115151361
1249709682131898368
1252582341681299457
1259635373321437185
1255573045810520064
1239175130871365632
1252005362342952963
1252050180444209153
1255146600436862979
1236311880395902981
1247491807560302592
1259483283076919296
1247911042866438144
1259630257973481474
1251323809011032070
1250547006092820487
1247237178310213632
1244615950550405120
1242057465706971138
1244328058133319680
1241436827447328770
1242061370004250626
1264191255283666944
1243353496390455296
1243353372780048385
1244462232722911232
1257355124239929350
1253298863659761672
1238145863974821888
1258036131565887489
1249825205549219860
1240313490830745601
1242182805150367754
1253087349250109446
1257140531114754049
1246634128734289920
1252723818633793537
1256998184720699394
1242332067058384896
1243349794900398080
1239424525286215681
1235276818229473281
1248707565359452163
1242330341500649475
1249828426082590720
1249641478051201025
1241078139301789697
1253731212423725056
1236359069348347904
1235276663954575362
1242997093742137345
1246985076304420864
1234924692814880774
1237544326046953474
1258364121445261312
1257310050130878465
1252583878021320704
1241753014509228033
1249194448724131840
1258096093331685377
1241054179952648194
1242265649726005254
1257313499820118023
1258093427582996484
1243641498605846534
1245755622768939017
1237033956312264705
1248233403117420553
1261082093536382976
