1242325466234507264
1247643607223263232
1242558808536133634
1240518188804100096
1238305733986250761
1245130994811719680
1244057420394934273
1242595095439740928
1238219695234281473
1241205235697115136
1260948682435772416
1240822142893088770
1261688176235536386
1247682725290504193
1234983885030584322
1245102310121857038
1237077597013430274
1237073930583560192
1251666253871058944
1235745509295308801
1253551834066649089
1243334048409214978
1249599544477679620
1245127672528695296
1242589938224205824
1252687971280490501
1254430855205801985
1250907152119545856
1254151172249640965
1261835206530482176
1255227640086175745
1241537265794351105
1253556470722908160
1238169024497741825
1238041285979594752
1268749913640206336
1235625046384603137
1238500577274781698
1244090379172900864
1257118759287832576
1241706588009721858
1261906027299000325
1247244965790355456
1249379781830828032
1253552477858750466
1241540785641631745
1240128201038405634
1238267818119847936
1241811621820813312
1248869077155606529
1242277457538863105
1236916287839694850
1263121904132472837
1253550871104778240
1236048171983228928
1253862338182045696
1265860277053997059
1246879317914570752
1238131005963120640
1253415433622810631
1236376062780571648
1252565470495952896
1239742312269279233
1244778188074405888
1239651646025510914
1256395842455400450
1241784349562818561
1242274102188048384
1245130391700160512
1236423408851636224
1255320655815458819
1255336896508592128
1249457213241884672
1240748277831630850
1248400033881284608
1241384023881945089
1240121785544212482
1257394789596741632
1244060797728198657
1242326733241516037
1241795367764557824
1261353111576182784
1240473239324774403
1236469625463943168
1255318997563846658
1238972124095750145
1241711871297589248
1236393000554516481
1248014350670917633
1242152068392964099
1252670862131515392
1236503209042038785
1247867714384748544
1246511508864958464
1243428939676016640
1235075073821663232
1254809934966820865
1240126966356983811
1242324002640515072
1244843429676212224
1238294793739857920
1242972316658622465
1243776812678656004
1240125218103885825
1240733785970237440
1261467761621884929
1238239581335457794
1244806539027701761
1239998662194819072
1243624021721255945
1244776081111928832
1235768392474296322
1254197072921690112
1244028464987951109
1237534165211312128
1239003206446800902
1241133882637864960
1254481067706212357
1266828819798716417
1236011691449569280
1240559489033461766
1246523993378578432
1242323699769823232
1240394836039041024
1240063660942229504
1248353206205165568
1246701519010795520
1242548568323313664
1260292440096817152
1239649471190859776
1241129757112020994
1262912501039185923
1251242627258707968
1240590855380992000
1241623303707430912
1239731264640311298
1259966637865754624
1241612925355220992
1241963915711401985
1236813459066482688
1270183637699276800
1248758682067722240
1255654125519306753
1248595485952073731
1241432090991677441
1245201244576071681
1253419051616882690
1240015889069559808
1243404197652881408
1248071911063478273
1237477746617364481
1253054309895303168
1242581495539064833
1247801434688475137
1236106519080349696
1235671353149157376
1241433424520339456
1246931546763751424
1263745004557623296
1253449704668463105
1265830333657669636
1242240534896193538
1238133261668356096
1234986853603741696
1236861956822196225
1257750058981658629
1246292697112969217
1241432749266763776
1239057639113252864
1250259818004111360
1252336405948231686
1239079171902435328
1266741281063006208
1253016061839990784
1253064166828462080
1239761030428807172
1245459107416440832
1246870010619777024
1236113645324533760
1236498723657531393
1236767567777153024
1235778450679640064
1266534656976883713
1243979733366263808
1238877893352026112
1240815064023621634
1242203780961030144
1236101234769063937
1253375704701349888
1239056223019778048
1236549865410191360
1235779305206099968
1249429744849801216
1250613860299689984
1264090170350952449
1242138269799739402
1244539208972111872
1244077670758928385
1266971097095794690
1254312050500632577
1236102567978889216
1253484888050642946
1249428707220979714
1253696974370430978
1252125104500117504
1238254182139924480
1243433019634888706
1240446441832603648
1264932299520438273
1239322080119668736
1246591062988079104
1238181838281007105
1246881801156440064
1241793992850698241
1246577186238132224
1249165850311118852
1263259357489229825
1246642680286695424
1241262030562004993
1240727204486475776
1239055846853632000
1245532955310620672
1244858891491401728
1259591524188184576
1244779169415753729
1253469064539725825
1236400911439687680
1241179888079351809
1268624225499115520
1243345709568413698
1241930932749131778
1253133016362151936
1249555041473531908
1240122259769110529
1246870461432004616
1243717741430759425
1254560143263428610
1235955695981228034
1249434131642978304
1244103136383401986
1238180481151057921
1239938444643594242
1248809903516311552
1236550618530983936
1236477179279499264
1236119217570590720
1265081964102479875
1240018715778797568
1254926482960343040
1236901912923930624
1252003287450222598
1238115142656614402
1245580459926413312
1258395161492480001
1257042538852044800
1265469526361010176
1240548846188412934
1240111062927568897
1243948308550189057
1254538101931667461
1253197962655592448
1244901200333402112
1241181722357555206
1253258367125950464
1242285262522028034
1241723948917600256
1253768195124543488
1245479975949500416
1245230906635218944
1247507284810289153
1240552050024316928
1246286905706086402
1246285914705289219
1245853083977932800
1240059681453703168
1254529919427547136
1255271166970920961
1237275305389129729
1250852517610549248
1241234821302513664
1256859016346517504
1243756713636802563
1252287831860363267
1247921662323879936
1247498738152554496
1255360709338243073
1237849686767054855
1253767348034482176
1239818903573770240
1237994274353901569
1254205907182841856
1266136983891439616
1239354636235988997
1242637421260328960
1260450841204609026
1241408850286149632
1252361863716720647
1250223584632377344
1250509847235354626
1247241894100217856
1250541698976899074
1250503875821309952
1245359947811942400
1237986707074469888
1261834749489774592
1236858787404771329
