1244660644630102017
1239744890545807360
1238642335073746944
1243254988807307264
1245221403953180679
1262454299453526016
1242525855844360195
1238896557933694978
1246714601095475201
1244942329682767873
1249891924284264448
1240732518237777944
1255701819919159298
1237811898055380995
1249691087943368706
1245612614756884481
1240727078368051204
1251679008397447168
1246151152628117504
1241854013693362176
1249058866899439617
1258371397799350273
1244015102648619008
1238946966706556930
1250828476803887105
1264248591574589440
1258688819374764032
1260949586140684289
1260603796419481605
1264876958418157582
1262452743882657797
1241880016771862528
1237467192800751617
1239190803098013697
1250136936024625153
1240972965195460619
1268283731934097408
1239264270405296129
1245114980460048384
1238637003824037888
1239259655693578241
1238647534580633607
1244324995200933889
1262817207228211204
1238466495002357761
1237893860656705536
1246791196225212418
1245330805037072384
1269860881619451905
1256036888391159808
1243335633457885184
1247945989647937537
1258832521879568389
1256247875278962689
1243627326409236481
1238552764965412865
1235928236049260544
1240800138001604608
1246612278264373254
1253383940573933568
1260422701744902171
1242277759591886855
1248989744308072451
1246514223804485633
1245420121373507585
1247500172525015040
1246153814165643266
1268578625026248705
1247625368552570881
1260718737407315971
1243648729531498498
1247254312537001984
1238103414753710080
1240129829678260225
1245072121035882505
1250952625761247233
1256033608009162752
1252721178583728129
1254450855945830400
1241517736989253636
1250134748346843138
1244544833705914368
1238899016559198209
1235427979993497600
1258348459373051904
1245060708569681921
1240735521573351426
1246164247131893761
1246451161558810625
1248320059585552384
1239005303074668547
1242375810104938497
1255623573881921536
1240800773232922624
1241010753387270144
1252670396412899329
1241460842731896833
1242278917010010127
1249125415928705024
1246510219766759426
1251569511897223168
1246150116119130112
1256032238363385866
1247118826984128512
1249692174641500161
1262391711248142337
1238595291055521792
1269058549537288193
1267118701364621314
1250833316573581314
1249791590341672961
1250134000397582338
1253858882692227079
1245868474934517760
1259925466858901505
1253717299615485952
1244961064640528385
1252701469628862465
1241019269988712449
1239555470056095745
1243269057903759372
1249767681613496325
1238725476807475200
1250829590202920960
1246168429654048768
1248956678478929920
1239331060502138884
1239331663794012165
1266140035126104065
1242781403802226688
1256188181181063169
1248435595828809728
1244636166281998337
1246934943491657728
1248075123304869891
1246514261758750721
1247738784621395969
1248719304541044736
1262813746260557825
1251896169971822595
1247462909271322624
1241701745966878726
1261043922807197702
1244270015077068801
1238950359294529539
1247607497789181952
1258876459348889601
1255240978572681221
1246148923309334528
1250085469142093825
1238511101769322496
1270063179293437955
1236698981062844421
1253812348940431360
1241843988275113986
1246102764779982851
1255698821448978438
1253433995884298247
1235954063168155648
1242884008599531520
1237014803601928192
1242760133945561090
1258832303893221381
1252022638735753216
1247284814694223873
1235304095788994562
1235685908105617409
1253755905344253953
1242222596868968454
1251006573620727816
1247397965272166404
1238448745089400833
1244798581476909058
1249758121339338755
1248668673541365761
1240054681793069062
1270429347309064193
1243978989917650944
1255818889650454528
1237422474385674242
1255376110101172225
1246183283177725953
1237432984585846785
1239263498296852480
1262819243512541185
1238907992579477506
1254800586521882624
1242498861085659138
1237407779666747393
1250828940773654528
1255165335482912771
1246511160884695040
1265318367222620166
1250963109537288197
1255624355259785224
1252386597741277185
1244368960847589384
1239971827314638854
1240816078277742594
1248677364202078208
1254616350837833728
1251033791025557508
1257021430585348097
1254488748999540738
1257395891432022019
1256390384541982728
1252677416750845954
1248017589634101248
1258577188896542722
1237512837347471360
1240334432084639754
1256005673353187328
1241460885111144448
1245741522013892610
1238654110766968835
1262978764415303680
1241791060076101633
1242647681975058441
1238312342175338497
1236498367045402631
1249380929149243392
1268262204228472832
1245424833485209600
1256030587992801282
1245423118849658880
1239262532000514054
1240871820594724865
1262392139092295681
1256657158244106240
1265298801914449922
1247629538311327745
1251580413006364672
1247263020960624643
1237515967653007360
1254841375595651073
1250073032128937985
1248681480521383939
1251675266499465222
1238654037416968192
1260600389591760898
1235673388892356608
1248796104507953152
1239595786448654338
1252311666198564866
1263181536679137280
1267249334027943945
1256006135070494720
1243741151368302592
1237921349735235584
1238682631060979713
1242975299446464512
1240326920060968961
1247260641297121280
1236047486583746560
1237588218595307520
1251583095729524739
1235230016104992768
1262891488985391109
1260720925927976960
1262238964834058241
1251165958988849155
1239348289276915714
1236643888699449344
1241818348075266049
1244084848865742853
1249040791122718726
1238865269747060736
1245060575312445441
1247700599120056326
1247116579562807296
1241400374696841216
1238099459961237504
1250229742625832961
1241191282795581445
1238201995133177857
1237775346566643713
1261337226157461504
1244814152733986823
1256638107916656642
1264559145719607298
1241009003225845762
1238897407036993536
1237811526670733314
1239001710766501888
1254198431465308162
1244606592861044737
1239038301396439040
1238197821100171265
1257299509010407426
1246510393041784835
1250134572341374976
1239260783877513219
1248252206228201473
1266091297045176321
1264672068060266504
1253742342336544769
1250558207447138305
1240775829199749120
1250563962099335169
1252736300794425346
1243649800110854144
1241030889628479494
1250563971041693697
1237173767299833858
1241214402508001280
1250777412104790016
1269292390558425091
1246243581997854720
1242636513998974982
1253714182790406146
1253314654564122624
1252271191349395464
1236372672256323585
1239648103671758852
1262690781657260032
1242977873289453569
1246519735698821122
1253050417837203465
1239411666657345539
1241387823896440834
1251996949177339904
1249844851681759232
1242989960094941185
1248440192165384192
1252816234363539464
1244799610465517568
1270374001915957251
1240568852947369984
1250255996057980929
1247665026535694337
1250136335773556737
1246214664456826882
1239038828830167040
1263907600980152320
1240742484889743360
1240098071566049280
1246515591323754497
1238309282317287424
1240798691541336064
1259642472201887745
1252369315946364928
1244253818193350661
1235056947012841472
1236041394277486593
1262815937461465088
1260681149057245184
1244644708992856064
1250921030706761728
1247279363759976449
1238277009345822724
1241526431231901698
1262814485267582976
1256034368084115457
1237832477714059270
1254128525566763009
1253412019119681537
1240732954315444224
1240730582180601856
1250105111927566337
1263470257743761419
1250829984534532097
1240867494342123520
1253742365803716608
1245689733969313793
1269109216779829248
1247365598792859649
1248750294021922818
1256316187459248128
1238897684162834432
1265381907656855552
1253810823497224193
1253403136229814280
1236458327586025472
1234905535335600128
1239665990427951111
1257776452222812160
1259891127966142470
1235750465314394112
1261792371152433153
1249380323185524740
1242592079391395840
1256299731019608064
1244377141334114304
1245784904882966528
1262433170168971270
1237927862113579008
1254566760541495296
1253027109401956352
1251017416131457024
1242520018421780480
1238661663336906753
1262353733951860736
1237767423438327810
1239612886290436096
1243277385073594368
1238655868700327938
1242868859562004482
1237828195463954432
1253319110634745856
1255599092371251202
1246148536359673858
1248722119413940224
1240097200157462535
1242974786164326402
1250556856084295681
1244604671936864256
1253742366801960961
1248681774772822017
1252308534856949760
1245418794119507968
1250137315965636608
1243887791257407489
1252669814272819202
1258947360354336770
1248258765754941440
1239657318725410819
1237827457279016965
1263468556836130821
1253032562605383682
1242477143537434625
1239259304621940736
1245795559518212098
1244088739464429572
1255255249109028866
1260237017406943233
1244696405744238593
1244120038904397825
1248362478611947520
1260191818181947392
1260271754422992896
1258739796882731010
1253425823375228931
1239906483401371649
1249066767613415430
1238896387972096000
1248871456857042944
1245202603568517121
1251690212050251778
1248079118173982720
1246683765268721664
1261399156242997251
1250800480198045696
1248318461253767168
1253667952680894466
1246935942755164162
1264218725001150467
1249915308984369152
1257744605510012932
1258750894163836929
1239649726125006851
1240303882393333765
1237824633224773632
1258832821847822336
1250911885794426882
1246067388602298369
1237823569809244165
1238820352077238273
1240744388432670732
1234951676500508674
1238469057889927168
1243627772737736704
1263649696679186435
1260733936138936320
1240727363375247368
1242575782486192131
1237769768624676864
1262173745441116160
1241295663629033472
1236840861608132608
1239664849627549696
1252302790073950210
1250324350512689152
1255997828075266049
1261150511472021505
1245200304645255174
1234951074404020224
1236154054637731840
1237453448725049347
1260057630564810754
1245062575391412225
1237890982726647810
1248647576045465600
1249379930963673093
1262814737580068864
1253856912514441218
1235226405077737472
1235689449461288960
1259184034271449093
1254118021578227712
1252328169316720647
1239250805867384832
1260694209281081348
1244068528908570630
1258833033496494081
1244817018303516672
1244669854281498624
1244590169560317955
1259362626930462720
1245772546496245765
1252723152129572865
1246238608316661761
1234992501892599809
1245424004493688833
1248321654855516160
1242531480221487104
1244324137113354241
1249057754582585345
1256659151394127872
1260249807840587777
1238677884862181376
1239908312453451783
1238724548440268801
1246194794432548869
1245034688869216259
1263978563004489731
1252982939547205633
1238998473460105216
1240727871267749893
1238555549127651329
1259920226352758784
1262657232908488704
1265640971171246080
1270067626522415106
1238297637280985088
1237474141311315968
1237768042815291393
1240772898920505347
1250923438321131520
1237228964827070465
1242467219612860416
1255469683500859394
1238533509033136130
1253260257977139201
1238770726636830725
1258848851966021632
1242522571591032832
1249072226902724610
1245863585806307328
1258104716048900102
1249383643853869058
1244603594252394498
1249403940359360513
1235908405908262913
1238612588126244864
1243070206899105793
1242865007647494144
1257520001503952903
1239201522371776513
1245657261579497475
1238606806076796934
1255244572030054402
1248407199258259462
1267892797006155776
1237080543164084228
1267466363226017793
1245131638960541697
1256659014169083908
1240722510473281548
1255542803624583168
1258103844409610244
1239002256315424773
1245371834440339458
1246931199974682625
1252403807641714688
1251721947915915264
1246509373129621508
1252381579625656320
1266410696465690625
1248223153509273601
1237766623404142597
1238530122883489792
1246162496089661440
1246561116743970820
1239602409963491334
1251583136338771969
1267557240422219776
1239604440614739968
1251211107118841856
1251144967545896960
1245103585525981187
1242136058151739396
1242520394671816706
1243977386871447553
1242195897167024128
1247231209630990340
1239608486855671812
1238823980003401728
1265986877821202435
1240050249315557378
1258152960401518597
1270072189061083136
1260187819223498755
1242519668692221952
1264260454567870465
1248976588051537927
1236862767262584832
1238170759262089217
1256954784579493889
1241916046346457089
1242752488756973568
1254146496284561410
1244318888957022209
1258001587420704770
1247915157726134272
1266587178806673409
1253319651993542658
1246533166233464844
1238883325168750594
1240463228645318662
1240357905632841729
1250199185636368384
1241798152509886465
1240724956285218816
1247374449915113472
1240726152890716160
1240777403279998979
1252749280424714240
1251708781043597312
1251022660932456448
1243328439182077952
1243422454720020480
1237818399620829184
1242162789537415177
1261756199181193216
1237434264976871424
1242167973504266240
1261381669505941505
1270099064089120768
1269414328748453889
1254830245150154752
1238472342965071875
1239615915840454656
1248988291082465280
1251514393143193601
1238135158030716928
1263258764225982464
1244700267389562881
1245713515815542784
1244805998273089536
1255661339923660800
1246608575956430848
1244391958560333825
1253710254648578050
1247945165223985152
1241914843520737286
1265359545246810118
1270096593535078401
1247945301551439873
1249895901201608704
1240732339417858048
1247502546987634691
1255513363381211143
1243975166994112512
1243487696171008001
1236099819753607168
1245013056972820484
1237766681092595715
1258830789556518913
1253742364067278849
1241523373148188674
1270065940819062785
1244807508872630283
1255709316990078977
1237827801706790917
1263108833901268994
1238938274254782467
1239352481676738560
1251937982526955521
1240723312055136262
1246218141472100360
1239751430120124418
1251232692974346243
1268626324945604609
1242463856850620416
1243975609551814656
1247700129315946496
1249165224114098179
1240727066225651714
1257463641680621568
1255510772450541568
1246808076801449984
1241918982644523009
1242522266489012224
1245174302930075650
1242548769599733761
1259920921734897666
1244029311641845763
1267103050730287106
1248716013174165509
1242428577439789057
1250088185448800258
1235636740309860359
1244391471890993155
1259924308140478464
1239758187349377025
1253520243382779905
1259318428659261442
1249499191442898946
1235660249253711872
1235753389167910912
1261385158629953537
1235376095366721537
1260392500503760896
1263651291278049281
1267891116604641289
1237374394806218759
1252215966420926464
1239654985773744128
1251581489793376258
1241799763055558657
1251581248293801985
1253003887595999234
1240431609201004544
1261755754509410306
1245460519810719744
1238590569129086976
1238879096664403977
1239249719521685504
1237832212957061122
1243264004195340289
1261728685150830594
1235042033456144384
1260053067497648130
1244975729034616832
1257782055729061888
1249166663708221443
1240433930144223237
1235659476960768001
1265426342436356098
1253447485294551040
1242648892967194626
1241886352125448193
1248277496988086272
1255905006638772224
1246511112335626246
1267206256894377984
1237532978034569216
1258526924474691584
1235193511517073415
1242885745225932802
1244572211668750403
1252747434729639941
1239412248227074048
1239261996169793537
1244061097201741824
1246499501528866816
1256029667976495106
1238583863930228738
1237613211538448384
1247611520957026304
1242671277917298688
1257776414373425152
1247247166009233409
1247643618124402689
1243253485312892929
1246861565334294531
1263474171549487106
1260400323832745985
1254116973316845569
1241084079749070849
1259918630583775232
1237727164067348480
1245781488198705153
1242249688277045248
1239724371683545089
1237519527207792640
1238112161777491968
1241434317999529987
1263545470833561600
1242697399954550785
1257518772006662145
1259315668345913346
1250781080531206147
1250322531518525444
1237475312629317632
1246592442393980930
1237161969397964801
1258171893770846208
1250135060298305536
1251618849952325636
1248413855606165504
1236109339712196608
1244723960815579136
1238897120452755461
1243730894306840576
1238289157522407425
1242504701238788097
1256675018806906881
1238132117072220160
1237539850703659008
1240726533398020107
1237911255773581312
1246188604210262016
1261727698826735616
1242522812306403329
1242946503699836929
1255567965442969607
1252230469623611392
1237811196188930048
1251195029932199940
1239247665398939650
1253719088968413185
1246222483944017921
1252093931602481152
1243869821034512385
1254118868106313730
1261727054741020678
1266573419258286081
1239955813055098881
1247184850706202624
1237896722845765633
1240889487154126849
1251571554971942913
1237765715404390400
1265982977940639745
1246156557961887746
1244315833414934530
1250476671964151808
1237923368147582976
1244699698792935426
1252744469243400192
1246182706259640320
1248626788198047748
1245400966993715201
1252613328138047488
1265664669336965122
1260078985440043008
1241547091945705472
1255681367175725056
1254522134476529668
1253814922556956673
1254763488762834945
1243976796992868353
1254224178888261637
1261044709176291332
1255601336785272832
1249026984233099264
1263238018196033537
1254547417099272192
1245770185396695040
1257327382962339842
1244554565866921984
1242618109573423108
1251094225447538688
1256654601123696643
1246792494005837825
1238157677378887681
1252663527925563394
1235774005988253696
1241367548907708419
1270418628660396032
1250594586663227392
1237840434996473858
1238881501300895745
1238287156654886913
1244770092660989955
1247592646928982019
1246449531258114049
1245062361138057216
1248682416878899200
1258355647239897092
1245494470172463106
1256458567181271040
1250457488916447232
1260761436739043329
1248357082912473089
1252397083736199183
1247186734867189760
1250779026630807552
1263181726676856832
1246815353738612740
1268236274936266757
1248324111777947648
1245713728609366017
1245879884574068741
1260011499604422657
1252110877035237376
1248366424915087367
1252615236953219072
1253725946273837057
1242955438288764947
1263152263914295302
1247298629930532865
1237145340068888583
1247350607880560643
1246143911481016325
1239245550681284608
1246297390770016257
1241798102912294916
1253879113854713856
1261411694829375488
1258497721012572163
1237815414756958209
1238234451282481159
1248097346413568007
1240736620665548800
1255638011204730882
1255893960628862979
1240257894714675207
1251391394381430790
1248803876800729094
1245476155379068931
1248451942604570624
1255346698244820994
1254077931980230665
1270518962808336384
1243723976091881473
1247018764136218624
1242290385717690368
1255829099387510784
1242755123446775809
1270067384230055936
1241444151331377153
1256656373833707520
1257095127505555463
1252333950288244736
1246892781366280198
1240361193245638664
1258933800555425793
1261486295983022081
1263543739089408001
1238087690656124928
1241444477568417795
1251936861242753026
1243676515121999877
1250439600121581569
1241135697014161408
1255600625334792194
1253663138274213888
1248769606698905601
1263181176677826563
1251345480241557506
1250958123373867011
1244278506915315714
1253408980321239040
1256305066111168512
1252006637176524800
1260282755310551043
1258234311297425414
1261396501743443970
1252985175841165312
1253742353241776129
1242289044647743493
1268279598170681344
1254833918576078848
1242890097630068736
1245797791974244352
1238063339294658560
1257362432541982721
1247593640085643267
1263546008765636611
1246273484155760640
1255586812476755969
1254851070804836352
1255519479737520133
1242885304836673536
1252671113601200130
1243290962446766082
1237916723015233537
1238152043816275970
1256271623797329920
1246875998001430529
1259239478230728709
1243290100466884608
1257512837670473728
1242756619387244544
1237920847417028609
1239021607491899396
1238935100420755456
1240790938953428994
1242909980434616321
1257701632948699138
1241488168068812812
1251876859538804738
1263180467379081217
1244697369565945862
1246450520430166020
1257354133142671362
1254588861675700226
1259947004282785792
1245849068930244613
1250380554740039680
1247700624394924033
1241858168877125636
1239661902185332737
1252616267200159746
1252263900092956679
1247729834253594624
1245391727021764610
1246440173497454593
1241412944342237184
1245118939748872192
1260643824004710400
1252175235375398915
1248066467834277889
1248727443193692166
1242206121483526146
1247595825733271553
1238902334329163778
1244106159071494150
1250766551961272320
1243262264389615619
1245788363455713281
1240730934401544193
1244985943213383681
1258524028945305600
1255171821684563968
1244767664255512584
1244988383702761472
1258766593422745603
1240638641329844224
1247974886582124546
1244283471385833472
1252421939169124354
1239633641317203970
1260082821193924608
1239023719282024454
1240832365590708225
1240700000927006730
1264263572642770944
1237913254804049921
1245715117616050178
1248054355703607297
1247594635846914048
1244249917390032898
1264205093198532609
1240462509968154625
1244000707985932288
1240994619187441666
1250132478578343938
1242920982374948865
1264701259224932354
1243216583675305984
1259173342361288708
1247353181622935552
1255566511181303812
1243612956782407680
1235836501029576705
1247728332587905024
1256332151936520192
1242835771117178888
1237878679125913602
1239378265439113227
1245786719439421440
1244699166049218567
1247132539325755399
1262165996531601408
1250768241875615746
1250182778131550208
1252958127365947392
1237920574116159494
1242628368958455808
1244694551714988032
1238694645967749125
1241547595396329472
1236642893600866306
1246527214490980353
1257765068768456710
1255272504710647809
1246013354356940800
1241163443786391553
1245475959790276609
1261135776903041024
1247269837681954820
1246451978844221440
1261008879594475522
1262982807623696384
1238837125199601666
1246868674524446729
1245456156878934018
1253056067468222464
1256597590151438338
1238187038668738562
1243797463296888832
1245836042474860545
1258772942927933441
1246283013354336256
1245747783237328896
1253094003534422016
1263512852591079424
1265719152989417473
1251581346385989641
1235595055844507649
1259877161760161792
1257067100541239296
1253452194931781636
1246260486536118276
1246570387653222400
1249395493949628418
1242086309889552394
1239767452193562625
1236694831822487552
1250983822734352384
1260715478705733632
1238227972504588289
1252011162822197249
1244074837120888833
1250554406669635587
1242957411406753800
1263605530767097862
1249149194633465856
1258170621948813313
1236728066875015171
1261072396007747584
1244837845677641729
1241798531012349953
1241135679960219648
1238900715080298500
1253682742484766728
1236720176407642118
1249119393658949633
1255600923931561985
1260281743514501120
1243709754884661248
1250097563010826242
1246871034286006280
1237552417337520128
1239789226260082688
1266439899277918208
1237878942041657345
1243261532538130432
1255207031549710336
1260642277787160578
1238565037553393667
1246291458438639616
1238445256233963520
1241798698142773248
1248026931204968450
1248062687558488067
1249821702101651456
1244071741061824516
1253335834977161224
1254793041677819907
1244818985536892928
1258469628344438786
1259877163932803072
1262765621017706496
1251949506813480961
1239025937930424323
1257697579040718850
1245348650043281408
1239022184301035521
1249904788986347521
1251479315650416640
1244077233997844480
1245155177000296449
1244072750052003841
1257961868485890051
1248323545853300737
1246237806558666753
1243675524691570690
1236450369733091328
1239725920925163521
1252961246770540545
1244666014824108037
1238805793220243457
1248019853136424960
1252265306275397634
1243024192137723906
1239766756786397186
1252299522262421505
1237767754301743104
1264725911695495168
1238624626604937217
1243681621729054731
1264264967462805507
1252246356485382144
1247594038867476480
1250473535832801284
1249188852482347008
1247566526498177024
1261385703214051329
1263551415777140738
1253393021141422081
1247954983984803851
1253662353377427457
1245826852716937223
1258250240458702848
1251945380117458950
1260304988791664640
1252269292843945985
1237814503070404609
1251399061846085633
1237772532188614656
1260172637332004865
1262685018293485570
1239321043900063746
1258660290717265921
1256692506315706373
1259675490002100225
1255681951115218949
1246891561880821760
1248138738821222405
1253093299096879106
1240762931664621569
1245313608860475393
1238441325705465858
1247162575525199872
1261980726083403777
1244087070295044096
1257368191459905537
1248580547296800769
1258216104314494979
1251588100276531206
1237400977902374914
1238489497811156998
1237423768882085888
1245347865419042816
1245222679101214720
1252298088670265344
1252345446929858561
1245369602605006849
1235666890611097600
1247020195820044288
1250495398646611968
1237857961269055492
1248673635180650497
1254143463165251584
1258549979431370752
1259588680177647617
1242843411268472837
1240331623708733447
1240333482141810688
1247218424239046664
1246139607680458753
1264013145531703298
1260285698453708806
1260340563162927105
1266074767649656839
1237119849429635075
1255633229270441984
1266468120836874241
1240731663170244608
1253880842243489796
1255207816782123010
1250847122443980810
1237870947618549763
1239239124344877062
1245877897740632064
1260309591080013832
1242270016805801984
1238995724752347136
1245028781208854529
1266169746153758727
1250376235408072704
1247162480427745280
1263943306427367424
1247287588970549251
1237859286698430464
1248323113894514691
1266148856741445634
1263315117653069824
1240357506091753472
1250857316431339521
1243971936138465280
1243293380983095299
1237869337500774400
1251552915350867968
1243639711547232256
1266098781956734977
1247132676236218370
1262982948166516736
1237798516627517440
1249865558214037504
1245813801741627395
1250979539297189889
1252005097720119302
1245516334760431619
1248743754288304130
1239319533757890561
1254852448797233153
1261005335885688837
1238074118349697025
1257751966656192518
1246500445637480450
1247017020195028992
1247655564416516096
1261409558137917440
1263517077102563328
1257386133761253376
1241179087323959297
1253835275329028098
1236819306987630592
1243690239639588866
1261736558891339781
1236463209240018946
1251322337741475840
1239833536359784448
1252352809489457152
1239529694812389376
1242128870209474563
1237687037903470592
1238078448234647554
1250181234585722880
1245786407098101762
1239047054258814977
1257449711763623942
1238876372724047874
1253726491776614405
1239768832912302080
1249392454458957824
1249883948764798976
1241236098136899584
1247855788242108420
1248625048845291524
1245240239490240512
1247992627443699714
1246249929410072577
1253907770669228038
1258916934965477380
1240348399930572801
1237422369083404294
1235741432847138822
1252363155864301577
1246838512395190274
1261016881928036354
1257403183841804288
1237838469440946176
1240005877794512896
1239503054262669312
1238503112584896512
1264649597508558863
1244824335359119360
1256764370048163841
1241488249924784128
1244825986455285761
1241336780147830784
1263831474765258752
1240012666854400002
1251554851714224129
1244355661611372548
1240281785902288896
1244250087947206657
1240487411907473408
1253764049243963393
1241489959367913477
1240428384959762437
1247701292815921152
1241038317736660992
1247211102016090112
1268536916082937858
1240346155692838914
1238310987738079233
1246575291297865732
1239006454809612288
1261025132631543809
1241069700383211520
1260786136429088769
1253368168183222272
1253115268366307333
1244985187353706496
1246527743401111554
1249700669663182852
1250218672901283842
1242175846779162627
1259835266082242561
1245059413716631553
1262732783795011586
1237026853761810437
1244048312258441221
1259190321113636865
1257723348790005764
1239636693105414145
1262361991848566786
1250857148843732992
1248066045975367682
1237197664552456192
1255496686769713152
1250190818029326339
1254209691573465088
1242117164028567556
1238176427020820480
1246432072664854530
1248737865397415937
1241043459391262721
1253034648743092224
1242290106595258368
1246256009208832000
1242512631690399750
1248739645250252800
1251976876245073923
1255950958347137025
1259520217182502912
1255205879474987013
1266077187687485440
1255073731527020544
1238532153190821888
1238093652502745088
1242627032665796612
1258787022019403777
1256333497335046144
1244685257380712449
1239049950186606592
1238574057370660864
1246562949550034952
1259190741424844800
1259208240342151168
1254940681224826880
1243990725634785281
1255310796340551683
1248806727727714306
1253393791916167170
1237802772071878656
1246868887955791872
1245856143210999808
1240348945253117952
1247907524445118464
1260658373768253442
1240240552844591105
1241371324825690113
1238871988380282880
1240485079950000128
1243229274691289088
1239287435047112705
1253394902722981888
1260365476527472641
1252430648309977088
1243613863138000899
1245860227703922693
1247957930747539458
1238180171909390339
1264926644218793985
1237490795654987781
1251105032642142208
1257330136711561221
1245453358665797640
1238180129215578115
1249862846181187588
1237060218640613376
1244091193811783682
1243806120579383296
1239049332600573953
1246818987901693953
1252290567775625220
1247541660222816257
1257356292164911105
1258724531910463489
1257446904092295171
1241834403829088258
1268323245125783552
1242175108678123520
1238317177813512198
1256647854308954120
1256039617784090625
1260645429386960896
1261272709243318273
1238175910106402816
1247316733683171335
1252076472203960322
1251177881071476742
1254801282419904517
1239340067405074433
1251000501602340864
1252299863913639936
1244303437690540034
1249086957495504900
1242893882372784128
1239343871844388865
1238807447009136640
1243562567060111361
1238256377744719881
1239343708027445259
1235916155686182912
1247615429692067843
1255547524686938114
1259487904180641793
1268508530014851072
1265763123874738176
1235555894278029315
1253000543179587584
1247160448123838464
1255587722842066948
1240241442263650305
1243532070019833861
1270083722574995456
1269286742621933569
1254815594710544389
1241909273665384450
1245481629402963969
1248740051305017345
1248712270139580417
1243954157960093698
1239710707115008003
1261730182559342594
1246990635854372867
1258293888286162945
1241795791406104577
1244444041934143488
1257403648809861126
1256339290130247680
1259584383603834880
1252759912368701442
1242568148286672897
1262852288890232833
1254814969469849602
1237426875342995458
1237754207970693125
1241433763449634817
1253033800323543040
1268409594851794944
1243992695909036034
1265372656687333378
1256698746861244416
1242118992271159303
1243415728083972096
1252430690546638848
1245292933718425601
1240626645729447937
1237885182230720513
1261855228078456832
1248454644503740417
1237162463566716934
1240844292236722176
1253769561712754692
1250204586171916290
1244381152401637382
1261728292035538944
1235963851297951744
1238074387183648768
1236311075374669827
1238223732868612103
1239358007282106368
1244504505133170688
1250183402604703745
1268301757211463685
1263550028867608576
1248026038250229761
1261013171323711489
1239007875072131072
1263550456690888710
1248054665817788417
1242233936719339523
1240405066575732737
1235988774796103680
1239591819022864385
1253762633632829440
1261431022694039555
1241581391827087360
1254529937085804548
1241797667325444098
1245551336726372352
1262572416267681803
1238529107975122945
1258254511623282688
1250855923687489539
1239672932038782982
1258106050961707013
1259626664872620032
1238630537214013446
1252634858800717826
1260749090998157316
1250169709372280832
1254168855007592448
1250079106185736193
1235793227426521089
1248083794776776704
1257017411045294081
1266554480293752834
1239243607711850497
1241928750058688512
1238505539161796608
1250845716513243136
1266012673453457410
1248737992203743239
1263933658630705154
1255209350928482305
1258399695224877056
1239285501531697154
1250766965255417862
1237843025910353925
1257871339102310406
1237161340474658817
1247535712796209152
1239028731307536385
1248588726839709696
1238522732733743105
1238071781656866816
1256333260600119297
1265582489717952512
1246543606833467393
1239284541170290689
1244009906233061376
1239987497439985664
1245785855987507201
1238993098434322435
1248369263720697858
1258603319766941697
1254891596950183936
1239338359841001474
1251244679288565764
1243318993320116227
1242618605382119426
1253167979002552320
1249700390486126594
1252842410578599936
1241670218377723906
1240017297777070081
1243145048738476034
1237847554168999941
1253627912974106629
1243921615496392704
1245785315266252802
1241158662628020226
1238224510077276162
1264257627602681862
1259260372512657408
1239028990050000903
1244483848295059458
1239938596339097600
1260742173475078144
1255212287599796225
1247718367852662784
1238850556220841987
1254899411555098630
1251903143442595841
1261025609091858438
1237936191015735298
1246881054121766914
1240447260930060288
1245788316940881920
1264542162693378048
1239570467176026114
1238885822478376961
1241072392530780167
1263079610398449664
1249169957616828417
1242637841017995264
1264292492134027271
1243115265136754688
1243644786780909568
1241904995496329216
1242602601281196039
1270406021069111296
1262377473406369793
1238190931020591111
1238890054216568832
1238790791285309441
1249166790887907329
1253762251640758279
1267479713351598080
1247901169030066176
1253770882218147847
1246597394634022915
1244462091257499648
1238480525754601473
1254458311908429825
1254822865234468864
1239185148576399361
1249322393610457089
1240356712609198080
1242894288968712193
1253763705906610176
1238115374379544582
1248376859328303104
1238248007537242114
1252967750739386368
1238842285363728391
1250789915631276035
1253187727748747265
1242176139944169479
1253759918047404035
1237381480927674368
1246466942153773056
1266127252519104512
1244442708573409280
1258108976614592516
1252695833914617856
1249086303645417472
1256289436951818241
1247958303109533703
1239013282775793666
1238178296782827521
1264664159049986053
1238061757798760450
1241366971901448195
1251987762913435650
1252269975240355841
1240462027019124738
1251213450103177216
1249710056670736386
1240105369705291782
1251946941170225153
1239937399800635398
1238542223215669249
1247958190462992384
1255207497633353728
1239939002846896128
1245683137960689684
1243809411216408579
1251264904444731394
1269347419663118337
1243669794181861382
1251218127750402048
1245145213359796225
1240350752561905665
1261003525041074179
1259648500993871877
1260352208211791879
1238994789565190144
1240017482259316740
1260348683213844486
1241097319317155848
1239938732788256770
1261003925093842947
1259827968685342721
1247956645457649664
1247957660307161090
1260989548949102595
1241473020008464385
1247894988609871875
1253459788350083075
1252413445036666883
1239941481647005696
1255140407295373312
1255552356894355463
1250531941218226181
1239715685246349312
1261003027936313344
1247148290908528643
1266531218474106881
1241072883377504259
1240860292294328321
1250185381972185088
1246471081155866624
1238623309048287233
1245854058658680835
1239354236799840256
1238187835905183745
1237845571110486016
1258059329942491146
1253758146725715968
1241076539225190406
1254816547153068033
1238148249074257920
1254512913081143296
1248124267281240064
1243261094459854848
1265398492249325574
1247930383523594240
1258112439218057216
1239179780265820160
1243605285689790464
1250217309786050568
1257354239069880328
1259480038916882432
1249347122035666945
1250496498212765696
1241142249360146436
1259215388858073089
1247893404807135233
1256421324274221062
1251274412004950017
1241369331981783044
1249772221717000196
1253038239444803585
1244709594334736385
1261493615576178688
1238964300766724096
1250042842929561601
1250884830767861768
1255574255514857472
1243101801030787072
1260596449349419008
1261473047078297601
1247309048116019202
1247002459349889026
1241071040714944514
1241073607419322370
1258037956641611779
1250224222804283392
1260594018850877440
1238967554900725760
1238159876569862147
1252778960380968961
1255572108018679808
1240784087499112464
1243542653410717699
1245409624930410496
1238191924860903425
1258032747957891084
1260424181180772355
1241438293570588674
1243180783587688450
1238580674480701440
1237010134209122309
1257401947054837766
1241440785532366849
1253354051691065344
1239965200867946496
1261312620314988544
1253355226129719298
1256015353810993153
1252584247694692352
1245184587199848449
1255570084191494144
1258107224666312707
1242061111492517889
1253275543170093061
1258108182016163840
1255586241518723073
1242998061489704960
1255569936514236417
1254527830978899968
1237939158234075136
1239939334221987842
1237906047689515009
1242176492861370374
1237007023256068097
1256789453277933568
1253353547120480257
1242265119775752199
1243753806917259269
1260641433779875843
1250384372617940996
1250382095580565504
1260641709001752582
1247304305129984000
1241095740748791808
1256432322972463106
1238811809035010049
1236308054330806273
1242265378237091841
1247237202586763269
1265086200290971648
1247719806234775552
1245186300707311620
1256607517590925312
1237736339946090496
1241750871408607232
1241077599360647169
1237008651233132544
1242998664781615107
1244729460554895365
1246980430051577857
1258107174020173826
1258106596275761152
1244159433220984833
1239282437273923585
1249824269342826504
1261080466943328258
1256257481522794497
1256257837182877696
1238552123215949825
1257310958529081345
1237034251440336898
1237942788366446592
1258466818618019840
1256260274530791424
1238126131527782401
1256620116038516737
1237544784840949765
1257307834540163074
1242144690868310021
1236857474713608193
1243245308936683522
1261720919476711427
1238127155365765120
1261720837570408448
1260731501164953600
1261085059425144834
1261698772620529670
1247836561900699649
1261079429146689536
