1245437238063673345
1245776274670243840
1244327642855116800
1262547434850271233
1265814321726058499
1241758672910315520
1249059531222466560
1237821985679261696
1246965502661914624
1247674682058235904
1247449905632665605
1246478835756847105
1268581516453371905
1245894149183692800
1245034394219397120
1242493404581257221
1244843621209128960
1258098038171549697
1250966413881208832
1253443281955860480
1244798694043439105
1237078867673632769
1238463349525901320
1249051655473172481
1261376101458141184
1249723428002598914
1260252793585061889
1236048405358497794
1241555616784515072
1246103540189151232
1246092731241213953
1248273766892728321
1240133632188207110
1241515483402207233
1249570310824714241
1247013599689637890
1249414639911202816
1242987425263005697
1242531539046428672
1236660257247522817
1243570441035415558
1239187479258787841
1241860615120904192
1255629412462026752
1244663532982951936
1242114520258162690
1267135873704853504
1245107994141974528
1259144572015263745
1250810146546053120
1234974520475189249
1241549912099053568
1250582033828462592
1238640174612938752
1244082312544808960
1245109020538462208
1270495787722498048
1235801639576977409
1242091200070311938
1237169083201683456
1243740116251598848
1249764565841256450
1243739464595169281
1244367866889027585
1238895410078298112
1242867206444027904
1245100900261089283
1244828238309777409
1260615878317453312
1244791713866100744
1237932647197933568
1238321535812685825
1245051432820035584
1241886596187566080
1245117794556891137
1244810758157791233
1266120322832404480
1237428872519524354
1266540895790194689
1252663117785337856
1240866563802247169
1270460213213052929
1241085185476554752
1241031022659006465
1265632572253536257
1241827991765659648
1244417287529967621
1236504034862747649
1246165586490454016
1239806629622632449
1267099288405860352
1258041012447899649
1239387004950827008
1237515624554721281
1241598733805957120
1250910298543779840
1242449449210675200
1252600141212643329
1255716561370808321
1248755060135219200
1258284671420358662
1256352928450764800
1250091803224600579
1247626059492626432
1236836156068642816
1249061755172433920
1263219031550525440
1246504523062865921
1260902928140824577
1238783753620602880
1242502703160291333
1238673255860330496
1237127439878213632
1248836746785312768
1238822764586233858
1249842674686767106
1262552044503613440
1238648869384155137
1243939523014217730
1246479217291743232
1247302336684290048
1254780716233052165
1245523300651896832
1240938409377411072
1253717966182473729
1252643229129793536
1238337072982708225
1255244109331267585
1251110875882090496
1236696125760913409
1237180802263179266
1266751013723103232
1240956718726754304
1242539757755748352
1244703660744949760
1245898007465226242
1268578410739056641
1244371063040913408
1243197656312074240
1247363020226842625
1250924132612444161
1237154855996649473
1238715734177415168
1257770125564010496
1243279062195294208
1235788433819226112
1238879334124761088
1236863260944547842
1244830633471311872
1247620054151118848
1243631819917934592
1238507637697908744
1242651777406603266
1261662564900990976
1238986238025183235
1245424303857758208
1237243482487451650
1238144603175477248
1244703254006489088
1246504368213331968
1247282058977665024
1241701576483328001
1238610079110189057
1246451118063771649
1249506620733710336
1262287001170001920
1251752247534354432
1246129405098786816
1250803815613263878
1248294481452871685
1264982537266479104
1240337269157851136
1244326246084820992
1239393950320021509
1238137636407017472
1264585556597456898
1251755203793043456
1238134266434703360
1243217318328451073
1239211488327294976
1259893315844976640
1241812888009859072
1244604199196917761
1235233824440635392
1238864971397623809
1239870275434336256
1252644289403748354
1244286529314275328
1243743878378696704
1242570732703383552
1236814132516515840
1246804937444601859
1240737203115806720
1245099771120865281
1267142326134042624
1262783720777383937
1238305721524965379
1247369724469465088
1242274418438496256
1244702718398062594
1247603492199383041
1245804906889375744
1235797344672604160
1245192279578402817
1251582402826141696
1264029916636442624
1243223326337593344
1251710282906259456
1241012581239676928
1256315244848091136
1239192107132190720
1269701116666634240
1245135800947208193
1253447334517600257
1243236249881546752
1239624572451704834
1250477153495453696
1250201124092760064
1267571246058766341
1263563739028058112
1247666349284790272
1239301405870968832
1246217385264078848
1246535635122286592
1255626553448230912
1238713400491773953
1257826021706883072
1237534492622872578
1258455384144019458
1238307407727456256
1246242376193961984
1251899229707988993
1260209407347978241
1244078919499812865
1242102613803274240
1240125818065620993
1239248989871935489
1235174501261795328
1241211102853292035
1237768067351851009
1245891191037554689
1241519558751432704
1242103313438392321
1240424598753214465
1239256476037844992
1246032081227935745
1237737791330463744
1249750129126576139
1244626242977935360
1265022655674986496
1240725895578415105
1270174050845732865
1241940957248942080
1253012908549660672
1243633299001491458
1246423160536182784
1236493468391727105
1237406571723771909
1239752297975971840
1243654111645466624
1238644855208734720
1234899680292524032
1253494476607156224
1250224837039026176
1240766878424817664
1243424332442787840
1252933095575171074
1270515411532931072
1250268964879396864
1250195506719907840
1243199540649267204
1240301729486376960
1241822295968157697
1241772533805764609
1241814365377949697
1241807537768259585
1253656630945738752
1238263475102715905
1244974001262190594
1237954401827880961
1261748458265776128
1241418602118402048
1242516851659288578
1237580129695485954
1246902226498412544
1256513639802122240
1235921746126966784
1255704407372529664
1256398938329899008
1236719186329518081
1263125021137883136
1247645477388070913
1265017921811570688
1251153770907459586
1245894692727746560
1252400568384974849
1261260477495042048
1237568888809775104
1265811764429504514
1246263361802629120
1243626946832904192
1243977591226109956
1238336637999804416
1241419618612203521
1238275244386729986
1244327701436968961
1249541585663971329
1259300172481343493
1242647484637179906
1260250127521869824
1238136445539438595
1244283588285059073
1253021466313949184
1255259486106849282
1241020362197856256
1258202445382995972
1238167819499388930
1244842476973654017
1251899258283757571
1243653970419003392
1257061393154469888
1243885494594752512
1244322415351496704
1242490620146565120
1238159502517497858
1238553452902408193
1246927242053050369
1239958104139124736
1242211406918881281
1262536658521485313
1244264135413714945
1245371252006625281
1244698476450963457
1245121012233981953
1243735383101210624
1239326474957701120
1240471043476783106
1240639303283138560
1251343713923555333
1259271141782220800
1245801570572238849
1250427766459097097
1245529272338415618
1252486052255686657
1245114272335548416
1241512649239781376
1241694842838712320
1246513606612533248
1253740255108190209
1267251373864701952
1261327475889455104
1241269516291563520
1237814088408813568
1238998148493627392
1242502775965020160
1241797343030067201
1247403610738024449
1244056431826890753
1238700656111779841
1257064112816676864
1238652917491482626
1260025822020165635
1270070103552356352
1251607416744972288
1237146729662709761
1258074248871985153
1255224945065541637
1253918432258453504
1242663583051177985
1242516243216658432
1268812128149880847
1241419714066124801
1257825540486000641
1247695987172229121
1239962607672422400
1246479953358540800
1248661182572974080
1243217379921813509
1239974582007656448
1259559916185870336
1240725656696229888
1248492165677740037
1246502176261693440
1255554937200631813
1249792189292359681
1257537133549506562
1256636407767953409
1250198097717649409
1241420585332174852
1263911086064979968
1245115184718331904
1240876847828631552
1245734389729726464
1242576125907197952
1251994960179548160
1241891372077965312
1248695058557071360
1269356498943045632
1242491891280523264
1245526030585982976
1242520513047478272
1240824610037227521
1243491908694859776
1249910028561035265
1264125864251232257
1235307350103412739
1237055583519309826
1240641846465818627
1240698797027549189
1247260912647417858
1242466980520546306
1261774932230303745
1242823047708467200
1237752013389066241
1253656074604785665
1241550484768346114
1238475131267067906
1241784043806625793
1237925799061159936
1237174406067019776
1241524618357125121
1242252345129316354
1263973260074471425
1253339379231162368
1268728059684782080
1256594081574092805
1238563301325324288
1245372161084145664
1260756767383801857
1239302156441677825
1258458584129519616
1239039882657280000
1235631462591811584
1253024967215570944
1254950151874961409
1247331991277547520
1248010772396953600
1239780026494513153
1241770483298619394
1244614599560663040
1243631907306381317
1245039578467069952
1246908685428772865
1250227307366600705
1245512559366561793
1237927021033877504
1260276744822468608
1257360776215568384
1241046094525501444
1247187310254239746
1243279567839580160
1259620543700979712
1249331131528278016
1250275110264565761
1242202899301543942
1241127088389668864
1248748767605428224
1242340363651645440
1246517132856373248
1235305841311567872
1262931258318831616
1247251193459388420
1239254579989975040
1263878860212322306
1237328859294363648
1255699504688279552
1251196435888037891
1241126956340408320
1254591932443119616
1260983827763060736
1239951564741029888
1249078615204974592
1257321146816491521
1245815862503731200
1237893380517924865
1264916631286722560
1239202101588144129
1235831063596789766
1245583295246561282
1243485367254355968
1239731972076789762
1261166067008733184
1253200301454024704
1262930392069427200
1249072288143568896
1255671580601970688
1243900597943726085
1241509040762449922
1250841083463913477
1242045704589074432
1239772280562913281
1240123054367428609
1245492796485599232
1240285212547911680
1259156262165417984
1240792912050262016
1246841452857978880
1250202251567628293
1237036418674774016
1244003195174539265
1246478120942587904
1246142445236215808
1245628783320657921
1237484050731814912
1237131861467398144
1257839032513359872
1246078270497415170
1258885007247998976
1253387185459527681
1251296231529181184
1249420784407175168
1240046641492582400
1241548948373827584
1243879190556028928
1245900535896526848
1246845148526292992
1245871657001971712
1240089420159541248
1237428461251096578
1248702040903004160
1238287581785149440
1241153171575070720
1237145289862942720
1237754307455225856
1241379880522010624
1253567795842789376
1250818315976572930
1250620739524259843
1253524571010945024
1260119052799729664
1246427922212126723
1236545303538327554
1268747839544291328
1242648355823472641
1242237670601998336
1237398149859143681
1262487021781565440
1243656613283553280
1246573346126311429
1266063080267460608
1240831899032928256
1253500035406282753
1245029769638379521
1255518020337913860
1259750209011118081
1237540512782929921
1237962915031814146
1237021544188006402
1241939559643922432
1247349429864030208
1241934494552043520
1251786392058728450
1248410472686055434
1241444037149618176
1241549188023726083
1248065296432152577
1236482683573690369
1250621219403116544
1247156107790843904
1260369268710883334
1247327055609384960
1250096782492614656
1236171150784253952
1241546096716812289
1259380257024471040
1247693568740749312
1239944610626932738
1245400193303842817
1248108507561218049
1246872383857844224
1237194711980339200
1236745222408695809
1244702204411498499
1246055351427854337
1237022062952108032
1239022437351575552
1239160503953281024
1243607910820663296
1248265269396422661
1241807044799123456
1254808965814370304
1242649018418618368
1239202768528834561
1244737806364061696
1246259875501359104
1240493718567698432
1249394990570061824
1241857238383448069
1242186245188382720
1244742340058599424
1239225786583797760
1255567775826710528
1243375766915526656
1257115519464861696
1238497526048686081
1257859271116550144
1260403022946942976
1240993107300114432
1248847400430534657
1245767448831209472
1258960858010406912
1258481883983175680
1251703800978477057
1262792474587656192
1247216843749617664
1248413470627737603
1243345871678263296
1251203865564680193
1240425726999838720
1241593153276260352
1255658277448212480
1245391455339737091
1262769042697252864
1238682335685402625
1240539300048990210
1246278198834298885
1252122959319162880
1258775660891275267
1249414871617175552
1247351201739333634
1243171926417145857
1246957619303997440
1260653121958625280
1255895125772787713
1250903704888197120
1247294666673778688
1266404902990823424
1246221248931049472
1252417732273815553
1241681433602621441
1253792493289652224
1236420426818969600
1242188927399673856
1240487805920276484
1245189548297994241
1237363479004082176
1252259837376749569
1260652897206890497
1240021673119600641
1247654866983333889
1245691847369867264
1243728000333623297
1243570871484026880
1237121470557380608
1235195015241936898
1245762730251841537
1243561686096740352
1238614996075962368
1251355758685384705
1241859768148361216
1241219231301005313
1250606747024310273
1236743245834506240
1257796983781068800
1242243650328784898
1237817432032468997
1255744884394176512
1259825713546268672
1247565910207893504
1254078275317428224
1236166578766376961
1241942000644968449
1237606175736131584
1247428540166889472
1259245362679656448
1243032943259291649
1268770784874385410
1242270729502175239
1248684486885175296
1241640275631472640
1248684902863663105
1239655031994855430
1244446841267048448
1243544588943581188
1257724562000633858
1248033887587946497
1240804886561751040
1236798804138946560
1240208838583701505
1260301386559844352
1243387527572025352
1249554156307673088
1247289121170755588
1255328795634040833
1242615589077544960
1249489143249268737
1237900383923523584
1244493088246005760
1246226405039300608
1258544065244590081
1257765605668581376
1246292462601039872
1253171973401665536
1246138118161305601
1259574249854873602
1269986030666387456
1242922089964691456
1248593156242722816
1257735749803184129
1241238273994813440
1252620811074039808
1256644137270620160
1239343763585024001
1244133877485932544
1236716904187711488
1245911627649536000
1263896363323940864
1252622290807738368
1245796173681582085
1237502429815422976
1236163953496952832
1237539157116768258
1242629468000145408
1267363231816798208
1242316591334711296
1236069662544162816
1248770145788592129
1247726623597580289
1259998419088785409
1242267726846058498
1259872557034909697
1244765014205952000
1242301699865202689
1245685123158335488
1238541687984513024
1242889627687477248
1240092758678765568
1235633598037766144
1251190239898394624
1269349523693768705
1246079128178003972
1245407348899729408
1243680007144099840
1256008960634753033
1241151265951739904
1242521109527855104
1238626063548215296
1250634542139887621
1255060303382863872
1255904700337025024
1263276322886844416
1258768130106507265
1245351833343651843
1237798543743528961
1262400824598163458
1241446058909032448
1241117630410326016
1236683943513972736
1251296323782893568
1243690677809999873
1236768089644994560
1265748691882835968
1260753408958566400
1241422038486495232
1240404888821080066
1248020715799842816
1243298813730648064
1252685248460029952
1244025120244535296
1249491661391978497
1266821371251748864
1238290001336492032
1249483425674747904
1265768167072120833
1242295188686426112
1245915062327332865
1244706283057369088
1246273507215826945
1238343190966489101
1240442218197987330
1238317095588204545
1246571271850283009
1236726648663199744
1263670178220404736
1236819758764314625
1245857200993488897
1241063352446550016
1251197401429311500
1258734711393980417
1252992114931060737
1259175361629220864
1245481668258828288
1246170500562386948
1245580076281819136
1258926139550003201
1240369917695672320
1247312264866062336
1247166108030783495
1247988227744493569
1251248809276878850
1266156960262414336
1243414504244826112
1241407953300639745
1239009755986722816
1240811559699402753
1238188694831415296
1248542299614662656
1247965199966949376
1236441971951980546
1235395005474209792
1248929556985073664
1251633424667783168
1259540384109084673
1243416685207359496
1267833645244399616
1244145891730018304
1238529515824930816
1240148243847266304
1243964372944162816
1253328322592829442
1242604176233775104
1242623696222609408
1237092800442675202
1249413534808559616
1242611654803644416
1244067745181794305
1246680741477355520
1256323555647578112
1257454407517720578
1260826509519933440
1242636653052563461
1258403986165477376
1246801117544976384
1237189037661679616
1241884020733927424
1245927774591705088
1239917632666533889
1242515844845817856
1245703982678327296
1246870462975500288
1268670988679442432
1266382975903633409
1265004046819012609
1252967593251463170
1252712173295542272
1245692143110258691
1246229046632960001
1246099895607418881
1264540560901025792
1235731188041445377
1249018254326194176
1252444615497539584
1254994902133301248
1239634990561808385
1251303272993808384
1238315746746232832
1255686302533476352
1238528883344822272
1244564103567298560
1239719548795768833
1244768903340810241
1242895546433409026
1264570291113521152
1244410478433992704
1249436398324613120
1242319256231874560
1250191394213203968
1250188568531615744
1256470910090936320
1249995357947228160
1260266429493899264
1261515536887767041
1248432042477412355
1243634922876571648
1242119467015913472
1237487229762592768
1251284820191113216
1240584198915670016
1242842576345915393
1245059256685965312
1253818668909289474
1239671476766126080
1241923611071369217
1253328067549790211
1264723362724507648
1238073652534546432
1241117460058632193
1260300426575929346
1243013477687390208
1246617928180461569
1244149119951589376
1239342798911893504
1249349504043634691
1235981090377977857
1237503941912363008
1245840324049567744
1242899904571138048
1266074617396867072
1235964337883234305
1258441175465254912
1243943544680669186
1247355901834678283
1240451130573737984
1248376279520309248
1264923143669342208
1240646039142449157
1239660153483345920
1247745995821072385
1244330618973913089
1243521600349032449
1245336604115210243
1260404594351280129
1243373931894980608
1264567143309312002
1270590066818072576
1250398492960231426
1245928166218059776
1238151324165967872
1243921000057589761
1235603568834392065
1243665534467444736
1239236799689404419
1255245120137543681
1241104063816544261
1252345988187996162
1251627422258102272
1247205630751858691
1243970200623431681
1244041732947247104
1251299223124893696
1241846203362377728
1267455177658732550
1251341387238277120
1243967629145960448
1243963017194123264
1238885623852699648
1241495223076712448
1243964829745864706
1248127464460582912
1247271491525382144
1258614268741554177
1264316930774626305
1263839060415574016
1239043528732233728
1237895834991132677
1247694597544792064
1243417374553858049
1236730840144433152
1238255762008350723
1245557672109203456
1241848846960877575
1247724591272755200
1242123669393920000
1255932077247049728
1250156681180221441
1267199054640869376
1257155045209960449
1264947512244199425
1263838418829639680
1270622664571457538
1251920541939691521
1242215328479727616
1251257635023622144
1268726547617177606
1246992487429763072
1245183462505467904
1238312558102302721
1244748459292254214
1241038418680991744
1237847246671974400
1258987993051717632
1243041074882334720
1245185843255369728
1244502334094209024
1238861191834787841
1251652581731885056
1270369613314834432
1239312194589700096
1242318747303432193
1259131008776994818
1240644995855441921
1256343693516103681
1254184312833892353
1238889507606261762
1263942166449016832
1241161710372880384
1247934461523582976
1241352969192230913
1251990734246297600
1252001330048032768
1244750186070413312
1242899968823685120
1244752507676569604
1245914649813331968
1251117068268695553
1247924584990625793
1262377587831115784
1237124513902383104
1252697521593311232
1243194382582333443
1249346403228200960
1246671370366251008
1259288870417395713
1250530496519368704
1250783847395897346
1251989591675957249
1247744486874046464
1268301983603023872
1243954965808164865
1235392727493140480
1241468568685793280
1257742050268557312
1253459928414470144
1236732223832780800
1251286893775314944
1261261431762063360
1246465597266780161
1255553666326528000
1247954334345646081
1246979093171556352
1250116669650792449
1238855848832544769
1250527729201541125
1248714209371623424
1245185080282075137
1252283226715877376
1258394105068916737
1253256614296948741
1239938389614288898
1256049832491315200
1246563484697010176
1269318745672966144
1240315927792517121
1257871342260502528
1254894368835526656
1240108154936889345
1241604794399113216
1253505838959869952
1250185812735447040
1250186521564471296
1242994506863009792
1241439357057155075
1251413253361565696
1238166019354456066
1242999142529421312
1239802255919857665
1267871904095809536
1254205686529081345
1243751395271913477
1239417940983734272
1249086018034098177
1261704737331638273
1244462468014862336
1243528709614604288
1237976366533840897
1244878186376093698
1241604586168705030
1245181679599144961
1243207075007623168
1239988260702547969
1243206654382006274
1238163720309637120
1242310268559884289
1259284955001053185
1249170002462334978
1247304289963278337
1245185584320012288
1241144958263783424
1240313671395336194
1244746096099749888
1251120286000271363
1246083693711470598
1236852883955445760
1249776896339922944
1250508383574044672
1262235090446249984
1243020357579071488
1248313166951354368
1241407532586774528
1237988035150528512
1244757634093174784
1243591472936439809
1253803915717439488
1238545973690826752
1257336644979613698
1238548204754333697
1238126366190522368
1243242561486991360
1261694211784507403
1246111038157848576
1238550746846523392
1246111626618519553
1247837826445524993
