1268048154261442560
1243739857370910721
1254129008175972352
1266741445685321734
1254438945011662848
1241788682211864580
1252667229533016065
1244790677336199169
1239192558993113089
1254870705352708096
1257363591419789317
1252640938482171909
1255511676046258176
1244846900987166727
1239053044731514881
1259872015508439044
1238139319178661890
1241012852909133824
1251750024742080512
1268617381070307328
1258751017509888001
1263969282481967105
1244633927119183878
1239262416590028801
1246856504004808709
1240467526439534593
1245421024839184387
1242531375477071872
1248316880584138752
1251751366986432512
1254521725838032897
1262575571034345472
1239736070192889857
1249380584876580868
1244084945460568064
1250915347835822080
1244430191629385729
1247276063572602880
1245066954257416195
1245448062564216833
1238653897209757699
1245421921753325573
1248401823351726088
1252271788362534914
1265639262139101187
1246573975318286337
1243359482689671169
1256663219688615936
1246505684725895179
1238686863801692162
1241479391487635458
1245127651049844738
1235717258829275136
1239598885980508165
1238080714790371330
1255931112460779520
1243942458125320192
1262814389742206977
1244364009891139584
1248321370947235840
1251753154699505664
1239585267843059715
1239870153833185280
1270064847787565058
1250483673067147272
1239740923581521920
1244979554772541443
1249415072537075718
1253020252511916032
1258244093672599553
1262021153679343616
1244979054182367236
1244372030784450566
1267957661074677761
1258592804613304322
1244640490521329664
1239260166945726464
1240937250877321217
1243332575583776770
1262583929715949569
1245821595312152578
1247969851966140419
1244790856424587265
1251132322541428736
1245100255416385536
1243737916238692353
1245164234352340992
1246475822715805696
1252572720145092608
1270064009698566145
1239371194723454976
1245897797993467905
1237819772466802689
1251132092756484097
1240048407881961472
1249722623698837504
1255567707724025859
1248340604196737027
1239409947265335297
1245536029928345600
1242420310554574850
1253554376049856512
1244933594310750209
1253030804063690755
1257489964880859137
1245069479492620290
1246212335045423105
1240764278333943808
1245442199719903240
1243489673172877317
1245711690714492930
1235765103238279170
1252668514890121219
1265714304680157186
1248438806879129600
1237782135907516419
1259915822350381058
1236425586077245442
1237789374751916033
1269319190852382720
1246181641363566592
1237416014457057280
1245439102352318464
1242943638415511552
1261859333916237836
1239400164198096896
1262816417537236992
1268974416681205760
1241839978528878594
1263103424221995014
1258103203201265665
1266020756934340609
1256327473580527617
1237854597210759170
1250922051885563904
1254121164202545156
1243328085019299843
1246158189017604103
1252272615810629633
1250146543048556544
1243738759033749504
1245118998552985600
1255598319147061248
1249895102748790784
1255690676056002561
1246263832445665280
1253077768297947137
1244663315906859008
1254760796317454346
1251608916674437120
1245713738205999104
1243356980644679682
1259892911740792832
1252213066051313666
1268250799316049920
1255705236351733760
1239037823942041600
1244054778436599809
1250138807514673155
1257788020171792384
1265715437406470145
1245122308819337216
1257381176232284169
1244790034420715520
1239691593319362560
1242683431580045314
1247947751247282176
1246196040799264769
1240870341204942848
1270065264776949760
1247627700661084160
1265351400348962816
1253441989527441415
1243746220507574272
1263548414366752768
1252601525156880384
1255928973214781443
1242498442154446851
1246539281100943360
1250122063681126402
1245175395990855680
1252670334358167553
1252673251416969217
1241195222333358081
1247546047569825792
1261817740475670529
1251711827626594304
1258104844767944704
1247657998887137282
1247671925440221189
1258835236823146501
1246180814259458060
1238143026792464387
1242928976324169731
1241550278274494471
1241107327123632129
1255690912946151424
1261465434898829312
1242809319881609228
1245325436130861056
1258418728431169537
1238101251080032258
1249056204271255554
1243694071702589456
1253031967626612736
1263903876689924096
1243235291109953548
1243331493595942913
1268974433546440706
1265354935568420864
1248683067109068801
1238973399210360832
1240398653543591939
1255627966165508096
1270484408668217349
1250123877507895299
1251111034296905728
1239371251338153989
1244373293794287623
1251758583491985411
1247573590750396416
1244028983810895873
1237510654568943617
1248957204646019078
1259615859502469122
1235803109076668416
1243265484230967296
1252750615425568768
1269354478005891073
1242527118032076801
1261729103130091521
1262813572977102853
1258370165072433152
1255335788126109697
1246810056995352577
1254578879030845440
1259122186163535872
1250910209674969090
1245200291131244546
1258114605328535552
1240265798209409025
1263546707645804550
1265355995766800385
1258852230247198720
1267444225219624962
1238909528424488961
1249062778301751298
1240471978068279296
1239262851249954817
1240721479680921600
1263257667440697344
1245529409567760387
1248844052524605440
1244212543876411392
1242976287205068802
1265353089143447552
1247674676249272321
1239091480817471491
1252239448999329793
1237892171061026816
1241868105334349832
1248321360432070661
1241901223957139456
1253862187162091522
1257849083106078720
1256328137547235329
1257124393668542466
1255695179694178310
1256351567005040640
1266950545270505472
1241840406989586434
1235679850268168192
1237339169732669441
1246181496676892672
1242468332281962496
1237775548149043201
1238319917079900162
1246969459891482626
1247524405225250822
1246420626849570816
1257458927253454854
1252742165748482049
1247728122763661312
1258460089448611841
1267889301506928641
1242464292273672202
1265454402694983686
1241202508976005122
1252304908889526275
1256657440457850880
1245195948852162562
1265706699501043716
1238990183468597248
1238594776041172998
1238680987397218309
1239000682574815232
1245526036395307008
1252235725568802818
1243255515930648576
1243170060358815744
1241618696826761216
1247225296526467075
1238302094219792384
1244411227067092992
1255566603581820928
1252798799204007937
1268281746140921857
1253143547643133956
1249008519426211841
1241892226864689153
1260058337862918145
1267433074792505347
1256060009227714560
1239402674774302722
1238667936778330113
1251759205335392257
1240723751634960386
1244701807030538240
1268613448558088193
1268613866692456452
1242684585181433863
1241156373884424193
1251541541044224002
1270462781783969793
1248851976684802050
1238998666838409217
1249033205556154370
1261365034824855554
1258750374321754112
1262815185477283843
1240372961653260289
1263198183951302659
1238184123782529024
1253030221160296450
1243386761633345537
1253306695318671362
1246291507931480064
1261053587699924992
1236813693784121345
1247510441011617793
1251767199452274688
1240062459639140358
1257705413304352774
1255507153298821127
1245376244021157890
1256995675050586115
1249003998436302849
1239300826897756163
1237369220201172997
1238280672378306560
1255929691497791489
1241045174396092416
1247620641253208064
1242302555046187008
1263542445041766400
1242250329657356289
1263904293620527104
1266715650816389122
1248729083124617216
1257746794659840002
1244661351320035329
1245014127044673538
1248099304415399936
1251757115628310529
1239843888216580096
1261728641911795713
1238216394413608969
1244699726026506242
1245532648979738624
1237918844271935488
1267163957141389312
1252319505822494723
1242247233925414913
1248526704487936001
1262457179157737482
1249004600763592715
1242149082925117441
1237814021522444288
1242655574455660545
1240027513700716550
1253754923935838208
1253572356016164864
1239264353381122048
1249152354965995525
1242784392982024192
1266467553905344513
1242786087115853824
1240595672631517184
1259958209776926720
1241886038102028295
1237861229395243012
1253516770587049988
1238988308279177216
1255569161318731776
1245547596996915201
1245890804243103751
1241622713267040258
1248729005081145346
1235665922758791168
1245062640252133383
1245777893021663238
1256385198461247488
1243112274786693126
1239300304245571596
1238290659980857348
1240806494381146112
1241674079444389888
1239708497442463744
1246945536059617280
1262452025964494849
1245086094284279808
1241818458892972034
1250448183886520320
1262127527579000834
1239352098350862338
1249397779845308417
1260280081227931650
1252669538157633541
1259832172170657797
1250981433352638464
1247965019985362951
1264225951501746176
1252591002596106240
1249340069632229380
1263541572416573442
1248032527731884033
1250135598914035713
1251229276361429002
1243140837401399297
1244839046955913216
1245142115497267202
1245352783030730754
1253524507677114368
1240596657630261248
1238924866369327105
1255930582363787264
1242476883930947584
1255634547896696833
1246156738623082496
1263184702422372353
1240081178172051459
1251944808219901958
1244106675101073410
1259993799473934348
1248072643825319937
1245782846071017472
1252034212582080512
1249785357375332356
1248417931173580809
1254876125869768705
1250859390489563136
1246818903113764870
1248932810771046400
1248935621453844480
1235596473783513090
1250858754326900736
1263898007998795778
1270065320573702146
1248202080092860417
1261730648324218886
1246629772710551553
1270424245315809284
1268613436969152512
1251942728574918658
1235408643346087937
1258217676977168388
1238617000072617986
1242067372699201536
1250397820064010240
1248959144788463616
1247731722453737472
1242222922481229825
1255206457659854848
1268772820483477506
1270164368135782401
1246079461684056064
1261727862228504576
1239948845863374850
1245401780910989314
1244341017383485447
1240035899104276483
1247187022487355392
1236070620410060800
1253407691961065472
1246627992584978432
1261730442434183172
1240470950618988551
1242249713249812488
1248158167856537600
1242921174071422977
1241497420783116289
1253180741778898944
1248204005366530049
1240013058069557248
1247986650904514561
1237928031748063238
1238187294248636416
1266059479482859521
1242184696198463490
1239392320610611206
1235703345966469120
1239325163038130177
1249202601398329351
1239698879907495936
1250442265639546884
1248064175307460610
1237923791650594817
1248804299636903937
1244809171989663744
1239590053644587008
1246305945023590401
1250440276516016130
1239949091553058817
1236773292436004865
1240645327000145921
1256598497253605379
1243866733724815360
1253376702962679808
1253122879685828608
1241181177664483331
1240446567456346119
1247595508077662209
1251911801828184064
1238837901359792135
1261732708750888962
1239513394295771136
1241141682420297733
1245387679547695105
1259983558057373702
1261728779942203392
1260549751117877249
1257863657985323011
1252952243931930624
1257472437266059267
1239517027699699712
1240027736946720769
1245226455757402113
1252652159792971777
1241947440292429825
1248981099730132992
1239646819422015489
1250837322595262465
1243530790190940160
1243004544272957443
1245798006470868998
1250192771190861835
1255933189807321090
1241498347371978753
1260970129359278088
1252034748907687936
1248612373008543750
1259970123001147393
1238901931218817030
1238928369045118979
1237002907637161985
1250075852508987394
1246100415684456450
1266221739647930368
1255782721416318977
1260542969821700096
1260278183250866183
1254851434555879429
1237917429080240128
1249490586404560897
1239590492721029121
1256613225782751233
1245055615610884097
1250183258064781312
1248740777666187264
1253393254994894848
1243230620509188097
1245878271377629185
1246907870102388742
1246063040623251466
1237193145412132864
1253451792479916032
1243958264171290624
1247559408206385152
1252225881256452096
1247512775091531776
1264384908887076864
1267888448503001095
1241849880638885889
1244306786573856770
1255920572594188288
1248739137450098689
1260152154926583808
1252244867360722945
1243137219034075137
1240119640472330240
1246269543540043778
1241028380864262146
1256292693979860992
1247694579953958913
1246278809458008065
1253663337503698944
1251319683132817408
1244442906108268544
1252253966781632512
1270032511620571138
1243613018476425219
1242480519964745728
1242163263229566976
1250403562619887618
1254039118763438081
1248685674682818561
1263177782898708481
1253034255615213573
1260350300239671302
1266111618913636367
1243574223521624064
1237198894561402881
1247656372977704962
1246924188230856704
1237858196896845824
1239289394277888001
1261010855099092992
1268253288811630593
1253876702205431808
1241074550978330627
1254796512032366595
1256345493849980931
1238525236133453824
1240074638388015104
1243577804962385925
1245217580811456525
1260228830964396035
1269253830748844034
1250412672090341379
1239033729143705600
1237922157042294785
1241037192451051526
1259331122418331653
1262869499096621057
1242961692780310529
1238540978107174913
1244042144429625349
1251981036814204934
1244685993644453890
1242816479927599106
1264641842286559232
1240811138125873156
1254820007856537600
1252960958965780485
1239716397665697793
1237868472081592324
1244706560636411905
1260075649382977537
1252336136694853633
1247859213356937216
1239939661029507072
1270222698464137218
1246175080213872649
1245875862471348225
1245556616826621952
1237870583125143553
1241945601450835968
1243923943783890945
1242833201820819456
1267517399051403265
1240074675327307785
1237201146583953409
1238247075772497921
1238211801231343617
1247993148489465858
1262068189879504901
1255205808259858432
1242812620291428352
1238253425642680320
1263539100075937799
1235645870680551432
1247541618564927488
1250893247431487493
1243555997970575360
1245207267538087940
1265715899039916033
1239020070233309185
1238006522959089664
1244715407178715137
1244686046224437249
1255204504305381381
1238066744033509378
1238316093145571328
1241509616279670785
1237843252616679428
1250192495901691905
1244387711588478977
1243662998952194048
1240323254604255232
1239941216856399873
1243009564200644618
1242999988659130369
1248684652707155969
1257044350934175746
1260243842391048199
1263539306259496963
1240101351499141120
1238993038002794496
1240784205136703488
1238490943575281666
1258469632350007296
1258583204044460034
1254893217826422784
1242600435845914625
1246599048355893248
1238372026131386368
1239339121568559115
1237058685706240008
1241235058779963393
1254823218038308868
1243965895090876416
1245563189003247617
1245393551892123648
1258394243925782530
1250128302876000259
1250467798482067457
1244840416610070529
1255578542798188544
1239222230174838784
1254821246077931521
1251747138637385729
1243682317501071366
1257017290396176390
1270119995935281153
1238885368105250817
1243659607932837888
1257047019631321091
1252972301961789440
1250891851663622145
1239013091138035714
1245555655022436352
1243477163577421826
1253394548845355008
1244686241976791042
1250932409257865216
1246543268076310529
1257501388629848064
1257802753247756288
1256746011709620227
1263675259200421889
1253391999639658497
1247924705908137989
1242610099610402817
1250852523356958721
1252840806290845697
1244244255754850306
1235990248372473857
1265046015574528001
1239171504388087808
1241907585562939393
1259471561028972545
1256291832272650240
1241071234370199558
1251968833948135425
1239921176471834624
1238245276168617987
1250467300370677761
1238064177803116545
1245410707987992576
1247205913661976584
1256785079273218048
1251746790979878917
1250845647084929024
1242610241692405762
1247934244636295170
1270100958824062983
1259977001768816640
1253855152626376705
1236707279090712576
1244442975213686784
1263679292673863680
1247202852776402945
1264535802593398784
1254172570619981824
1247002164909703168
1241585926666629125
1243691291461943297
1237199332123774978
1245168835386396672
1263921305616740352
1242836520039481346
1243957175736840192
1262470465521664001
1259975782031654917
1251298761126612992
1245686714238148608
1250048541688573953
1263920864640274432
1249294620170883072
1236710106303209474
1245394029778436096
1261680850904678400
1245393180926885888
1241059318075731969
1244744588637732865
1243177735884877826
1247775766143569920
1241148958849806336
1257740958302699520
1242178572565065734
1254819183814225931
1247910473061842945
1247235830030249991
1243182944103084037
1256786854189453318
1236326037245616132
1240408592362209280
1257742243202584579
1256741533136621568
1258388171378876418
1240479145194291203
1237866579448061957
1260233712756838401
1240106997229522944
1252432194846330886
1237092105853579275
1263841620262293504
1261311458752823296
1259973829507637250
1265729902202040321
1252941382060249088
1239432576730873856
1266458580783431682
1261120441386745857
1258030699996684288
1249319348218494976
1248713945793396739
1241543597620633601
1242799014699040769
1255184863600271361
1257742182112538625
1266077211196559361
1238859601581309955
1238980190107250690
1255575304392912899
1249782430074101760
1260591661299752961
1239993097284714497
1239308892234027011
1237974428119707649
1243758560120639488
1251970515876675585
1238981044017258496
1258108438275637253
1250545385682210817
1266134230549041152
1242179756315082753
1240711552375959553
1263622263208677378
1243348088678481925
1265528323079274496
1258465955967049728
1247238443077435392
1244733508016373760
1244334205619798016
1238063793743290368
1240568123658506240
1239282725246435329
1245360710445608962
1242915804263440387
1241969863863742470
1260590631791009794
1240780560987049984
1242909982884016129
1239146756773986304
1245184191802851329
1249393552821452800
1249316229111824384
1247235187039178754
1238980960173076481
1242266473734774784
1258465238564904960
1245755067145338884
1255087642275962881
1244753958511546369
1258465442634633216
1243247465605861377
1242142211237609480
1258467595772219392
1236857838737162241
1246112538049294337
