1268332942046007296
1245586766167330817
1249911332977004544
1254134534347448320
1253382679338217472
1241240529779580928
1263702021313458176
1250318606962814976
1250103916882063361
1245639483791298560
1266774088275509248
1245491010601287680
1253754414411595777
1242242804933201921
1241106059957166080
1240047929378975745
1239268510716420096
1238944655519219718
1246836639512457219
1240760398439043074
1235946968318226432
1242164865071861760
1266573612904927232
1257822650400829440
1244846981689659393
1255258859280781312
1247245847626002434
1237840340398141443
1269875405818925056
1240871321279451137
1250444281103495169
1255226624364118017
1241598903834701824
1235799671232069633
1242138307741573121
1246938613960658947
1239742988596563975
1244841773488209922
1246909275709947904
1241532221724352512
1249374109735084032
1242749425086124032
1254575925670277120
1262419837768196096
1246090931855450112
1249725860120113152
1236505560746356737
1241877068012376065
1246154173915095040
1250069238313877505
1245819029731692544
1247222807387197440
1246265379401248769
1253383152678039552
1257678321048936448
1249127435532148736
1256351026061303809
1252734342322946048
1248245810501840896
1244634968279494656
1246399160133144577
1245781404006232064
1238320679495159808
1266141579275669505
1239623205809078272
1264982551195574272
1259180379342278656
1248888997327192064
1241782358648348672
1250276635397345287
1240820568707854336
1247619851650129920
1249269195033870344
1260312273274331136
1253314689779421186
1247369812298194944
1246482084991922178
1247062299984064518
1244827682002464769
1240796866872094721
1261047353286500353
1258943795430780930
1249837652368437248
1247646399115563009
1244994947708682240
1249209881988673536
1259914021341261825
1240136906408591361
1238863284536659968
1238643904070561798
1246954616765337600
1256371565433782272
1244806619751305217
1266510440986587137
1242478187562467329
1248860282375393280
1253050207698251777
1246472543583657990
1239370330897920000
1238268387626639360
1242946164221046784
1241806999865548800
1236379919120121857
1248842653321420802
1245084668774371328
1243781842873888769
1242299158016348160
1245951214904197120
1241188892042297352
1245448058965393408
1256034243731271681
1263569104016797697
1237469738495651840
1243698419929100289
1237592307362222080
1240798256084299776
1237014088552550402
1250872900023758848
1247219678507761664
1258487673435467776
1242987145955930112
1257023979304259585
1262123176684744704
1237779875873714176
1239644460893368320
1237014680024956928
1250954564943011842
1253420931080286209
1242301050951888897
1262125251766476801
1251597868617445376
1243742334942052354
1243784635638616065
1249411503620382721
1263195797346279435
1251592741517029376
1244495267648262146
1264970038139686915
1251664622521745408
1241639278297243650
1244803030412713984
1250914848768061442
1262528672176549888
1235016371357888512
1242681505446387713
1246714894906322944
1240380999503974401
1240699156936581121
1237780374031237122
1254586775281913858
1265702521919553536
1236489510424170497
1241109770838233088
1264090021205696513
1245934822393970688
1238031606100549633
1258953588149108736
1238652112004734976
1242539924554838017
1263351527038529536
1239364335161368576
1269460009080913920
1253054782115246080
1246914850241953792
1243504564109787144
1244040830328827904
1253043582153289728
1240185704853811200
1240306208877072385
1258147347718041600
1244427365532332033
1238217237011369984
1251183202841985025
1245107692835721216
1246130689952501760
1258042626869059584
1249371588505423872
1238971160064184320
1250335044410867712
1242470592961376258
1248734599292669952
1243197573508157440
1235229798403723269
1253150430177095680
1251271656154128385
1247672068008628225
1257090137252483072
1253552792259584000
1241105851500220416
1238697362320551936
1242380190082310145
1244051084542234624
1242325993697587200
1243745424063614977
1239409624568057856
1237444608419753984
1249899527768657920
1243621446229716992
1244694604730884106
1241571506880163841
1237096045869326336
1246101080301170690
1247661410978422784
1237857199742808068
1246614452239130624
1238605311243481089
1257682309400035328
1244848602704314370
1246491504681639936
1242587452075724800
1237926616661024769
1247503308488503297
1263145260596596738
1247008754454810627
1242571259113684992
1246210862618038272
1257772449569083397
1265327656611938305
1240778542293504000
1238028120453611520
1243626946329595905
1242523684088078337
1250805011396751365
1247227861506723840
1236037141815111680
1253151510080323587
1246603207595282432
1240293984603271169
1241477997493772289
1241773948947365896
1237782517274398721
1241124691235844096
1240123737002979330
1254123866240110594
1245438271548620800
1239299412838371328
1255483352485974016
1268984587201331200
1242209501966553088
1244053032880336896
1246859445893619712
1240892123932585984
1246860976856510464
1249759474211938304
1236698568603271169
1240519895076368384
1266571774227107840
1241012328939827203
1241535640086310919
1235268787936493568
1262889105932746752
1242579045125992449
1257059884224282625
1235750863894790144
1253151705023172608
1239553780472926208
1252089327821090816
1236505860416786432
1258384523055726594
1238360727951310848
1239042105885913089
1236029634396876800
1242977820915068928
1247667659824488449
1240173675334103040
1250573343280922624
1241243688870666241
1240437436284416000
1236505938674061313
1251664960343564288
1251994688862601216
1243855860729708546
1247970642588139520
1238307738137923584
1246185560261005312
1237826669156560896
1236319475491696640
1242387379257778176
1253439734640066560
1236699790777487360
1268678961459900416
1257217650788143104
1244084117337264131
1238459488098754565
1238325152703627265
1246422843618758656
1243328539018924032
1253073181755097088
1256667750740590592
1243516604333412353
1240802291499692032
1256670685151162368
1237446651515568129
1255225449686450185
1243236069484699648
1238880498065100800
1237779615541686272
1243287984469725184
1248341774424100866
1262813559085363200
1261920192940011521
1241105501628162048
1249886750127742976
1243695480959205377
1237781361156481025
1236782222541111296
1237071941892075520
1248695150563352578
1260581174071701505
1241240119610241026
1236380619958960128
1243283951088586752
1235800268760965120
1243197426535510016
1244451593883279360
1243654023430848512
1242679619322445824
1241266064505229312
1245015074743316480
1251518897825566720
1244326316763201537
1248661035655012353
1238296607218520065
1259264695963250688
1242375714588045312
1241201637449846785
1242497285692375040
1242529378980020225
1246913760163295232
1242279890230988802
1237831646935543808
1237228703014432769
1247671684108189696
1239594752158253058
1256973875675459584
1238462326338023433
1236662477766537216
1240116623664484352
1243461952065724416
1258447304987537409
1246481726198571009
1238644150934728704
1248260866828570624
1252543532885094400
1245160231258259459
1261553014935977985
1268583834863337472
1250817543888986112
1250109861238435840
1241610739472728064
1247621904338317312
1236141086491291648
1256941754319699968
1256942507956428802
1238830682526253057
1243743598903840770
1245131192405504000
1250912173620031488
1245099966625808385
1235025657802842114
1247937520400097280
1237438306373251072
1240465853344133120
1252670451869876227
1266590791314464768
1238959772684017664
1234985960057663490
1237173418102947840
1248730008895410177
1236779646122741760
1264275790138454016
1238912897025069057
1256382425946443776
1248224669217353729
1238134521901371392
1246262254397505536
1249210571662254087
1246208802086502400
1234974100482691072
1240295690657353728
1235828634796974081
1256983650794475522
1237582687512039426
1260976995782909953
1241552319092670465
1241394715200598016
1236861532363001857
1251343306186874880
1253559367409872896
1266965879016656898
1255611426741219329
1234933532616581120
1245198128363589633
1236867778272882688
1245606553190719492
1245069995521888256
1238448586800549888
1247846627043229696
1249809340787085312
1244667716981538825
1238944394675253248
1253816615956738048
1250444289185808387
1259638226127482880
1248259886770577411
1237173589914206208
1252596615472267265
1257028171809112064
1250794102049738752
1244427817397260289
1249051582643105792
1242323129503870976
1241899341540782080
1260204709110935555
1241897929163640832
1243047603119353857
1250145948358987776
1240956900084252672
1261340429452079104
1256497224642486272
1240867913898156033
1238945305296592896
1244360660445736960
1246335332020154368
1243599489450905600
1245160664810893313
1255482763739873283
1246240841577840640
1255693834408742913
1238266075000651778
1239398262051749889
1247166676841316352
1253380342821478400
1248645496769409025
1237590890329194496
1246614250878955520
1244362856469938177
1265709158482866176
1246154001164300288
1241294392184328192
1234992017014321152
1250444263818776576
1259860989652226050
1257186059642761216
1236384553574395904
1247173238934790144
1256313254613155841
1240837289242066951
1246614762315603968
1243886265122127872
1247228122061127680
1242708652122767361
1253558345304162304
1255891109370200068
1235286140527226882
1268332522410086401
1265828911297867776
1247661144291995648
1256295207127126016
1240878258658267136
1255340749027258373
1258500972118065152
1238606366043860992
1251569127568769024
1260455620538499078
1237218775696470017
1237608887374639106
1248917490177953793
1236886508595843072
1262499745714409472
1246999796402929665
1243367391607709699
1250627205110980608
1265129586729328640
1240373762492526592
1269806576405147648
1258760264637280258
1239579470782009347
1238675967863750656
1259454525225590784
1254462242348609536
1243221145450500097
1246863371187576832
1241895619687591937
1246858907747676161
1237968188056326152
1247672221306253312
1241837493558927361
1237830552134119424
1244454600012206080
1243583169045000192
1257135739273437184
1241963833104588801
1256661079989587969
1244648640221609985
1243306590444216320
1245066305595559936
1237439854696251393
1242986477975252992
1235042228965224449
1244051047988867072
1243742534125252608
1247586863855988736
1244833359542407168
1256457925226160128
1245197728524554240
1262564645224607750
1246511631581888512
1238290448617107456
1258171006872502272
1263869395379650560
1249884603973865472
1262194436311662592
1244449327952457733
1241539159711350784
1240887884007084033
1255474728720105474
1258122648367714305
1240799586660175872
1237782068978831365
1241551498837983232
1254148327291015168
1243338094981468161
1260602186670542849
1240094038562234369
1238556937496612864
1247033274179846148
1266881116587335681
1257508861159682048
1235370524970086401
1240911693120712705
1237855917607014401
1235361362618068994
1259638524451549184
1240301894196531200
1237928115109675008
1246166584483147777
1252102255223791617
1249082957152706560
1247167129855471616
1242554754879721472
1244320837911465984
1251382503392161793
1241242231232557056
1242496382423855104
1238269656806256640
1245589813891231745
1238648152275615745
1251713192591421445
1236537142039347201
1257123861352472576
1239053262923284480
1250070313292959763
1242449095899238400
1242523981699149825
1242558108590694401
1246862826032869376
1249814163456581633
1237071859188781056
1246539044881698816
1266498448544555009
1263222778909429760
1240978489328562176
1242537889956691968
1260608943568465920
1260441077242347522
1258001170955550720
1236553092960665600
1267131457819914241
1244791004462383104
1245073302265176067
1237614356222709762
1241216440188801030
1250525602018283520
1246644108879212544
1241215756672499715
1250631371787124736
1270604498801737729
1239641497546326016
1237760995545632768
1239493142191034369
1239261072692928513
1245772440896225280
1238301805945085953
1241537020209459202
1239754947870113795
1243437410463014912
1242138215110209537
1235634877996900354
1241875948418392064
1239492738053099520
1243561425345187840
1257530780814721027
1246065653389209600
1248399599204577288
1245596930572341248
1242546070594310146
1237969181833719811
1239672475203461120
1259270598909472772
1246610491872382976
1249897596555935745
1256218387790786560
1247232797007204352
1240308143059435521
1237418024501559296
1246181905164144640
1245742468139606017
1261535738824278021
1237409447690952705
1259966646992527360
1238449019136774144
1235672856454819840
1242985548735754244
1238953585460670464
1239624504902438918
1243391351376367618
1240796836148830210
1241813295020912641
1260063922100424710
1252315245328035840
1264707172266434560
1258836349173432320
1244665345849225216
1247438678508503041
1264274325110063105
1242523193371291648
1238089759223721986
1251017858030559233
1240863358338793472
1240914303445798912
1257079394092281856
1260458058897133568
1234898430897487873
1267946348399099904
1256805974288949248
1236409845139378176
1260339944242835456
1238298679187869696
1239687194417102848
1238868914802544640
1257928747052699649
1261655324236427264
1240295242219175941
1241890584463159296
1237584186942185472
1240092972823138307
1245738361123262465
1234918325844496385
1241474496260796418
1262782118884634624
1243045749744517120
1248658714032128000
1257683297729081344
1266691387367571456
1243285090274172928
1247375181766709248
1235508801169575937
1235690140380454913
1262514167690301442
1237248555166748674
1244166899673358337
1252670265751789569
1255326808687480832
1238272291189878785
1239405760724926464
1243251840696717312
1245522006382018560
1248280058617159682
1247282174270648320
1247950316726710272
1251162284774182913
1244464595030413317
1242588897801981952
1255276322491957248
1256080505595817984
1241562930208006149
1254154620114317312
1262389400064966662
1235671826216259586
1235660165916983296
1242438624072744960
1264969674426421255
1238301330579415040
1241551603812814849
1240437529062465537
1246556983722983426
1238099783601930241
1238517117336440832
1254869647863590914
1240097207505653763
1243337245517463553
1254176840580816897
1245864651570606080
1241466259868246018
1254781128273088523
1250621186725183489
1244123338496065536
1240759816395448320
1260392239911464960
1245049318848905217
1243584696992165888
1262610694425333763
1257795074814996480
1237817699822010368
1236485026012782593
1250624779217891329
1250660254066421761
1247861419925630976
1237140518011719680
1248816115410546688
1241206470487638016
1237451002506182656
1262510601340944385
1258206192016355329
1267139652969881602
1239409081539907584
1244375046333726720
1238536564679913472
1241122977929805825
1254972157895020544
1238308352318304258
1237052937039302656
1262603741850722304
1259916454088052737
1251596563043893248
1242471720990027781
1248077782631854080
1241740586811641857
1241756066892763136
1245446601457319937
1237565099377750017
1250698520585048064
1247711860268335106
1246701007481884672
1246537357395804161
1249722431331131394
1239749975828881409
1245120974372003840
1246122946470404096
1241783913464258560
1240723730923307008
1243839077029306369
1242533091194703872
1246861900756824064
1264672623495049216
1242657611352174593
1251365422298882048
1237578335133110274
1266801269521264641
1243172420241907712
1236006359562194946
1247608602514292736
1239292358627176449
1246146165055164417
1270507101035679744
1246488234231615488
1255322546217652224
1255868932906315776
1248469238865489920
1239100926712922112
1240568726241415168
1240821261162299392
1254556978015174656
1241689991572422656
1242251771025612800
1257123537145352192
1249836340721537026
1244994880050327552
1255593708444979200
1235699844678733824
1235316264651968512
1253017529951240192
1241896871242510336
1255978974485733376
1239781545243631617
1263104710195601408
1240202904574652427
1237768362039455745
1237768560010616832
1254616545436688384
1238280230143324160
1241263729666174976
1237891390547189762
1245716127751127040
1250872063142752256
1245851577191034880
1235101583748132865
1258802082091462658
1240301450061918208
1249543660267397120
1249930742349484033
1238645606773444608
1264548630972661760
1238268549157646336
1258913810573750273
1250087554012995591
1251210572655452163
1244388888161832961
1243631824015740928
1248316576736006144
1246492834225520641
1245376616970125313
1266512489723781120
1244423475952934912
1246242175316160512
1249918160687583237
1240099190954434560
1240837082601250816
1255116088271966210
1255593340877156352
1242560527282262017
1263279242831265793
1257378740595822598
1248294654396600320
1238974272145522690
1250897855608287232
1239604527155707904
1248424510027526148
1239754994770837504
1240799867955318792
1258864016341889024
1247671102689521665
1244625038101237761
1246144764900036609
1241557255327076353
1247941113740169216
1239004013359558657
1239064281858994176
1244422141354733568
1250745582269820929
1253048527405453312
1247599849089859584
1243654988062064640
1252883284603703296
1246606268489289729
1243220374046699520
1240763146597351424
1239781621340884992
1250821111161356288
1243426089591955456
1237929291221880832
1237048048330539008
1255158600843923456
1241088792468979712
1252737650290683904
1255542392339304450
1238241367685337088
1238983837662605313
1248731476385918977
1244992668473544704
1244499054383362048
1257818905583644672
1243785707245563906
1241769900349116416
1262235416607879168
1237814901940187136
1262721361086050304
1252322440606355461
1243427516536123393
1261416826518384640
1242450208379695106
1242659483643338754
1240642149181296641
1250835215288635393
1260068080698318848
1241193201907552256
1267891395353669632
1247260522874933248
1239329759751897088
1259161672050065411
1246185710899482624
1246222259796111362
1239216054234042368
1262153649754525698
1253446986063245312
1242166387205795840
1242582642890948608
1253380822469447681
1249052722046828545
1246187194336915456
1248828283430375425
1246240545539624960
1262878165090758656
1238930108288622592
1244826512752164870
1254957304832643072
1236124582693597184
1242519636253405184
1253810575806656512
1238959893136080896
1237408575900626944
1256104928923156483
1237768616264650753
1239060137236545544
1239001246175875073
1240553086369718274
1250208815514939393
1248012781623730176
1247250364753047552
1240720505176375296
1252794348665630723
1235617549259132929
1254836419308081152
1251998066770505728
1266546193728864262
1235316625328541699
1266227310258057216
1263305289748512768
1242228827889086465
1242596398362537985
1239660748550180864
1258866939666952193
1255539850767294465
1241601416818384896
1241421106008866816
1265080653906755584
1262783705703043073
1241415549118066690
1245736609754071040
1240554580443680768
1248067902034415616
1241777585014669313
1235654702932447232
1249791030028677123
1246871989924454403
1238259691500843008
1241194406268383232
1250229186049916928
1242131696650088451
1254645250942889985
1237146010071138304
1256325670382088193
1241035393409007617
1236012789644189699
1238883916695474176
1240423876133179394
1253415458906112003
1254316521280561152
1253643279146446853
1241770370685751296
1252627847010635778
1254130512991358976
1237624419033313280
1241419194220101635
1241802078529314817
1250456131488460800
1242658790010314754
1242277375280205824
1239545560278994946
1240767108654321664
1265830792904585217
1242302224149012480
1245197687785508871
1260670798030794753
1244285074805161984
1243907417198317569
1243728505927389184
1242547893845651456
1248009131291635712
1248722304491651072
1250949359467769858
1240832768071753729
1237441037880061952
1237049055869431808
1236100679384485889
1241824052492161024
1251228146877075456
1270134727547084800
1240760917991669760
1237113848416440320
1245735204330733577
1238702128496955398
1253143670896734208
1248248252366868482
1242593989619924992
1239617627242123264
1234904251022725120
1260399692820742145
1235371478087905280
1242685838573465601
1253978397115510786
1262404022318710784
1236811316414656512
1253417373505208320
1244056898439012352
1238590579623297025
1246476500599111681
1239753917979693056
1237954941769011200
1254605164805152768
1239301099359633409
1240737224276062209
1245871713755099136
1258189652583837701
1237912605206802432
1246949264296538112
1239368098882322432
1237209771393953792
1243270740008259584
1248870275438931969
1237818865742000128
1239400379210596353
1255291456752844801
1240468276926271491
1243381107069878273
1252989015663484932
1268708041311973376
1243780258718871552
1244395091906584576
1239782788095545344
1254117672150679552
1250144130832850944
1236651289800347649
1236375266756136960
1254585588071579650
1251365205679812608
1250321681593167872
1269058830970703873
1237228376328294400
1242946357821726721
1246604515756785665
1255992779538231296
1254041574989676544
1244221581758349317
1234920804439056384
1237890336396984320
1254967549344616448
1236460263936671745
1239756138662334464
1246215472053284865
1247582790855446529
1255656947149271040
1247229950416932870
1239747723189989376
1244694790165299200
1239749319139328001
1268249478475251714
1260290005718585345
1237959764744622082
1237809642014531584
1241224374629236737
1242167293355757573
1242983999061905410
1244021430561337345
1246214478762393600
1242094576812212226
1243777940254408706
1263206808761405441
1255161115119693824
1238714505594458112
1241938363084451840
1256007278202720257
1245374674445295618
1258571210100596737
1238908629568241664
1243786296255901696
1245404203503079424
1245405245997371394
1246136933559832576
1267537274285068288
1244375883386773504
1236457848537632768
1246205527073239040
1250822098705997825
1235382278022246400
1253450694570373121
1240508061296427008
1239755768120967169
1248323029483941888
1253419779240542218
1247414925334425602
1237953989641007107
1253525584451231745
1236457072876638208
1239759826944581634
1259957860781314048
1239250226277482496
1257468669778694144
1248599345030520836
1247256271889346569
1249114226775347200
1254309457065963521
1250910415241928705
1239040700500434945
1266254659745796097
1255871485186457600
1235350528625799168
1257459247752843273
1248477185297399810
1257524282890096641
1257028644439912448
1242688753589571585
1250226422221684737
1235945009527975936
1252371840116199424
1245196205560197120
1255868444135682048
1251129311437811713
1270134362361618432
1253478458304327680
1237364861472030721
1263666255250087937
1266825515345653760
1243712615437615104
1253010757689602048
1239387595529793536
1239669606781833216
1258221483500777473
1244264396563464192
1236110918653636608
1258102529315033088
1256650989337055233
1248971070285082624
1239766084879699969
1255236076974886920
1241773749013114880
1244736506901614592
1244264394529206272
1268785814009286658
1235016281302003712
1236841093745881088
1246265634016464896
1251227998579089414
1240771874709098496
1261759284334915584
1261341655472279553
1240331399975989248
1250790724364197888
1242825099385999363
1255299645770784769
1250866876411863040
1246187871540674560
1245108846839746561
1262961905410256896
1241783691887566849
1250231304332947457
1254047418892447749
1239699710249590784
1248092514604613632
1246051874895065088
1238217394343907328
1255189248090636289
1240079172988362753
1251957398765539330
1237212730999721984
1244657233150930949
1247030092510846976
1238509965964234752
1247651222468747264
1236149613947547650
1267887318146244608
1239657211850178560
1245190583213268993
1247192432292200448
1254524027491610624
1245129473134964737
1237667152917696512
1252264392986525697
1236453897134166017
1255654220193083392
1244696278618890241
1254435749761437704
1256236261867741187
1238155235803136001
1237212394817900544
1244468715111870464
1239253443186806785
1256942163113332737
1250549266033983488
1255475150063009793
1257699584484270081
1249452838444347392
1239381751983554560
1270132490519187457
1235595353405001728
1239207550328815617
1255265752720068609
1245710285601566721
1263548041367183360
1249207230798401537
1235015818980671491
1262468961515364352
1242546588355973120
1241386902604992523
1253539122599219200
1240141965368451073
1259962969212907520
1243726173370068993
1243909188394221568
1241295283113222145
1252752372897480705
1266926318114885633
1242619116558548994
1260612804714704897
1249133265698598912
1238883183212421121
1239387348162342913
1267537556209414144
1254594445036535809
1242489059894636544
1251001963291893760
1250245588144144384
1241207669383290881
1238515870567030784
1243786289792446470
1258090284379893760
1256283987850321920
1241792087768494081
1240880794354114563
1255838982077706240
1240092031835189249
1259945383733665792
1246011658146734080
1239001324978495488
1238275643198115840
1240473037968826368
1237911161997103104
1260558005851963393
1249072543979298816
1248767565020594176
1252379602174898183
1240761448030068737
1236036604256370689
1254475738750652416
1243620280884441092
1255656151443628032
1237583009638805505
1239524253361266688
1249950842737704960
1249930881222848512
1235364791897722885
1242153654536323073
1261485138472570881
1255693412520484866
1241703723467853824
1240508522053304320
1246941248558116865
1250552272758562817
1244501211937529861
1248068218448678914
1242206283425402880
1250315369752825856
1246585553060950016
1239736241320415232
1238492173722501120
1240215402074050560
1245114309736189953
1236413270426136577
1258530250226462721
1265841453579685888
1247332872312074240
1250312348029485062
1250091438475341824
1245712969599610881
1245873982378618880
1240809276718731265
1242365107683733504
1252959661520596994
1237806013882875905
1248677135029420032
1262475168892334082
1245062392108720129
1241798162022412288
1244418112755240962
1238413282223869954
1248299015600345094
1240382411323604996
1243299703720034304
1237769219053252608
1237608292894920704
1247767560147222528
1257835687920857088
1263316972009185280
1248351162119700480
1237016996727808002
1247682035310723072
1253202356256141317
1250813450931990533
1241838867465920517
1235020565376675840
1241771716965105665
1269009813523947521
1252850895882039296
1248735254086631424
1242534063375704065
1242933056412872704
1264341305825452032
1242919626566033409
1249860836853612544
1238283569576865792
1236073264943747072
1237785866367467520
1245461261116010498
1254095056526389249
1251689116124639232
1238216163873574912
1245497519771136002
1239737257491181568
1238552639165485056
1242159645986148358
1240287847329873920
1249916299112673280
1262282070132510721
1258572335931523072
1247964514772905989
1260563955086491649
1259980582030729216
1237177603443720192
1254586197290016768
1239256862152773632
1248964804645023745
1253172268684808192
1244379551997673472
1241947743389540352
1248412629191675904
1256076893754806275
1239849906040213504
1240300756944764929
1236150312030724096
1237284148533846016
1252553759693004801
1239042471071379456
1246688695328976898
1258244597249126400
1238622554069159936
1244077720188805120
1244885098136137728
1237041842039828482
1248257747021266947
1250129677479325696
1251615547973701632
1241881409544847360
1256063417619582981
1239694629538271235
1258774572863647746
1236670682819223552
1255302748456849411
1258637862125187072
1256652451647639552
1250460862801829892
1237502322999091208
1245140370209435648
1240803869367480320
1240462655015378946
1244296800397225984
1247184313306603520
1239086516099411973
1243422862460874752
1251938799161995264
1259612891730210816
1269697523397955584
1256401523870806016
1256040097067098112
1244741275762343936
1258047368319995909
1249628970204557323
1260654638476300288
1244742393326227458
1255838620188987394
1238268043651731457
1237876931577540610
1244823714048311296
1244477483950333952
1244826123189411841
1244478321359896576
1241852412903608321
1239546436095787014
1243787060877524993
1266987321221451776
1249863884627791874
1248096419442900992
1240504911965507584
1245948061592911872
1242304372760915970
1238927314857025536
1249470209410424832
1244863904615788544
1242580291568324608
1241872925390594049
1254926723159715840
1249225117290262529
1237888086756843523
1251958945842790400
1251583493328388096
1240422845743640576
1239087049732288515
1239830734782607365
1242246335400570880
1243340136701550594
1250316114740965381
1253775739888955392
1237920472647340033
1235948342040907777
1255328547226468356
1246430171114029056
1266075010759716866
1249509826519949312
1242220428690460672
1244819024350826496
1248409979544948738
1242602414449897477
1249754293537624065
1252983942430388227
1247020703859134465
1247231286999048194
1245573563601440768
1249140967208345600
1246571416050216960
1241767006174449665
1249548441769791489
1240074365791694848
1241940442515681280
1249809040990818304
1235184287504195585
1242288910656397312
1248070926760996864
1238009601049661441
1245752095094915073
1235959771049545729
1238502663584534533
1242219039956406272
1242616358799462406
1238112643111473152
1240089230942109696
1237420693567893504
1235637804752752641
1237023532472655873
1243341053593149440
1235739030907584517
1243729709961113600
1241002730006515713
1257348226681839616
1246881939899871233
1259935238118989824
1247020342096228352
1241139514602487808
1253480035014414336
1264668829868646400
1253726158409003009
1269813653714264064
1238282030451814400
1247290094714642434
1250205486122586112
1260002155886338048
1258114516010913792
1247702222437146624
1253105464184680449
1249812913361047552
1238610235289260032
1246627591970123776
1257386136927903746
1245493306026381312
1236767084526198786
1242627493774774273
1237660357641920512
1239605605305729035
1265723022150754304
1253450767245033472
1266147103614484481
1247717147423305728
1261094438220083200
1242346047008993283
1247325885734064128
1261071147677831168
1244090998155706374
1266491376767602689
1257720004037902337
1244405995389898752
1258236351704489984
1240152715109564417
1250605055637622789
1244167679616811008
1240812193903300608
1242472459078488064
1238597970632704000
1239307223316103168
1253119373054803969
1262476227538857984
1248643851750789122
1240071422795341824
1235613886453149696
1239300231235137537
1258274318078799872
1251379341616791553
1243726008408141824
1255658459611066368
1254786056123084809
1237040285730758656
1238308440750997505
1259081942437212160
1244538040661323776
1255865284339970052
1244993880803532801
1259953375854030849
1238147712282853376
1260784269099773952
1259011779511771136
1269995289005326336
1249930064575291392
1243730456970792961
1258640292539961345
1236840795124031488
1251130365000904709
1241833822167040001
1239661130458501120
1236506997593260038
1249438310017011712
1240494134688800769
1237907204168024065
1240825755958829057
1243317650446381057
1240444484128624641
1246247686929436672
1241809595972059136
1258241260160245762
1253222361173647360
1260011545506885632
1242469082273697794
1250249794146033664
1249904185518075904
1246162476179189760
1243756440570843137
1243561489119641600
1250102937088479232
1247701557782577152
1255519016443052032
1263150361835008000
1253073982447747077
1258060413910032387
1252392141751382018
1267816919672909832
1242365405294759936
1239075144741433344
1256148907333050368
1238166881460080640
1240430902976503808
1245824635519643649
1247189682829459457
1245460829106929664
1241565568777388032
1235725183287037952
1248613752049504259
1248490941175844865
1239289732648939520
1242231688232488961
1245380722648440833
1261185178044514304
1259159617348624384
1241221943015038978
1252006419605274624
1247846577311322112
1241680762375524352
1240793274694004737
1247916985955930112
1242286150280069121
1242866107863597060
1237105437050155012
1235029679897079814
1246320454706454530
1237913950466924544
1252796256297992193
1255296668196581377
1244680059622809602
1264385986902888448
1257904942515236864
1236322808323379200
1251102738882023426
1237962594964492288
1257882804907413505
1243569365682925575
1258862177592565761
1242054925527351298
1249803028191825920
1240700712591323137
1246094799976820738
1240089485901086720
1238186128689098752
1240791121153765376
1258586466596331520
1245155953990746118
1263722789132996608
1252415838126129154
1266069735491416065
1238565296698355713
1246757057677516800
1246627057573826565
1262905482253160449
1251906835071680517
1237957748387540993
1240391407938011139
1236146510053560320
1248071352856104960
1261731629812375552
1261224354114727937
1253131655822209024
1248206474980941824
1240791134550421505
1253482880182792192
1253118981746987009
1262000098814263297
1244403465054351360
1240792040251801605
1238363975206572032
1248627608712957954
1254218648287211521
1264602577913683971
1255229705420247044
1250226818465972225
1242153960430960640
1262907886465888256
1237291140249837569
1251984144256528385
1263851287453429761
1239045693693665280
1251862114911744000
1236397564070514689
1238563146215731202
1238566891490168832
1258775504796205056
1266405954192420864
1241099897543090176
1245024517094699008
1242172632625065989
1244027983096152066
1260037022313443336
1251203963803676672
1266399702905319425
1251287493845979136
1264271562867261440
1247295640217870336
1242231132139048960
1260738140400041985
1235768511902990336
1248006059513360384
1252336245805481986
1252264729310949377
1261483725528772608
1242933987615461376
1248760654778871808
1239317309216284673
1260406209535832065
1243342974274043906
1239763533455212545
1248716055603601410
1258615794134474756
1241155119334322176
1237500031592267777
1247583633088503810
1239245995050844160
1238598516991115264
1246455563686252545
1241117875722539008
1251014055218671619
1240145853513371650
1235554807466692608
1254061316689424384
1249548560187547648
1251578495425081344
1241899129250279424
1242566559010152448
1242828626019504130
1248509041430507520
1241543994212904960
1260976804501745665
1245982401722900481
1244838140419825664
1240677287235735553
1260711394644766720
1240090169287618560
1235075101093068800
1241974805311549440
1257694485430931457
1247704580042813440
1240346945836609536
1255500429221396480
1260281671858810880
1236465180243939328
1259747683406770176
1235257436937670658
1265827508219305986
1248262145046745089
1238420132126314496
1254786500253769728
1255669331142127617
1246877391386861569
1235973543021559809
1241149798280904704
1236480730361778176
1245347781083947008
1259512130677510146
1241612699550642176
1241933534916251648
1250947608626868225
1241567168346685440
1258253930301018114
1254767964047327234
1247017902949027840
1244409471914385408
1243797504388255745
1238882348898250757
1259521036405465088
1262399258411413516
1238902453287784449
1235772427197706241
1245570093641162755
1237473350491856896
1253759876141965312
1240829172156514306
1239206812169076736
1264053941160906752
1265721389677334528
1255006412192661504
1248010333752442881
1240794606645563393
1257060234926776320
1240701409906941952
1249318709413306369
1253212476792922112
1246456804185235457
1239697783415640064
1242241318597754882
1255523552486449153
1242298372028919808
1235010658514563072
1243293747053387776
1260189619523473409
1264879154652237824
1256821844415410176
1240580869279985670
1241571256257990659
1266462289860784128
1259934685230071808
1259225900358352899
1261002757202259970
1265035831472947203
1243709874535403520
1244103507335983105
1260319821129900037
1253831959177867264
1241069519105216514
1245231110537134080
1263233475991109634
1252241023746535424
1253039821733281792
1248983995196395525
1258148886729781249
1247736887663398912
1250206721487732736
1261176013406351362
1269331348981870592
1248050184535379970
1246448211381739522
1253513260331970560
1240556728430690304
1239009140208361474
1255136057672138752
1238997861704007681
1252294740738863104
1238994428196294656
1244860671340105728
1241222902885707778
1248434122411757568
1262181235960369152
1255213930537984001
1242215395324334081
1269729465547931649
1267201358257549312
1245838373324861441
1259157625737891840
1250253451277156353
1252414141026844672
1246684340727115778
1253079191676805121
1253130145440751616
1237900735615918080
1239771857428942849
1254581999336960006
1235965974211203073
1236672074640318464
1250762654383173634
1248131810841653248
1243005332982398981
1239228705492185088
1244384128407154690
1245793705698537472
1259961872175886336
1237063719231750148
1249175300207976452
1238805085712297985
1249352485669687296
1243831271811239938
1237661764738633733
1243000622300794880
1260781840782237697
1250458493342994433
1240498565031460866
1245931078499438593
1263525599248740353
1250770039562620928
1239048497845792768
1242928182673596416
1238616249526935553
1238378425078804481
1269073061891862528
1249015307621896194
1244134166234402817
1235988929783812097
1241363148818415616
1239240320086183936
1238594587028910085
1247020361947860998
1262636610618667013
1246177301454131200
1242238056624611328
1244351277015810048
1236748734278467584
1249847728462417920
1249546700278181893
1258975673206452226
1239835772640825349
1240541970201579520
1239715053026209793
1241960137469771776
1250490915464110081
1237949984768536576
1245459466293657601
1255953016693260288
1239605374061182976
1241511618766229504
1238040207510786048
1258131655304163329
1260038833422209024
1237549954140270592
1236333588137689088
1238888409763991555
1237961556912001026
1255217091902398470
1240443184141889536
1247687728885456897
1244306381554909184
1261030828055752704
1245516960080596993
1240815361215217664
1237960139304402945
1265001632888008706
1251170048301039616
1259675738841640963
1268416343516123136
1245406500299739136
1239033418949615617
1246835412749783040
1245401186699599872
1259995335797043200
1244685541708161025
1243965039121289216
1270569197542621184
1253478177071984641
1248108255253073921
1243722936655077378
1242237631326380033
1243412963429474307
1253454466600206336
1247600803365261312
1262369001247653889
1244276911347347457
1255137737574715393
1244812601550204928
1251169396522913794
1258977029015212038
1238347434855510016
1254079143580299266
1255328593670025216
1245096475240980480
1240120075002294273
1242126781076865026
1245022101070729216
1255633744817385473
1265035297747693568
1267299228382121989
1238540138990514179
1237753744579837952
1255175906169024512
1245974093611982850
1239289862307512320
1236721042766229506
1267482657857908737
1241255348947673088
1235254205469937665
1246526735417372672
1241021225180073984
1235257132104089601
1239682637918138369
1265109948163215360
1237157383358443520
1236517705584263173
1249726682107244544
1245054874930360323
1255836975086460928
1255354437591236608
1267918581267759109
1260980930258235393
1237053058137260033
1264896983980027904
1253975853316231168
1247691602442641409
1246461756102213639
1262774818681716737
1267196271984553986
1269273218822496259
1252220813136113664
1240100408212652033
1248619839482019847
1255884665149255681
1247613173735145473
1240153280078118917
1247612811842371587
1257366596995239937
1238176451234430976
1245962410764021763
1241861651508244481
1268218511916220417
1253168376408535040
1253505317700157440
1254137583619076098
1238484115952812032
1250851488303165442
1240812404302172160
1238257384646217728
1235809726136324098
1239905657618194433
1244353944173727744
1238889704386220033
1251031209422909440
1239635121155670016
1249853520284512256
1238935184352759809
1249151164194619394
1254236936266383360
1240441346248200192
1235408305809285120
1255289597636075521
1241022097092034560
1253000865805250560
1255619985969303553
1249499705601429504
1250612812625240064
1236116496360730624
1241862746221826054
1244687986135949313
1247559729921982465
1242600934212907008
1260921931856936962
1246909323852177409
1254936757851746304
1235598412986212354
1260652998092484609
1245459010586738688
1258120031088586754
1235001112001794049
1238671223715856384
1238772973806510081
1235775709907488770
1252766073914486785
1239446908675829760
1241112426860269568
1257886405306380288
1243534100771700737
1250634680400883714
1244398058063847424
1253334192022106114
1235338760402931714
1242354734373040128
1240217940038950912
1245811027398160386
1238111519138656256
1248086016700772352
1239239349746585600
1247654741590413312
1243769001701855234
1235794638050484225
1238347739638841346
1246839433103470592
1248624864467931139
1249443319291076608
1245348359730114560
1256269819218780160
1246973752790765568
1252760958251888640
1245060118644797440
1247264958682771456
1262144094987583494
1236325793820594177
1241925034844639235
1263614820286214144
1238628601521557504
1255898002331275264
1235766349303025665
1260703097061425152
1242899456736915457
1264304128949272576
1261481775752261637
1247218647770091520
1261012738790191104
1238330302512001025
1235959118260629504
1243421049582043140
1262732608615534592
1245054019191488512
1239589180553871362
1242907747110096897
1259164538689081344
1240151489995255812
1238181429130887168
1246177495243575296
1256968112047558658
1258441431057752064
1250611299874074625
1256113364427657216
1250187595583066113
1249820545488650242
1248744507698376704
1240485488907014144
1238562658770550786
1250053518792122368
1237883832092602368
1237883257636569088
1265170921901322240
1245566929928097794
1239285992353181696
1244864931414986753
1259950845895962624
1246526153591939072
1261145563023761408
1240056088994570240
1250584382579961857
1236419791579013120
1241544200912392193
1240005007929274369
1240238937592877057
1259482614034907136
1247373632751333376
1247285259785256960
1241798014617808896
1240811008932769793
1239672731626377216
1240816950135029760
1248637419433250816
1244826147860316162
1241585420946665472
1240371759007719424
1258491313298657281
1237861008019881987
1247288262487461888
1236119025672806400
1240321720201826304
1241037680667844608
1237383291583393795
1244251431026057218
1258977323254034433
1240011152668553216
1247890615951454209
1235968260723466240
1235643170798501889
1239726526284759040
1237233960159047680
1248105945697144832
1248023992759287808
1243955108104175617
1240081282169626625
1247716203851845633
1259650097568079872
1240549185553723392
1236118559924740097
1252939531394838529
1244005901847035904
1257388857219260427
1235036185380052992
1238918630936645634
1236312406919237632
1241847734618865664
1250601855480025088
1247656052599947268
1242892207700332544
1248026849252241408
1237869258215841799
1256067698167033861
1252424320858505216
1257016189060030469
1239363164191330305
1244342010821005312
1247552486694465537
1239676121366401026
1257878773212446721
1256566182636744706
1247981966831435777
1257014355289309184
1244441418568847361
1242119764647874560
1239320065079566336
1243012094586314752
1238503779676250112
1236821586927206400
1266424374623494144
1236917866206658560
1244349409468370944
1245519519436562432
1240315647294201856
1251987870132211712
1251529732807471106
1243373184704868352
1268724488574603264
1246234003096518657
1238888624059379712
1247905953552289792
1243656658653302785
1240449223851532289
1253726871453233157
1254877554730622976
1240345400982171649
1267510518920560640
1240276320497491968
1245923967694565377
1237797463232151552
1236727201317277696
1240148659175636992
1241608031256731650
1241886795232501761
1250401672880414720
1241043756666613760
1255330805406146561
1241236060622835712
1244148393770799105
1255582602972413952
1247205525986504706
1247020813540155395
1236694439537463296
1240113284293902341
1242342428947800066
1236790825993920513
1240457746845011968
1240318612126097409
1238632430115803136
1239162704796864513
1235407598930649089
1267146211686924295
1236093590381580289
1253475500070178818
1241413514670964736
1256338379865653248
1237507225276444672
1238523816273313792
1243667947899379712
1259151464418562048
1243955610929917953
1240362762460512256
1250461242310840322
1242215700292194304
1246251755022602241
1240075564062371840
1243520941734400000
1264650464181673984
1240705871484579840
1267935557524443137
1254992932718796800
1251313877867888645
1248392258673491968
1243530597588299780
1236442117846839306
1250587390529290240
1249019620377481218
1238207296670294016
1238500859593412608
1250590591085207554
1264253943015563264
1260021238451146756
1242170361157804032
1252047909475938306
1236299575222304768
1252293985852248066
1238996391638085633
1250704237320982529
1236451629311774720
1243521935830429696
1250048831489626113
1255945597032390657
1238567867949301761
1242294578553573376
1257385952365985795
1246568215490097152
1264752531374145536
1239763088489861120
1240054807752130565
1238706368175013888
1235032933536116736
1242484849262247936
1257724134747852802
1236422915479891968
1252698862822678528
1241173013250236417
1250156002558668800
1241169815017906176
1265440130229100544
1235243239742926850
1269761730642468864
1247161694129778688
1254850644441051136
1235992159947386880
1243231423525310465
1248431490158845952
1240481582881763328
1236785875469529088
1240857149799985152
1244386342848434176
1243532512996913159
1241467880878661632
1259835174734290944
1241504068872204288
1250190918851776517
1235036749975318528
1258646643861266432
1240489040329109504
1238206664269901824
1247703277136797696
1242871983018143744
1260540821834625024
1248481502762942464
1244459281560174592
1257140650576883715
1243193438691971082
1253906399442071552
1249006909593550851
1259598917076803584
1242286533245165569
1266113957229498370
1251792458045722626
1243691952702275585
1237205316107825153
1250467468683796483
1247356276063047680
1258857530828009472
1237481102241136640
1241582693181198337
1241235865625481216
1239795794359676929
1239031796261474305
1242613849242533888
1245918943090376710
1250502062875398144
1243755996360495104
1243017995565166594
1239677136698368000
1248584161729769472
1263898418960711681
1241926869601013761
1246691428702523392
1247934272956026880
1254903332906299393
1252242723194548225
1265344169628721152
1246881045040918528
1245770059416342528
1239034648107167744
1243709825990586368
1265976086375981057
1237058317916110859
1253187770803089408
1246586778934378496
1238484182499643399
1244249207722123264
1261271877097418753
1262362773956132864
1245494466183454720
1235742655000113152
1238000034269908993
1236354549947838464
1240479934834823168
1235983992265953280
1247038315649368065
1252726428782620675
1258054409814237186
1239008329046921216
1243916477985505282
1236327097573883904
1243972312610701315
1255213501267623936
1247340460466561024
1248395517609963520
1243638388613246976
1243811748429172737
1254456140123049984
1243681912574492672
1256480067556765697
1251181984094711808
1246544953771089920
1244447052672598016
1240451792246206464
1244443546569936897
1247576330574561281
1241069992742797312
1240392113050746887
1240403272340590592
1250160615735185408
1238256189630267394
1239218674990370816
1239570779706028032
1258808390974763008
1250215338358132737
1241908997080440834
1259191390140944387
1249884261047586816
1264644690730606592
1242316954691502080
1252255004506771456
1252261545867833345
1238092522787749890
1236344203254194176
1270368162966470657
1250170148947783680
1250152200438857728
1240652814570774534
1238380844479164421
1259574204946509824
1250154241617846272
1243952032467181568
1239008744362532864
1258810088577351681
1240061414015791104
1257563485342273536
1239344056859119616
1244139589943492608
1251650192878850049
1252281681324773378
1247956049069346817
1241025469740240896
1267839752754966528
1251646847879278592
1240814770564902912
1239024918932553735
1238860600920268800
1257905532427317249
1242605836259581953
1252286225370628100
1254171578637508608
1239458679872577536
1249879585958707200
1269818505869787139
1240556424649773056
1240343761248370688
1261319549237903365
1248738233971699712
1254502533285900289
1251890243940184066
1248738491321724930
1238294667407454210
1244743580909858818
1242834317698621442
1240323393360035840
1253035240341164034
1240811813307965441
1261061981483806720
1247561286474289153
1243685316721926144
1239566284464869376
1259854980191784961
1238667417183604737
1268279684627755008
1259224918299828224
1249905461492506624
1253357087335370753
1244397823749025793
1250185249713090560
1250600628591767558
1255760508226990080
1245079811841654784
1243014193336344577
1239988931308879872
1257699709109452800
1250467705204834306
1245855732211179521
1254205434786770949
1255921910522630144
1243638093913165824
1243228067557822465
1244885302545510400
1268074582944223234
1238252867183693826
1261314918378139649
1246248298895171584
1242816517147783172
1239011480709677057
1242316742405177344
1239070099283177472
1239819003712786432
1246695455712567297
1244734629812174848
1258174355923587074
1238527358589497344
1249882832635219970
1235277603373592576
1253765310559039488
1251988933740597248
1241236099449552903
1251285030254424064
1244874655803912192
1265846657347760128
1244507884181839872
1238995063306256385
1236120095123898368
1255952461736509440
1243684367391547392
1248515513426173952
1251602306887385088
1250527679167647749
1262624380481404928
1244858752781570048
1263594286945193985
1250056242644439041
1248052115517272065
1245557345414868992
1237598374737489920
1243013528987922432
1239700535038500864
1243192112734183428
1250929054074601472
1260755082062082048
1247929402672865280
1244479065974640640
1238891159054770178
1240487819149111297
1250431596894646274
1238071619295350787
1245488146940223488
1256272773707476992
1250851088842084352
1241381881884508162
1246321448588693509
1247875687341420549
1261014089045663748
1240060856844468225
1253830610851737600
1240056773962158080
1254931971676893184
1244748970355613697
1247208985213562882
1258148531589844996
1252725133380222976
1235963163209641990
1243225921231785985
1255074682035789824
1264950035042594816
1245555406534889473
1262774113111650305
1262279592246640641
1241849247944732672
1262743643007270914
1245551147634561024
1256452271988146177
1245053645789335552
1258437841668894720
1261393772094447616
1234938759340122112
1238526718995861505
1249118601514287104
1263688717417365506
1248454395085221889
1246673736461213697
1253786347841581057
1251986797699063808
1264594159446310916
1251214799440142336
1240108888424243203
1240322450832818178
1241321446565011456
1251749307113496576
1251889434884071425
1237847674021228544
1257388792106844163
1249173363727220736
1240486471867314177
1259008605367472128
1240490484516163586
1238854918175199232
1244707126519296000
1243723058289889282
1251916974738767874
1254976447594151939
1239028079420305408
1259697431119159296
1237995140616048640
1254370473686663169
1244448236598853634
1251916715144830976
1255574667437289472
1244706294532956160
1247893623120617472
1240645046405300224
1255582209840254976
1240102389417295873
1262480096947875841
1241102120771706880
1247932045722038274
1259955057975427072
1244382268728066049
1259649105518723073
1241367528439304192
1259633185044017152
1252497500126109696
1244330444373364741
1241187194422693888
1257871938308861952
1260996561644986368
1250047447696412673
1241973648862277632
1242913415212847104
1238180492471488512
1245144196744220672
1235242762619867136
1254182612295286784
1250173402410659840
1238629007744045056
1264594939612000258
1240621974784622595
1251903219527061504
1247208491695009792
1243803649735675905
1240146196909436929
1250172372579164166
1236348029940072449
1245395805298556928
1259593744988246017
1239433880764989447
1266482122614648834
1241486077107400704
1254416102186029057
1246417593876922368
1241169608536510464
1244718181916135424
1238845962509905920
1256039937134084101
1243229384695136256
1251986425928544256
1240388585754447872
1239985081030066176
1239015253293203458
1238851868408705024
1239220073207754752
1244388107010453504
1254372463472807939
1263312589238476802
1262480093647122434
1240847581925609472
1249345817967595520
1236351696336375809
1238252225123753985
1239046964689293313
1243666121699536897
1257443552910553090
1252682220055166976
1240482956281446404
1242311246432501762
1237793209691992064
1241158771629371392
1251299009785851904
1245754482555678721
1243956991212453889
1239206177868664838
1246673185006743552
1237914893962993664
1241371904528617474
1251176247360548871
1257334652144160768
1268254229392551936
1256029890475778054
1241003315296522240
1243351001685344256
1254666176543637505
1241146442359558144
1262574055867084802
1243721006373457920
1247007791266627585
1247292734588637186
1240388640238338051
1234940513062510592
1253767754953265152
1242310310817460224
1248707752978866177
1257401493239537664
1237496187818659840
1248411462336315393
1260956582734487552
1262375756493012992
1245920591762219008
1241169439376039938
1254241731102507008
1255208595458682885
1249591993895804928
1250892911857725440
1244748566054096897
1254088169475076096
1239006475063685120
1254244873395372033
1240407702875959296
1245913345149906947
1248023916825546754
1250182318037143554
1244744110277152768
1238889587683942401
1246540049232965632
1236767419999215617
1264404854581063680
1241068951674613760
1248567934622072833
1252288147284652032
1242609843577348096
1246829716218077185
1250149811212259328
1237867137055608832
1246470791773880321
1243760786373107714
1237616563613618176
1254246619656015873
1257193721465995264
1252291808270270464
1235844069265256451
1242357622780485634
1241585849424211969
1244396442908651521
1241845876051423232
1247776947553239041
1252448534634225665
1259976149871947777
1265519980373782530
1260350847411613696
1244835066292760576
1240105900125257728
1252839580857888770
1238858231742525441
1268831565238296577
1261488475557093376
1247892653649231874
1259228716300775424
1253084403556708353
1238581885195804672
1248878624226205696
1256420538487996416
1235250316934692864
1248290525481816064
1238981336141987840
1251277765325668353
1252968398989844482
1265724585963433986
1254992930630021120
1238209459832287232
1265658006319947776
1237560684356886533
1250783588187955200
1250975770261909505
1267839421539221507
1245919260934721538
1250591615170666497
1250039529106370561
1245920885220900864
1247219035554471940
1252966702226092032
1253131619290042369
1249779534838169600
1242909488715202560
1241186202033643520
1257673912214622212
1243916347374841856
1244457196512899072
1243758837607194625
1236796730982588417
1251296752935661568
1241969037506052096
1239711848452112384
1250501433121783809
1245813622141407234
1245683623128260610
1243965097438883843
1244747782260310016
1258105662615085056
1251341173538516992
1248004429694947328
1243186850690301953
1242364226108182531
1250972943489708046
1251275491811655680
1239986112468103168
1262278170150965249
1249960725260292104
1238116620192514048
1239421066113474561
1239984218265907200
1264625872251674624
1264593015047241728
1252418900320382977
1239935574745608193
1242308794748633088
1242801526793355267
1247303971531702273
1240706148891856900
1250548047429287936
1241607741153488896
1238165147513843712
1240459232312324096
1254229188237615105
1237989826491633664
1244875327723077632
1237494224917942277
1238978717642158082
1243315062279770112
1251880609045078018
1242510237766057986
1251279607526879232
1261208998499549184
1250546791814053888
1247496715160018944
1238147300276334597
1266450599538593794
1248744088720912389
1259229098871713793
1247237064958955525
1265480984931131392
1241144991080054785
1253505865266556932
1243993447888912386
1253354232515891204
1236359675471228928
1237801190328373249
1243209977864454146
1244330691472445440
1255438418735239168
1235565638573109248
1242514624013930496
1245408627784966145
1254455358891929608
1238333030076256256
1235276920054378496
1262277050330746886
1235249235752185859
1258111973062963200
1243539004362051587
1240061693859975170
1245395180619874304
1261002779453079552
1242908805483999232
1239421401502638081
1243309848193892357
1249785266853654529
1251324858182430720
1258647262567120896
1241079614304333826
1262362111818121217
1259971740236525568
1242310739399815170
1244456908167057408
1238975496496369664
1244333887993475072
1239130300979900416
1240154741579137024
1251275497415172099
1254893722182926336
1244150792963031040
1239969436095770624
1240457289024356354
1260591963578888193
1245412669777047553
1259815558154870784
1242060313135964160
1237936486193876993
1239966114026680322
1243016692550131717
1244755394041270272
1242061556801654785
1240783848989798400
1244728784206491649
1237006558594097153
1239971604240584705
1237644555823898626
1262150558124617728
1244753686733049857
1241749089445801984
1243749843346079744
1246113961566539784
1237906117667229696
1242915012160524288
1244461358432653312
1237644487171510272
1240564609163149318
1245471744372006918
1251061088860246016
1239279456650293248
1243590715059261440
1237977788084187136
1237978263860834305
1240317534185746434
1250386061152247810
1246982152157147136
1236066964730044416
1237464188877856768
1245357725007015937
1245357779453239299
1244867378187362304
1237992327576047616
1237028211130687491
1238548983892439040
1241057648264372224
1238551702380281859
1238551271537135616
1261720911385784320
1237992189512187904
1257338871077011464
1261697882953879552
1243589044296011777
1249826879646756864
1257336487089246210
1241748161355374593
1245468303356641281
1256580364073459712
1237541508095430656
1246110650528485376
1248537481768624130
1238127046016073734
1261072593278210048
1261695673453277185
