1238989203582504961
1241229866118205441
1244844786655408128
1247037817475043328
1249691405179670528
1254439609561346049
1238559692764467207
1237216778251653122
1253521950674042880
1254570480599805954
1235707866813796357
1246855704335527938
1235788332400955393
1238271509078003714
1238309241661919232
1252818121972264967
1255892923998240771
1266143506029932544
1239268162396397569
1243699921439653888
1256976564488527872
1240758322204225537
1267249432002691072
1238558268420571136
1241562055028568064
1241010915857682434
1252520770992893952
1247941688305147904
1245202761496444929
1265864224254775296
1256102923072761857
1257746412923740163
1261466628321050624
1235777478704214017
1242940832002404352
1240311298098958336
1253856307997794304
1244672282145980417
1240399407343943682
1247378738288840705
1240740970238341120
1266090159872729088
1256280516560486401
1246243150135537664
1242859814633369600
1240748318033989632
1247272696641028101
1240331431022342145
1248745455518806016
1257407453626380289
1245818401798275079
1251701337986752512
1240750744099155968
1244217144088219648
1265873225327632385
1238652858372743168
1242190170004303879
1255592998768799744
1235703454737108992
1244603569904308225
1243596276354019328
1265702605352693760
1255595112119353344
1258104533265383426
1241460692936359937
1253580018489233410
1239961278174466048
1246087103915520002
1244652142343778304
1241554874455584768
1250822378071814144
1237429228435578888
1260580383512502282
1238742142098575360
1238607373754707968
1238608604090916864
1251659282623258624
1245931139706933257
1255994157614522369
1253415366992097281
1249459290064240641
1239260506323423232
1255262906037534721
1268951565617922048
1244273673650888704
1236389266797686784
1247679338503262209
1238458097728815106
1245325608847990784
1237082160047292417
1237434478768926721
1238866469435273216
1255239912317685761
1251893838202822657
1238306046537433093
1246877095407562756
1256004384942690315
1257377488822509574
1237816432769019904
1254839984290291712
1257772271218950144
1238715624588627968
1239776378003783680
1239556267280039936
1251381531207061505
1252603555782909953
1242199318532153352
1257796649000337408
1240984705949990914
1238215631494762496
1250953309105672198
1246087774287138821
1241818613641662464
1261351345296044032
1252721578439110656
1245047632252174338
1248440554024660992
1258575704154877957
1250553002454179840
1242276978763255808
1247401839147896832
1244268590359916547
1245090388043423744
1239756132031160320
1240889327212584960
1247662125872365568
1248594237274206209
1253384818538057733
1241811722685407234
1246140383337287681
1259110404095172609
1238141260495544321
1254954002216714240
1250961324865024000
1250780024082518028
1248644843313565696
1258850420534870016
1238635647960662017
1252599374133309445
1250820067173953539
1240337054984093696
1260723542209040386
1248819576474746881
1253160759657283586
1245427829052821504
1261178228812595200
1241895101258797057
1238818955159957505
1240601417695592449
1247633216435040260
1261796983238307840
1239053615177691137
1238972003047993344
1255711971590074369
1247668631238070273
1238334159208067073
1238335473740697600
1247260375650840581
1240744120810762241
1237918631977054208
1256497250735460352
1250195193225043968
1239051030077243393
1257031243117576192
1246214664565993474
1237050530234544129
1246200211287846913
1239394884244525057
1239639608327131137
1240065130156580864
1265091352364150784
1257828941894578176
1237065099422007300
1250831316540506114
1237035947495211008
1250581069826453505
1239347085775974401
1235628074332327936
1240068820854886400
1240801864528125954
1242193635132583937
1242323074671755265
1238468076422615040
1238583044233023488
1247784435597979649
1237926730246942722
1238784149248299008
1270347806914600962
1249717859330060296
1259868312860626944
1248659511658741761
1242469434377134080
1243133246889549824
1237593317975584768
1265737354846715904
1236086732489216001
1252234648593108995
1251270587252531200
1249834566077956096
1239535296653344769
1240433602745307140
1249375230264393728
1259924226317774849
1238268387639214080
1243333335650201600
1238554073776959488
1263206897517072384
1237225118318891009
1244322767555702784
1255851247611138050
1266736554246131714
1243703463709528064
1260415278405517313
1263639318641258501
1263052396323901441
1247569349017133057
1235301546918842370
1250081588177711105
1246859748185477121
1246220447080796160
1241197640395546626
1241197984278142976
1256213071854354433
1243327959517126656
1252947811223564464
1245165782461493249
1238955082097385472
1250917659404759040
1246091007952707584
1236025903924183040
1239639558095900673
1243162820373405708
1261399355182874624
1246912538119270400
1237473374411972608
1251310090310676480
1265710176910352386
1268638934063431680
1240865016334528512
1245121548274388994
1255969457110839296
1254610144467365888
1256348663690989574
1239399579461681152
1238606594545348608
1240862946504224768
1255546114893320194
1258949403756228614
1245449213388845059
1242081624524640257
1250830232443125760
1238677256328957955
1239189917495898114
1248461456711929856
1252716526337212416
1256975469980729349
1256981312558166016
1235924090810032128
1238711602834112513
1246782250097598464
1248342800149524480
1239193997953957888
1240421137408016389
1254492531020177411
1239253712716980224
1238301377769525249
1250822862165823488
1252370431698276353
1262505875886837760
1254461075371593734
1237912492833009665
1248383985572446210
1258995184576192513
1248280044406886400
1250536450656886785
1249377630236770304
1236014551897907201
1266006579540869123
1269357975669538817
1244408762477223936
1238553800438243329
1242545875886518275
1236508845825871873
1256664903336620033
1242213817938935808
1235224024881516545
1244065953006010368
1238654795352870915
1252668056863600640
1260029935466340358
1264970945669840897
1237467447139106817
1242940777778384896
1249067337329696768
1239325271112790019
1253345347235020800
1245615940856737794
1237782229679345664
1237133328026828801
1240642298515521536
1245816602144043014
1235998952501239810
1242986925096497152
1256948755833786368
1239225428251783170
1250081804662407168
1251109497419886593
1237217930107957248
1240399194491432961
1238665046248558593
1242947497120710657
1238797874273464320
1246786921654890498
1254115904209612801
1237456949366546433
1237821289697402880
1263198498863771648
1238652253474418688
1245730423143108608
1239928244989820931
1239000485631119360
1238954461235642374
1247881185902186496
1239958992245284864
1242530134092967936
1242950225234464773
1239686370299277318
1249123454529519617
1240413014458679297
1251378101646323714
1252627346848268290
1266525186876112906
1245418214735126528
1259983572133277696
1261688421002559489
1260588466997350400
1260583135177314310
1235101339530579969
1252264744804737025
1251711903178436608
1242548628872261633
1235678148399751168
1236496800518979584
1245431285071269888
1237930137544314880
1238590973933948929
1239063211829161986
1260218619209736194
1246193998542356480
1239752040903053312
1254065714429784065
1250107128020381697
1248970156728074241
1244702909981290496
1251849217569513474
1235233505363316736
1254288747367186432
1239253300651802625
1252982147293548547
1248673634543009792
1247371306389114882
1240735727630991360
1236679751407792130
1241885669338710016
1259558783044345856
1255999749930405888
1263849465120722948
1251366665205551104
1245732189238636544
1239978624800837633
1242710132854685703
1246957405222600705
1251205851303407616
1241048516991922182
1238275285490872320
1245893555597512704
1249006296646316032
1238663736568606720
1252084174317432833
1267313540844699650
1249523368220454912
1240517929411784704
1236323444402225152
1251326623820861440
1237853079438942213
1239225178988539904
1239373145213005824
1257023491800535040
1240639895418195976
1242990988806836226
1246549980225187840
1252317084081704966
1254927854925541376
1260419248792403970
1238967937668710410
1252382094195519490
1265033828478812160
1238929324633358336
1236100556541706240
1249834442157248512
1265347309308698627
1241770643193876480
1242969044451557378
1264735875272814593
1239775189547745281
1237824755815907331
1245177930226925568
1246814553956134913
1239750796033458177
1237517413874388993
1239736599593668608
1260238579390771203
1242587254142296064
1240130475492065282
1257026342136295426
1253127553893597186
1235400400590622720
1237451484884635648
1246912793095200769
1240875188901875712
1240095854163136512
1239735477839835136
1241046072169885697
1238561664946950145
1246941852462395394
1244297085136130053
1254945386852044805
1249335456208228352
1239333211693617161
1240718929024167937
1258139920276709376
1259014302033461249
1245191552143519744
1248598397730217984
1249032941587529734
1252312540744282117
1242532954305449989
1250987641350340609
1237394773310197765
1247628180615200775
1242478158319738881
1245154956933361664
1240507556977508357
1266795644477476864
1249001732249653251
1248495384298582016
1237477046152019969
1262184929753890821
1249736317304336384
1260667683470749699
1260716705438826498
1239253599076511744
1239022939896311810
1242976418235064320
1242684104044208128
1241429359514222593
1248417168712069121
1235031350735859714
1247594989443592193
1236335325355454464
1256938547208019968
1263654285704867846
1241939323156652032
1239211559366295552
1262846309104365569
1237477605864947712
1247696329503059978
1237164300000616448
1237862177551167489
1241455949853806592
1240294342813560835
1247142098375065606
1239933155999531009
1243386707967225857
1246700335910903808
1240738529124089856
1245430106404741120
1254431371780435968
1262867515002302465
1256382759133642752
1250535516585422848
1253517950033821696
1241456171178840064
1258765458653634560
1238285953485033472
1244404192384634880
1254836138600132608
1251108209097502720
1247348293014663168
1248101604542291977
1241500312977858560
1252335056405827584
1246799727468765185
1241456387802034182
1252592399576109057
1251135978476982278
1239714016726929411
1246251606212890625
1248682746479874050
1269807335255486464
1262604451799379969
1238284271632039936
1257094737321840642
1263525385611939840
1236086887418187776
1242627384605421569
1244789258847571969
1260831500657885184
1256927299795968001
1242480617381482496
1241454815734947840
1248770214394621953
1240729529150136320
1252254091956285441
1260173988518481921
1239728449780101120
1253841161199906817
1241456213558063104
1245510175055740928
1240449428374409217
1255139008134344706
1240070531786788864
1237608508545044480
1249581650339495936
1253119286169632769
1239032890517786624
1240925315418984449
1253648485892620290
1241859223740239873
1249862333611913217
1248705577263472646
1239239465219973120
1255893729002622976
1245878679823101954
1251560394746806273
1241456271888240644
1241922239592722433
1261797891967983617
1237553340340269056
1248105839400894465
1257362059156750336
1237910954005823489
1239232787481120770
1241455260561887232
1242628171968598017
1245532643686563840
1245459833106636801
1240715073837907968
1238934647607685121
1259573822380019712
1255132987756122112
1257455970034335744
1251191161621934080
1238315629129674757
1250102828560822272
1247319157554606081
1247915677320544256
1244406522601504771
1238230225726701569
1253367160862150656
1245445517099687936
1249847138374254593
1245797832071639040
1236772683515297798
1265452546144927744
1246137663461171200
1245517582326575105
1246302663601524737
1264081406382112768
1242834083090030594
1243563074738507776
1244062682283565056
1247701630763532290
1264618295027617792
1253453285580779521
1264620791481552896
1257475273076944898
1261455674099355649
1243173007528525824
1261476164129959938
1249239743344214016
1235961221326794754
1267577682285473792
1256601448168566784
1244404750432350208
1242231212002828288
1241004009114062849
1265326991772749824
1243406660862787584
1249483857205686273
1242099420893556738
1240088094050848770
1245494244715839493
1259536405707010049
1245000198658686977
1263170866545750016
1261071567922003968
1238455378024607744
1264212169043980290
1238561946196008961
1239333411829006337
1243911013264576517
1246451337786777613
1240099757806190593
1235976161693274113
1250154926031769600
1241343861244301312
1237101466340306945
1246886604188405762
1241455512266223616
1257691034106171393
1240488627173568512
1235196590328934400
1237879341834354695
1241455114335862784
1241455765316964352
1236324302363840513
1246958493090942977
1242548728101105665
1253449014701289472
1254742227034636289
1249130141629980674
1257748945326837760
1239758263144591360
1235008068099772416
1240023392821989377
1252994934795235329
1251916829104189446
1235077089008603136
1240004950303760384
1248068277210877953
1254091807819919360
1239384368965136385
1240476628762808320
1241455635004178432
1247327288561037314
1254925679495458816
1239205179846569989
1240346239146717190
1239224427922874368
1250592303095275527
1239593974932705280
1235554014927810560
1251645706420359168
1238088203585957890
1246794751145324544
1239163662398631937
1255135435136761856
1240031496078938112
1242153464752291840
1259161374250414087
1241114774609350656
1241455363188088832
1244405093270573056
1248352400974454785
1242241140247543809
1250985712167485440
1244277359924011008
1246658940114518016
1252623073674620928
1241454451811971072
1236670454611324929
1267199410175270912
1236522518824935424
1261319036966703110
1238288311489163264
1239253058531426305
1245800109427875840
1251860483805605888
1270667124177022976
1256702082469380096
1253451530839232516
1252266112911175686
1246946212244099072
1244989032498475013
1237336197996761093
1251293771234340865
1264900123546583040
1241762182653755395
1238316471643541505
1253466796239106051
1242287656022622208
1241868484352434176
1238617588369747968
1241545043065868289
1238107745556946945
1250995609315786752
1241945776890265602
1246233596257423360
1253466307443466243
1245834671235067904
1247133337975586817
1239772442253352966
1240997246562226177
1236702817433391109
1266482932698488832
1259939451951816710
1244838335803080704
1249510770074779649
1241455977301336066
1250064743991312390
1240826399663013888
1247616453227900928
1242877793408438272
1264572971043057666
1237025468383019008
1238671991382503424
1245560848988295168
1256654469166559235
1266152278198644738
1239760670494605312
1262206621926805516
1252337744724004866
1257385828755570688
1240097622200893440
1245828441347252224
1254883660412579840
1267621507674456064
1239243923635073025
1246647594639446016
1252366992100622339
1262494488913743872
1240077301083033600
1241024772928045056
1239238122774261761
1236725124948267010
1245519281527255040
1259952672389525505
1265689932531671040
1262903226489278466
1240496863054159872
1244443764833128449
1241851358044499968
1243057458517405696
1265825345539719168
1235580176643379201
1238506538852945920
1240490347257462786
1247955995025985540
1245702995595018243
1261275033319555072
1243006457605324800
1250593047135449088
1259460156414255104
1262754163022159872
1239344866795991040
1243343777005096960
1241379847370235904
1242637251164565504
1250942441244569602
1241456706690793474
1235775738923626496
1247345276735475713
1239571538157785088
1242799291074297864
1249822360787656705
1239674707785338880
1245053492147847169
1250570473601146881
1242043423944658944
1245838588425601024
1259007509634875396
1256623168032309248
1236793122706747392
1245455498926645248
1262621809775542274
1239676653405536256
1252768446045057024
1252973108304048130
1251929332282351616
1236707745736413186
1239674810499837955
1237843029316141066
1248042480278188032
1236404764524654592
1249551694633078785
1235772844652584961
1251732448502661120
1238314264110059520
1242187355701653512
1238226287199567872
1239728642399207425
1241862728790077440
1236093858552795136
1238208852538978305
1260645924004458496
1249850360832774144
1251960184173289472
1237036492586995713
1242079641948401666
1239713505328214016
1237024789803327488
1247905280324702208
1237922075488030720
1237922255490781184
1250758684587601920
1239376780143857665
1260299783928860672
1260300001281847296
1237886251375554561
1239014575577665536
1248620837139177472
1238848436843102208
1250470710797107201
1249882458712993793
1248738589174681601
1245027575027716096
1246832613609754626
1238523009259974656
1241455021192957952
1240692332975939589
1242878065102872576
1235732622476824576
1253388649720418309
1236898666603933696
1267875997707235328
1236728225708961793
1254985538517393410
1249087396223881217
1260368121933619200
1248690672749686784
1235986877863194624
1246443349705441281
1236479921452544000
1242240570367463424
1260937498089250817
1247656432834695168
1254903260370087939
1244097609897136128
1251536836905693187
1243147869088919552
1263539978547724289
1248821655209574406
1240352736610140160
1236144876489601024
1260989864205377537
1243931673030320128
1258550053708406784
1235554012868620290
1240276094713909248
1235779962394812416
1243190624771125248
1247790321003401216
1254801779038044160
1254429044864679936
1260037397028335616
1237790781412225024
1248101349939499008
1262496658941714432
1253088393346482181
1247316764523814913
1258403531792371712
1237196154934382592
1253037209483018240
1242968590128762882
1250891681940910080
1239921477304176641
1243929769139269640
1263659045375799296
1250431371668910082
1236710995835273216
1247581602927894528
1240452327099768848
1240367869977739265
1254785095552004096
1259192052069195776
1236092026858299393
1262773540966797317
1243916024539254784
1255942479750168577
1235986295685615616
1253037345256792065
1242231283549233152
1257048845030219777
1255207733906767872
1263951019358093313
1236731559794724864
1245878019207639045
1238787305038434306
1244249054281949185
1239032588204818434
1242919663480328194
1241926537684762624
1243001071548739589
1247317063141429250
1251962314456043521
1250186670676140033
1238569798100901888
1244615829473218561
1250127061831876608
1238098949204070400
1235952668423507968
1244441315749707776
1249774966662262791
1238207229523869699
1238727286460805122
1241489334957637632
1251948810382630920
1245484033686949893
1244486682746867724
1258399614949928960
1237804179000877056
1239682897168093184
1235778924719861767
1267518868605542411
1234996497415983104
1236999792951283718
1240455341856391176
1254059192022753280
1241064771073511424
1251180368046157824
1252444315114106880
1262837663440056320
1240453023819649026
1252693097374334976
1258362683855790080
1247707171317526529
1245554478184419328
1237231352132407296
1245480618470723585
1250059700365922308
1247552743918538754
1241027524534194177
1242120585330778114
1252976227088031744
1263675929164824577
1236349111395217409
1237756454754377731
1249247445575327746
1245167585299177473
1243190757814669315
1252693890911461376
1254979046418444291
1243668855412719616
1250185303651844096
1265001972500852737
1247984391869079554
1254030799977902081
1247316799726723072
1254423130820337666
1265797634217766912
1241038598138245126
1247198311628537857
1243188560469135362
1247987877306384384
1250886918260133888
1240387830309937155
1237202280815853568
1247002487703273472
1254793689806733313
1259687212238553090
1262953418299244545
1245703365172039680
1239428203044671488
1263077271159500800
1238373655614124032
1251965366076452865
1243002322495721472
1263111316094382080
1259128656686755842
1252284472508235778
1239981734378135553
1251120370515501056
1235644305282392066
1245337084174499845
1245337328148557824
1237792848117825541
1241369094106030081
1255605620503457795
1242816413481308163
1250593068123738114
1255585752722878464
1263528588814344192
1237843232504958977
1253772626306035712
1238098374399651841
1236443061137354754
1263670118787231744
1235407378691977217
1239275463601582080
1251921256472997888
1245076412903677954
1253782809245876232
1238145519639126016
1237794968149692416
1251601869220143104
1246618406658465792
1252680992961122305
1252288429251088389
1257430227308949505
1260741361570951169
1257428258490142720
1238181271450181633
1240458760071647233
1257106506752815104
1256421621641785344
1243151684685217797
1253333258697183233
1244343669139722242
1250977877438246912
1236423008194940928
1265529216604540929
1237594570004631555
1245410039499837443
1243993782732783616
1263526785276424195
1255396871947911168
1238150882027614209
1253585091470729216
1255669631525634053
1244871803631173638
1259151182393573376
1254819393361440770
1261438428253532160
1237794796212596736
1246418063601184772
1240856985181937665
1252359344315789317
1240782628082438144
1264730380499693568
1259149423038263297
1248811051614863361
1246418749411831809
1243751805755904000
1250176879715205120
1241063421006581760
1243180603698294784
1241669582601011202
1246530429395464192
1238975356586954752
1256586242495520768
1255573089435312128
1251118223191203841
1235653025399631873
1239279990094561280
1244304478578167808
1239311996430024707
1237971465800241152
1241052260139798528
1243043885867134976
1247540851909128193
1237939217507831810
1240315432508121088
1239428601898045440
1252727113649655808
1254459452838699009
1250074743929278465
1241437266712682498
1254474703768621057
1243015387727486976
1240404373638909952
1258112538035748864
1248713967943499776
1239281583741374465
1237905203820552193
1246231946532761600
1234925942465867776
1242795382544822273
1239422300962738177
1257307957483548673
1244460285726986240
1238964619747692545
1239967683912683520
1254459164287328256
1256434010084896769
1238813779233779715
1242265588216418304
1245755110703038464
1241058672962187265
1244866752263012352
1237941876373590016
1234922329131474944
1237943170861678592
1237947958730973185
1256623231957491713
1249825170241404928
1237545605150289921
1257339738236825602
1237462032644861952
1253803055079755776
1234971986368974848
1245755119632650240
1256228652037083137
1258466005409505281
1237034129985691649
1258462294217904130
1261721156588982273
1247831573472280581
1261696224400338944
1243248229204049920
1238128725977436162
1246117191650443265
