1269153099219906561
1242990615006248961
1245107715329986562
1257900996052889607
1242213862654566412
1239620466664505348
1264634146787336199
1247181086267973632
1246950834723868674
1259239883719278593
1250819692530405378
1240500607372398592
1239404820152401921
1246199851018326021
1238297924330762242
1250962500625063936
1263573151642013697
1234976216001605633
1248746798686113794
1252236281397968896
1252632293149204482
1252022617554460675
1238553719903604737
1256952894005432320
1246186942867349504
1244407861578530817
1256003325515960321
1246558822547816453
1238645751867211778
1252565038885416960
1235590382932471808
1240419438765187083
1250231804289855488
1250819966699536384
1240289981593157632
1242592650957594629
1237152291226034177
1240401484405186567
1246535047294980097
1270372774670991362
1259237551161909250
1255809635270959105
1254129041243848706
1238950229174620165
1239195729257783296
1237164020056104965
1243035528636829698
1251839909788291073
1247122854342246405
1262081375320133632
1240838418092961792
1247500809601982465
1240758216763604995
1250146935429832707
1251500398520741888
1260723246003113986
1245720483347169281
1243302140228984833
1247385076918300672
1239620255632236545
1241843834818002950
1241550682223775745
1251896050895466498
1236123581786058752
1243867584145043456
1258872627273367557
1249910878037774336
1239897311221858304
1241032678855577600
1260718515499290624
1267009548012924935
1260208536967155713
1251841919099027457
1244267918118060032
1248280576043495424
1235634170149441542
1264217456911974401
1259087004949716994
1243860328691236865
1263278899095617548
1259666930669162496
1253071208599429120
1253719452702695431
1247247841187291139
1261399403107094531
1251150036534128641
1266122327596638208
1248753104117477377
1261050278876516354
1258835829692170240
1252269667424575494
1255556394314579969
1244758461298233346
1251592172757037062
1252303748728307717
1244427505466920960
1240299079135043585
1251992642361200640
1244586501196976130
1247865384415440896
1261839783560646656
1248225528714313731
1238940750764785665
1260599354135543809
1244670808246620161
1244807489243283457
1241111445573689347
1237826983175782402
1237405392927444994
1236039335369232386
1246504972298129408
1236491091542708229
1245896099677769730
1252274733665718273
1247683044967739392
1255085001428910080
1238242179971272707
1245124406390804481
1244314854455795712
1252603941063278594
1269803039776481286
1246147668180598784
1259927819074887680
1247018503170863111
1239657296785014790
1254158821947293696
1241119996207562753
1237151949050576902
1246821206701023232
1237072272231407616
1237469037501845506
1244795788879892484
1242533948338700291
1260893641255641096
1248090368433967104
1238532363606536201
1238213206872653826
1257786669941604358
1251476310943322112
1262430605565968388
1243305364092747777
1243239478610853890
1240468362762780674
1237951292527558657
1260614473490018305
1252384010312937473
1251475824492101633
1252653838626103299
1265335003812151296
1237218040783216640
1240826061627195398
1240377081390825472
1244321784914214916
1246553106877485061
1238415410506194944
1241125518575108097
1241436180941545474
1255505466542751744
1257470664195407873
1258448618257895424
1267472081672904710
1257422338099994631
1238520811197206530
1251839736748089346
1255694265512071170
1260946652241805319
1257022301238964226
1240761728268414980
1252718870416232449
1238279027389014017
1241030075811856384
1249357457501143042
1246554034128982024
1239297308786937864
1238429157765373952
1240293224088027138
1250475514801913857
1248410223594725387
1242228562121445377
1240469716906446849
1247625952575750144
1240762587383386113
1249729938283954176
1244464932776742917
1246196636747026440
1238645480114053120
1236291107430051841
1244812545371897857
1239363708008255496
1245888074455945218
1238289639221481474
1259657578604355585
1261958675901624320
1240465156804616192
1258502096422387712
1236663932594655237
1247644472571297793
1236975887393984512
1241877803366318082
1236699359925997568
1244256833637883905
1267630652196880386
1254130092114149378
1263218450350161920
1255662625251364868
1242228280125788161
1251519795092230144
1240031466567983104
1242771870203514880
1237482178327588865
1241574109936586753
1244682164286951424
1243384118961795072
1240805752773763072
1245278110481866752
1239879631966175236
1250123468911378435
1247373908833185793
1262003351258087424
1241803803051143169
1247254531437662208
1248250821084471300
1248089465110880261
1242165527260299264
1257150746316996610
1255556874168143875
1248735070946562048
1246610956073000960
1239695549286289415
1246478973644701696
1238642636011028480
1249811676087627776
1243261861937778688
1270510901272215557
1257744678444769290
1246602187066740737
1250867190246576128
1245709661430583296
1250208750058844161
1241035977700892675
1246474238271389697
1251211790404530178
1246548125000568834
1252311306054623235
1248719740979351553
1263908551409504256
1245193253617569794
1247705602211667968
1246547656320704514
1260213249607426048
1242546789494009856
1247839777782665216
1238614248907038726
1249790461213958144
1258476990715310084
1255302530931834880
1254861847821348866
1239647813228810248
1240096591266099204
1252561920957337600
1247706097814822912
1259965436940124171
1250585398406979584
1243516210580459521
1242488325275103238
1248472698587475969
1257098970880491520
1257022259509768193
1248724335394721792
1244761116472991750
1238660044285259777
1241820042523623424
1245180653328572416
1251666132383289345
1242089598823645185
1258930491115352065
1243877345162940418
1251942527101353984
1238439745962770434
1238105239515009025
1254943711361933312
1248767555612938240
1240047085707300864
1255304687340916740
1258060424152584192
1258508182990675968
1238766209212002305
1243904378286809088
1253528120860311552
1242628592212860929
1252562978404261890
1252563514536923137
1237177336635809795
1252564073566306304
1252564269335486466
1239537487460085762
1254398889215561733
1252561536184455168
1251842857318612993
1263501629229326338
1235188395086839809
1247724865479675906
1252561689729478656
1252562470989897736
1252563364456341505
1265579381201788931
1243210664832905216
1262772878761656321
1248697776290103298
1241175216098697216
1261253529458573312
1252561827273342976
1252562162050117632
1238669312229027841
1248767931430981633
1237937870461194243
1250032773320015873
1252562537582821383
1252563184147447809
1249904420973838338
1252562101807308800
1252564461988253699
1252561227471097858
1252562278903398400
1253309986953986051
1247326378019688448
1240018395506057218
1238287427866963968
1255268858325356544
1247123093946093568
1247705318030823425
1240767265076887553
1251673524290363392
1252562701357899776
1252563593360478210
1253452041856434176
1245773531612397568
1247705901655564290
1238282456471568385
1252562407513358339
1259230754355249155
1247705246916370432
1252561296454832130
1247714512335245312
1264381652182196225
1237755263320539137
1245799540587978759
1237040614941786113
1253438628967022594
1250610561466994689
1250437125650018310
1246873437722873856
1241438797419753474
1256303581231304709
1243864402203422723
1247192574806417408
1237863748578074628
1242095789951856642
1252561593809940483
1249772078141751296
1251118917432627200
1255619170500317184
1238937203046301696
1238183917418696707
1238619839402512384
1243673501611053057
1246865197685489670
1265434358804099073
1241344108700057600
1261473491146231809
1247705005349646336
1254220531160829954
1246192933075931138
1241543974650871808
1238885851142262786
1250214700689903616
1259172178299404290
1252000207241457665
1246796150872715264
1237920947388153856
1246073172111142918
1247706208812892161
1242850143264804864
1253457750715228162
1256071887714738177
1251917118456676352
1246769742431600641
1252563996240207872
1243668363546693648
1247705688500994049
1247705471240343552
1239948019941941249
1259255028390526983
1237025570497708037
1246770286504091649
1259231187308032002
1249905315476393989
1263900634388008966
1244405251643506688
1255198242985385986
1251730410087866368
1237535846854586368
1241141165690322945
1238618972431495175
1252564162905018370
1263154137002397697
1251916547561586689
1251917307938553861
1263999343734018054
1252561432329232385
1252562349665529856
1243496607582167042
1259229953377345538
1260536456898056192
1248776575623069697
1249852531477491718
1249903932211634178
1246575915741650944
1247123032428228608
1247706030877880320
1267914030863339521
1259174685012623361
1242216136965488642
1247122950538629120
1240699575897227264
1252953509256986625
1245150519322193927
1258116049289064450
1247423891724779521
1254040031485886465
1237887426497896449
1245191735787032583
1237846038485975043
1265750028561330176
1268297338382094336
1244596627291201538
1263612160707461120
1246624921834446850
1239521699852423169
1240625567814356992
1237915858716037124
1254056729802878981
1246296585186807808
1239679564009390080
1259212302261334016
1251844112489287680
1264725087867015168
1246769838984507392
1268632995772104709
1241346267265019909
1247215265278025732
1238774279052955648
1243566447223353344
1243149801358843905
1242286685611790336
1246589904039153667
1240414557551681538
1248358256109592578
1257759404528713732
1248472180725145602
1237921211717423105
1260910461542948864
1243633550324359169
1247704924307312642
1257047156495613955
1247852900656742400
1251600999485247488
1252561064417525761
1237507574573838337
1259101825447444482
1260917470640123904
1256742030270541825
1237088329276981248
1263251583078412288
1248589075860291590
1240037472261849089
1252562604595318787
1261301282956029957
1246319531917824000
1244230209441796097
1266331489756688384
1247705536193331202
1246770187342405632
1241031584612057089
1246770397816684544
1260760811523444741
1245444802252099591
1244355726048464896
1241042343287021571
1262159997137571841
1241761384779485184
1253773056797028355
1252564213995798533
1250943713355988995
1264540230398476289
1247123173906268160
1247431462615425025
1240674854824804355
1250298698032017410
1247123237496066048
1242282311133155329
1246770697667559424
1241483229439426561
1241344585030230016
1251118090991124483
1247706351159083011
1251118477672316929
1237794605543886850
1254040276437544960
1241308467316625413
1244095944083324928
1252561352335527936
1239182605511245825
1235339973349519364
1260938216707895298
1260306030455656449
1250471075269488641
1238220688424566784
1247705835817623552
1247706285547630594
1236725874730418176
1259593482341097474
1242898349772156928
1262031007244582913
1247122470815125505
1250039524085977088
1260542765320089600
1247705760596975622
1262031904758431749
1247123394438615040
1248431322281807885
1269829018657918976
1250496755545837568
1239137710901772288
1246770911358922754
1251875879682224135
1252563441119887362
1252563661207601152
1259846757552467970
1244386609568583680
1247164082324676608
1261620350670028800
1252562777929121794
1252563127994122242
1252563769596743681
1252563709110767617
1238317260755828736
1242123069587685378
1247122691099951105
1241346955114143744
1247705083124559874
1251690325468483585
1254804104473448453
1242580462884794369
1240588397686730752
1251118240752898050
1251118400979578881
1251916610790739969
1243184978709667842
1241349828392730624
1260642744751599617
1240840708703113216
1241335847812825088
1246633637245845505
1246769951056240641
1256722808996007937
1251530620720812034
1244311841578405894
1258427168146817024
1239315003569778689
1241830991766917133
1251118319266136065
1252953608859062273
1268770972099895296
1251916828852596738
1252563823548121090
1247705394392301568
1247123553033621504
1253688927522828288
1246176936445050881
1270004591824973824
1247122563718877193
1245789919215325185
1247123483785662467
1250154150618431489
1247123313236811782
1243188124844515332
1237882062285058048
1252561150996295680
1252561761720508416
1252562832543137793
1252563044523270144
1252562883482976256
1245513827531337729
1241488319747444736
1245557950665691136
1262116690051174401
1251879798026252292
1242642756612341766
1241350551687901185
1263993386882740232
1262478973646364674
1243533329456037888
1238047447320059906
1243681161408364544
1242792555026231296
1252412781959106566
1240459213685563395
1256277287479250948
1260019283213447168
1238812278432112640
1252561988674154497
1252563897921437698
1243691433414078466
1253701625669136384
1238852266343440385
1238167200273444867
1238116092016541696
1238505376150159360
1244599018715480066
1240651375677255680
1249675521136513024
1237203061141110784
1254988677941510151
1251916471321665543
1251916735495778304
1245917071302516736
1248710437593628679
1241081234433998849
1245204800968503297
1254909584864677894
1251916673587781635
1238965099941056520
1243308825358110720
1251916233286524928
1251917184194031617
1252280441077469186
1251118539383111681
1237488212593049600
1244872735626530818
1256288089355386880
1254558718706036738
1247994286001577988
1251917046629240833
1240780260880326664
1244747646964817920
1238526603577171971
1242936533658873857
1251916933966049282
1240649245008498688
1251917244965273600
1252018089002184704
1261003075797557250
1255486782906544141
1268645954330165253
1250544873935077384
1251213567711481856
1237936890290020352
1242996731677233154
1251119035640688646
1252712955327787008
1251118613165154305
1251118690365575171
1256610466085863426
1258966071853428738
1254896014550581256
1269827391691657217
1247307140072603648
1245906383989542912
1249477302506815488
1251916314706403329
1251916136221999105
1251916402723782657
1238978608716222464
1243914146644733952
1236306536152150018
1251298596365967360
1251118864760528897
1239144546103107585
1247103189196984325
1246633976040742913
1241089638468648960
1237977015141257216
1239359818776920066
1245182072672735233
1240318109367623681
1255457357871669251
1236303394056388608
1236304419957981184
1252965914586181632
1251117995474276356
1242182884879990792
1241149094573285376
1254473192690929664
1250218551585226754
1251118179738357760
1251118976186421249
1243642447948918790
1257976903388090373
1242910172730855426
1259977344103702530
1237034683579404288
1237031795289358336
1269601879023124481
1260730680021041153
1248331009734647808
1245758357731975168
1237031151828488193
1247837491018645504
