1244366314929610753
1254161112830021633
1257117873983688705
1241880797365374977
1242598848645775362
1237138166357917697
1245373041422499847
1252569191691030529
1246808667942518784
1255509571650695171
1247322781416652803
1252550241309655040
1243910249398112256
1252549272995803136
1264608039228801024
1257424305765449730
1245340380549259273
1263202832628551681
1263779704609345536
1247219898486579200
1238756747235471360
1250811491449745409
1250123770334937088
1245100645511835656
1246852416240222209
1240049267210887173
1260439255693889543
1238755788920958976
1257486315937021961
1236048073123598336
1238597529400377344
1243703953663107073
1244366799866671106
1241881574171344897
1252186386603655170
1252673553201315841
1259138648479608832
1265357061308776454
1238450964182466560
1239261622385946626
1246511596777717760
1239374493572911105
1249759023559311364
1242661449736032256
1255957325933838338
1245327983210041346
1258820145608372228
1253635656980598785
1246821970156683267
1238778963817832453
1243699933481492480
1245327904118059008
1252140940376096768
1236282019295965184
1252037664364204033
1256958446152417281
1242507766100561920
1251612572316565510
1254049287455084545
1243517063441920002
1255511055817682948
1247627113420767237
1237838927136018432
1256634470079266816
1250794778733817858
1251273398149398528
1249443802412191749
1260620945980624903
1244315221793046529
1258710729630384134
1255481802925527050
1245331790665068546
1256004101802020865
1238950779853160448
1249063897233084418
1243697920626642947
1245119473809608707
1238265770750197766
1243708781390966785
1240945475752206337
1249893909691617280
1245523060289163264
1249834280483684354
1250777591381921792
1246242702829723648
1257708396448448515
1247221530767036423
1255122874647576578
1259866955244343297
1237914458627981314
1257815365637324800
1247570635846340609
1257424306612641796
1244083309967220736
1244660594021670915
1244808037061312518
1260900994738577413
1235679438592856064
1263105743433035777
1237515008428273664
1250556222849286144
1236382522508021760
1257647571989860354
1241916920661790726
1246218056436768771
1250129670575722502
1256594948759134210
1257720370632720391
1240466538731311105
1254162735295799296
1249731256843198470
1237224204052938752
1251123772259741697
1238296404126285826
1236552727204974593
1249836964636958720
1265347927024828421
1240770339258404871
1247502265516281856
1255253327346008065
1238131199341727750
1257823365135585281
1242736830279188480
1239602813157720064
1237534490211176449
1264115864703565825
1235418252378923008
1261278303585001472
1244289531110719491
1262081501983842304
1243603033767976960
1245133850629595136
1237825690743046146
1253345424066437120
1246379393808846850
1241400225991921668
1242573232231890946
1248647505614639104
1238681181874540545
1246582773365825548
1260693635198324738
1249381625781260309
1248303656241414144
1253161135773270016
1253315689756135424
1253440771648339968
1239757611207098369
1246872717476929542
1240412510982995973
1250071618711367683
1265351257704800258
1250817885632630786
1259957945221218310
1251271611996614662
1237126037982633986
1262610391634509829
1257487874074828801
1256675628616736775
1265830183287828484
1238085498016534530
1238269264634810368
1252649790149722114
1242431346372476929
1235704432073093124
1248975023181791233
1250782213098082306
1264981148079448068
1255705071326822407
1239653471290261507
1237368565097005057
1238167991675760641
1237448401534496775
1250577827918950401
1250576735009210374
1237833737024528388
1245794897044615169
1238466516875706369
1239386362077470727
1259105713994989568
1258577317766541312
1244830129836249091
1237347069112848384
1246224469913468928
1241193943930474497
1257424304226041856
1240063129691840513
1252818580598517761
1263476878930849792
1240132889053999104
1238168553058164742
1235942806679687173
1249078563741016064
1240746256294645766
1250557468037373952
1240730194736013312
1241901794718072837
1244830164015550466
1242249422953754625
1241082353327517698
1237920275540463620
1250128925612806146
1238358231703072768
1256782282884558857
1239643168813076489
1248011121350434816
1248096804824023041
1245122964967825417
1252752795125583879
1244653266782359552
1252321030699442178
1255986460420968448
1238412020380295169
1249953423019200512
1246886640976527360
1255511918925746179
1243516714761048065
1253745481362157568
1241755816711131136
1260286821759619072
1253448837064208387
1239639688723476482
1244553441457983488
1242432373645590529
1251149438300504064
1240272298491469825
1251132532126617600
1243133119789707264
1246458622072295426
1262476517612937222
1240046741795332097
1244766986762158080
1253662511481663490
1252759821704667138
1240815524717748225
1250463989072609281
1256192885596307456
1244227617403871233
1259527524939436032
1252245157275217920
1237818804937375745
1237862897318891521
1247476021286391808
1250677372845785091
1242430628865413120
1237380578787368961
1244309892699172864
1254546972528324608
1246892340616323074
1246963305039704065
1243656166468734976
1241862044946698240
1239317847345639427
1255634446423928832
1263912783558725633
1247685498207907845
1236017185883119616
1249786699112239104
1238499304488292353
1263261025308213251
1252759066247659521
1239320613459759106
1252548381974638595
1254910740848357376
1246440079087882246
1242187553257783297
1244838032907345920
1268356905648488448
1253403379029676033
1247560278994190341
1244635657944928257
1237358886123966465
1235662951291355137
1251352250443800577
1239162661725708288
1254104441311170562
1252987573938671618
1242031907002560513
1247598984648105986
1253976339801157632
1238915840218718213
1261500856198979586
1262216610368163842
1242389303222730752
1237155715061555202
1235347775535157250
1253531129099018240
1254964291679240193
1259968358683983873
1242907648648937472
1259945354386161665
1240257690791804934
1256095693552455681
1244337856325341189
1247354153845784579
1237958782300426242
1238915974960689153
1253828108978999300
1238565515590881282
1235796313079496704
1240963915086995458
1258566412286799873
1237826244944769026
1248029293508255744
1245012885627195400
1253479273798807553
1248265448107511810
1250552902516703233
1238471264727171073
1241856868697419777
1248667607147872262
1269258928359170048
1243902637650608130
1252267451066257412
1257584252935385089
1246270190750498821
1237060892052815873
1251349833459392518
1252246062171111424
1246198852883025931
1238093350659555336
1245827127720673282
1236816358853218304
1248611048392765452
1243566638898851841
1235525813950431232
1243370699680403456
1246967442129248257
1253975980261195776
1239945495507865600
1242270121109999617
1243636634182209537
1257454566662189058
1243343641021689858
1246527457886429184
1248072149216243712
1251555943004979200
1236818673760952320
1260978611428962304
1264696642185420801
1253771359542525954
1239638111606452225
1244477852491415552
1244678389321084928
1244076057348669440
1247147480820649988
1253747983323222018
1259278345629503488
1247204768054984709
1241829900610408448
1238996210821869568
1247124352744787969
1247535034724048909
1259652542310555648
1238561844740141059
1235240739581329408
1251989607912222721
1243693363469131783
1245666195216498689
1247718726637686785
1240601921745977348
1250762740731392002
1260758814980276225
1248703190243180546
1239019111750959104
1244251430535548928
1242169706452262919
1245485581519519746
1252284903674298384
1255816320358236167
1259229858015707138
1240366075025514496
1244139428416819202
1250410390258888705
1248396824261480450
1239316588895055872
1250214741806583810
1263228371749736449
1248641089923407872
1248581649564041217
1241909008979693568
1256646077853417472
1256336931668979712
1258387834572021760
1241927740904873985
1263812693577936896
1243639653078532106
1259938566739722246
1245145569036771329
1238859850265878540
1267905697586515973
1240274374642589696
1258396680438845440
1245692419674386432
1254798585335631872
1248638225318653954
1235561910495588352
1238255685487464450
1251536459871465473
1263807353536774144
1255578112001060864
1256337731661119488
1256338152244998144
1253477329508204544
1260247654229061632
1254825940909092864
1236728028715200514
1266053108003680258
1246278376966500354
1255176248508252161
1241921051610820608
1245508261039804417
1247985261839110145
1236347354363682818
1264536935059595265
1243016724917768197
1246834239313715201
1249880516205195264
1237869239773442055
1247988322133315585
1253302288795537410
1240444447361548289
1249322391949492225
1235351420091719683
1243719782630916098
1247987860273233920
1245339315821035521
1250113553765470208
1239678062998040577
1238205972486766597
1253302289999245314
1254815366620078087
1256336402687516673
1256582138813722624
1241832341959577606
1254182075382497280
1254776716108509194
1242511004162023426
1256337295604506624
1260032319479414791
1269664516477980674
1237491344907612160
1245676007677464582
1251922122961805314
1255306407928311811
1238121048501096448
1243952833017372672
1259695615669387268
1256695194768101384
1238115495389380609
1253302288120233984
1244094012467937280
1251276605130977281
1236360567167778819
1244621951844433922
1235297489596616708
1245182168457981952
1252354874710257666
1253803774843510785
1264729735155929093
1258363935746600960
1245181124562870272
1242138533239894016
1238128183737757696
