1245430614280544258
1269748516567597065
1239187757286727682
1242786319140622337
1252931718895611905
1253076134998216709
1246157397204307969
1238866430357110785
1245431615700062209
1239269025978421248
1240799110984335360
1250571963266809856
1254543634227134464
1269669934927417344
1245089042485649408
1240772324217020420
1237741654355988481
1264975639267983360
1266545600641880064
1248019315921543170
1240304840720502786
1246855217892777985
1239537846530252800
1239601098790506498
1241702631288049664
1241130219274227712
1239571757335445504
1237784715442126850
1244623218452897795
1247184981744668673
1243335436094910464
1240798893920698368
1241033404835135494
1245086529464217606
1242581791841665025
1260534598695563264
1250575138107596801
1245114211203678208
1267099386544259074
1253858406026424322
1237781137033920513
1260229833528881152
1244321587534462976
1247567740367441920
1262610751191166979
1262611989764935681
1246078193578258435
1263053426390446081
1251612109772918789
1242931483028971525
1239699222074732544
1253003514969763841
1241499765789122561
1243240141403181056
1236782576481841152
1262453499201232896
1244983815367426049
1240800815222267909
1257692051203858435
1240331341880844297
1243279879640166400
1241743157919920129
1252715899120951296
1258851736527212546
1242208627999547392
1245415111700996096
1241085545469657095
1247363185906237440
1239739399941865473
1258767801663324160
1255965406306668545
1255995445144424450
1238216604548284421
1242106837044006915
1248389050576166918
1245128586551603201
1260611632952217602
1241417067443761153
1237578278983962626
1240989089505181702
1237145421182623744
1242444159992070149
1251991881346662406
1262811703684870144
1238988904222654469
1259135401668812800
1267643388276486144
1248639989396770817
1236784631137079297
1239978525211463682
1240411965572280320
1244263594004549632
1248402880702205958
1259117045293121536
1242949788179595266
1260614862172041222
1244205595248427009
1260256142774673408
1237145886389649414
1263844869434417152
1248993867296276480
1243575781395173381
1237078684449665030
1253690876611739649
1243975344111132674
1238953916240400384
1259133348326375425
1236780468168724487
1257679615474221059
1258213762672340994
1242454867664388097
1254867928912211980
1257437495421218817
1238983434900582400
1247528730756395011
1257690232163532803
1243280618215084045
1255846326652358656
1245846981123035136
1247148503387770881
1263790116260233216
1243844378445131776
1236408782076416006
1263847078213693442
1260935293949087744
1244118090184605696
1243264678777815041
1249898552748380160
1235313456213000195
1249891977681940480
1250577138954223622
1253071419409403912
1258124142378917890
1243987440978755585
1240747383153201153
1238238526707245056
1252602544053989377
1242557692067053581
1250807848289869824
1260197758629228546
1260719147333320710
1236639018944802816
1249892951125364736
1259912744410718215
1261796637661450240
1249800028211773442
1238767101365583873
1269781996672335873
1243234661515616256
1248320796000505858
1253028887124217859
1246141159946088448
1245874487804997632
1248389522083045378
1258795357158465538
1236781409345376257
1245195933236842501
1258000462835585024
1247674226993172480
1247035935566499840
1249811809638506503
1243987246807748610
1250627100178087937
1251146748535308293
1254951899805163522
1247669651586387971
1244799693659549698
1245139355011895297
1263476285625548800
1252608258264707077
1255486040824897536
1237147338658938882
1260599988649943040
1240377282331541510
1255104405600428032
1253621657916358656
1258002469151485952
1254479552472125440
1241120928223899648
1240817843375083522
1245143077335060485
1239535528288104451
1249801347337269253
1238090807544033280
1243383461232234496
1253074537995960322
1259296553782689793
1235311602783662080
1250778212168318978
1256236851792355330
1239191380523655168
1250953412381937664
1237475865673510915
1256306337916391424
1266746245319741447
1262612053317083137
1262449137351626754
1250577692820484096
1243654154477801472
1249891927056678913
1260551834843963395
1245547442625536002
1241110841682022400
1252718946744012800
1237933124853604352
1239616930744602625
1255474185050230785
1245424099708583936
1239749633687064581
1253073244845936644
1259302027076788224
1242986644065726464
1238640318347698176
1247673212655173634
1248278486248304641
1238831468257959936
1247684429339901958
1236831218894876673
1253411909887352832
1245049871037587456
1265636658491412482
1237721990271832064
1245138277918703618
1244017099900702720
1246552330184638464
1239330971880755202
1235947651549589504
1250748487072993280
1255163218013626368
1241885071763591168
1243324921956229122
1242853230251565058
1240643570773696512
1254109375620435970
1258382542253817856
1256824840624930817
1240054439777574920
1242983640713383937
1244296842466246658
1248226847164424194
1242942408872144901
1246211227476516864
1237823570870513664
1251154996650864642
1237477786043977728
1237824424197398529
1240772373550374913
1254129812580577281
1245765843725754369
1250776072653766656
1246189416034578438
1267465704380542979
1268579812563615754
1248747453320486912
1246825398119342082
1260575181891948545
1245872753913233418
1250869338493640704
1255483422765715456
1237855511963291651
1239215984583598082
1240098470406565889
1260251989050605568
1259924861004251139
1258371915854553088
1255325281935675395
1267614454033907713
1258374733806145537
1252718672306716678
1253316188026912769
1250236324654743557
1244636862700040192
1249415156112728064
1249360927574626310
1243293105450897414
1246897955682037760
1254107760855220224
1256951768820350979
1250066861443686401
1241539310698008576
1243698912457867264
1240330201608916994
1252919233060786176
1235413943671287808
1250066677733167109
1241558628441763848
1240643041385463810
1240464997014220805
1238088953129033736
1241513638936154112
1245030987873972224
1244638070907043840
1238305615136665601
1244978622143791104
1239215854841204737
1256052824233906176
1250488265783889925
1242940710166376455
1262610885295722502
1243236177660055560
1257785362124062723
1250425650663444480
1241866767959494659
1246519891517202433
1243625121811750919
1250452001856643072
1250580242068123649
1256656943495741443
1257631208592363520
1246801796833607680
1255560556674715650
1237413094646824960
1244571973839138816
1256221947970666497
1239234086432112641
1235012386844807168
1244418345782345729
1239525616183119872
1250203275212849154
1257293527580622854
1248246683063877632
1258140450000683011
1257395240761266181
1246489682608824326
1241797096379990021
1237126687030206464
1237530293965164544
1246127690266169344
1260188748232511490
1236005516167376897
1259234767163273218
1240327286068523008
1237144979459448836
1237927142949826560
1246799866438639616
1249726506915565569
1238474797006405636
1234991785207717889
1260598746640977927
1244318225392979976
1247881295717425152
1242959837929103360
1244293789541380096
1243169443896856581
1237842118430752768
1258852124252930049
1237822445203206144
1249898849117908992
1254760138415788032
1256353033191120898
1238472162761113600
1247523785088978945
1266411938755612672
1249810180038103042
1237040238687596550
1236010459049922560
1267536253941096450
1267586363467223040
1246079288161513472
1250423586298314754
1258373899399696384
1253072151130845190
1257665456191737856
1261354341060866053
1245174473940242432
1245846055465467904
1239613507970183168
1240326937484185601
1245159698594238469
1255533148382822402
1248759783387250688
1245386297553883140
1257188901342642176
1240251751397277698
1241139424945152003
1243292293706272769
1255933260451983366
1246128801421164550
1240375553326231553
1260935951918006272
1248996679208120320
1245529523896147968
1244283656329400321
1254147745373454338
1237931596994527233
1242627552436461569
1241451195912331266
1259158402145681411
1259155092802080770
1264789005675134976
1244762609267740672
1248640981722857472
1268090885939646465
1248605702706380800
1241716034345807874
1263476496544522242
1250256686482362369
1242569590548369410
1237476739468722176
1255563941708804103
1244418698355642368
1247684873193697281
1240090795216179201
1244316785421234177
1261088388263936002
1239614275326488580
1238270628123357184
1252607450861182978
1257072088134889473
1248382446845882373
1245348975445770242
1240907492307197952
1240493797559189504
1262416129970102274
1241136204931891200
1241836953919766529
1247185937899163658
1248405065603248130
1258062175748399104
1255818294759653376
1251148687268429824
1239345832262086656
1242415105998028801
1261356017771851782
1239524346470817794
1250870514396073995
1262611060244320257
1247182221481578496
1255961770872766464
1237900959784804352
1254009891775221762
1252540890155008001
1261690403264307201
1248718928613965831
1262977484154458112
1260910556816515077
1247604320150999041
1251229868752285697
1259193403901960192
1241137660284018688
1244767632743596039
1256707777499664384
1259193731523149825
1250844788577964032
1240253844333957121
1246920004097933321
1248079742005325831
1237886255913787393
1258179038830571523
1250760488721530885
1257694234217455616
1247421742592724993
1242409828817022976
1237763333727666176
1255114666541490177
1246898115115958276
1246159986255892480
1245457822160171009
1252962655285006339
1260696419461206018
1243657529483280387
1244276738835783680
1250098259890241541
1237125616484433921
1246072860017295360
1255109455580213248
1242396060452093952
1241130035286814721
1252325258373332994
1258165535759568898
1259780804634345472
1240700004479586304
1259917886828826626
1235574718633295872
1265326227767918592
1252592925537681410
1246273067271237632
1250615669340745733
1238311446481641472
1252111951011905537
1238411851140038656
1252848583700692992
1237474397197406209
1260695876043001857
1261065514798977024
1235943003790983169
1247563926545539073
1253370956128673793
1236723878426226688
1246896640536932352
1265379344211415040
1242483312779833345
1235619251844767744
1240965962439983110
1252351316447227905
1237125247616327682
1237918865457393664
1244412579658727424
1241545223962013697
1238280832659468289
1235256598702022656
1247212353181057027
1244182297978515456
1248433689169555456
1260532296874110976
1258773502615838720
1260961899409215496
1252374787885694976
1241699977795002369
1237824621728206848
1251576691778113537
1240086146572595200
1250058061043073028
1240918059717664768
1250863221990359040
1247712875961110530
1255840389266841600
1254010276451627008
1251867254108585984
1249121941434380291
1253094595019386880
1245831766184689665
1255577360826544129
1251204104262729730
1242819422999531522
1247214473921941504
1260909537399365638
1260843110306770944
1242906315879583745
1262188404831408130
1249726077955641345
1248970570575773696
1257691457873424386
1244040152944705537
1238524831324426240
1245878456895881219
1248417666466902018
1248321793485660165
1254961105333563397
1245155608405381123
1251589868981047296
1250489539493330944
1237100622626926592
1237100722786906112
1241501134503755818
1258769526579179522
1247188753132724224
1252335687568953345
1257452773127454722
1239021443456937986
1259908157578584065
1259156394122641410
1237156286564839424
1248606585544417280
1241133422329901056
1240429282205319168
1260716433115414535
1238065660736962560
1247527501917589510
1257800899659005953
1248391249125502976
1241117483798532101
1241005656221548545
1237825817998172160
1235885575888162816
1235257933249875969
1255839420428713986
1240703895963222016
1237924577415757825
1237038596315586560
1250569256032501767
1263258551239221248
1242199264354340865
1258767027877134336
1247899387499433985
1257372238531133441
1252959321261998080
1240408713942441994
1241004864903184384
1238091566654291972
1245390860608581632
1246170421478785025
1261007216037027843
1249788454474584066
1258733355656413184
1248058956670525441
1255124439404068866
1240473059330531329
1245401623213588482
1248699513172299783
1259416577038077952
1247137489351049219
1245403267875704832
1260912025724694530
1260913240344793089
1251490706138566658
1266481837620236293
1265430570835816451
1246563800423292930
1259947835925172224
1239533132015075328
1246942793450192896
1255903626092036096
1255904890750107648
1260118979575713793
1248626033424654344
1239291812503748616
1243299917113761795
1269639736034910209
1240080301096927235
1235663780694159374
1243155103089070080
1255251406874959874
1259152833129086978
1260915322305097728
1259211527447433216
1264508066097217536
1239011441589526535
1249669852220055556
1244393663544901635
1243579330824933383
1259506033950707714
1253121560484945920
1239696018582777856
1246567212556615680
1242933908293005319
1261600689006018562
1258181977318068225
1242817172038172674
1251220682807169026
1256603629932417024
1248284692434038784
1246285775043473410
1243521774177914880
1251488688493731842
1264383522036486144
1238251307758243841
1244708479551647745
1246356702758395904
1236056152754065408
1240816886998319105
1256567645593354240
1243972044880052225
1261005995356061696
1251648669201375232
1247715428861980675
1261147278053715968
1255308137353154560
1243659469910945792
1270472729054064641
1237912321005158401
1253332525180612615
1263048513170092032
1239005392690085888
1264571887721558018
1240409195951738881
1241501175888908288
1246461825530593281
1246458536382672900
1235256954953531393
1241483425409835008
1260343845792997377
1240253785773150212
1259830064470020096
1245028501125726212
1240348907416236036
1242935615114620929
1241153695947112448
1241063860179779584
1238074285220077568
1257111462402719746
1260242309733548038
1251322002654314496
1238574993681920000
1245146031928549377
1250853235797250054
1251667328732889089
1242239444528304130
1245057341164261376
1265600531214544896
1252780666271535104
1247271343948730368
1235959778154876929
1253281974258675712
1245786101845045249
1248664558203478017
1256211222741037056
1246252250470789121
1260697223446355969
1245145355139899404
1236297475847327745
1261057823582171138
1243658207890944006
1238177868628271111
1254824937224880128
1236734383773663236
1245680226861973505
1254822889179746305
1251584840585134081
1247350522610360322
1251954812578603008
1236731900565356545
1236820356943482880
1248668385019408385
1250188451477172224
1260968145726115840
1247530226822701062
1238707482073206784
1238179193550262275
1268993713822457858
1243611569499578369
1252954851392323584
1252955693608558593
1252977988712443905
1235644494969802752
1247531165449203716
1241830298826018816
1245461177414619140
1250787642922479616
1245055951880716288
1250468522444173312
1239797040193982464
1250545569606569985
1260348889439354880
1247211822891048964
1251558165885394945
1239185915358175232
1253529149332914181
1252251028893962243
1240648107832082432
1246545508803457025
1247957848560209921
1261850786797101059
1238994744811937792
1239221221486706689
1247191734133624834
1243576545828057091
1252937807825338368
1244707543592689664
1255491267791859713
1244985111138971648
1259845298450583555
1245513588258885635
1240103412307570688
1264311963418374144
1238844547729367042
1248558761696014336
1242171748251992065
1236443084185120769
1240646188011065345
1249350320649572352
1243232421451046912
1251922519348609024
1247873191311216644
1253112029579182080
1256567914825736199
1249306601426747396
1240454797767172097
1248395783499427845
1238834658445582336
1241169029282304000
1236295243168956417
1236296292546031616
1242616008721854464
1252622528394211329
1241062090942681090
1246637244745646080
1241065243981291520
1259173615326683136
1246279307955142662
1239635721641775104
1269336205839273985
1246467114619240448
1246464598124920833
1256293513278390278
1236332322473025542
1259830661919248384
1239924146659905539
1263828275807293445
1246847141106065409
1258387949684772871
1250889847214137360
1246448005743554561
1264718336103010304
1250174640699379712
1247207476841324544
1253692695110959107
1248638051095625730
1249906468272431104
1246972241184796673
1257866808717193216
1263549443611246595
1240314368287543297
1244746128677122048
1239018958084288512
1247149105375252480
1247925130224979970
1238119422264594432
1257450506991161345
1250041706113892353
1251545696584511489
1248284929290579968
1252362402252767236
1269645314593558528
1246621531163197443
1259831665565843457
1246252902232006663
1238477245989244935
1255487616008544260
1250038974229499906
1268196781160042496
1237843104742268931
1255486500537499650
1258181081519570944
1255490877054758912
1236097886124994560
1256604032313053184
1263464133766365191
1251922364377575425
1250037745688416261
1240250555194368005
1243351463679668224
1255490002085195776
1238630996611923968
1243663761807998977
1236298366952394752
1247874154222825473
1255444785495711744
1260226188699672576
1240101410328457216
1237493209456168965
1248071379636846598
1245054085566513162
1245052878668136448
1245499747651203072
1238114331075756040
1237918120821604360
1261147274597580800
1255127493385822209
1248287009325621248
1238990434875125760
1239715890549141506
1242873243972898817
1237795902582075394
1244745657446957058
1239281118395990017
1257752436439212032
1252348549221584897
1238190333642539012
1241038853311467521
1241061289092419589
1241066108444082178
1249085119551471617
1259148766260715525
1241068780324708352
1255182601951817736
1240407758199050240
1260999772175024129
1247347002704375809
1249781521629708295
1238538465328930817
1250040444773453825
1250894176130039809
1243990028415578116
1252698707298070528
1247144453309190147
1248122842014781440
1252446949573345285
1238191779360407552
1266131526904950788
1260231970371637248
1244563385812946945
1265602085300645888
1246562718083100674
1243848511285854208
1235295793780846595
1245703805821427712
1253328205005459458
1256015217743536129
1243313482457583618
1245985809276207106
1237488949389598722
1241607026322669568
1241606303845318656
1251919542298828803
1243351850474188811
1263136187084087296
1237497556034355200
1247138440652742656
1252698774746607617
1238980197443088384
1245879230690443265
1243991345829642240
1249786291186741248
1237561386990886912
1236358088107724801
1238851301984940032
1236358500957204480
1244621328008851457
1245677721709170688
1237903969348968448
1261119692695121920
1259700571537276928
1241604478614278146
1258034428753915909
1239281457773903874
1245672432721166336
1236357373289168896
1241090427433947136
1253757909714046976
1255577052285198336
1260596028182593536
1262151854697394176
1238816079557918720
1270039842689335298
1234924897031335939
1245756540453359616
1246081268321787904
1258091046812225536
1249193031363899393
1237460880809476097
1253729900168650759
1244754076044328963
1256260387315613696
1234924177666301952
1242143583362310144
1245758054785789952
1245759478005465094
1264505757095124993
1264507307121139712
