1253386840880676864
1249908250029502466
1253051746315915264
1256282369939640322
1248219014830186497
1247645391526359041
1245129365710688256
1253124117383073794
1246427897281339393
1252033806355304449
1238137229509345283
1241989276767850496
1235058622922555392
1248658751370022916
1242589843747676160
1240958864469700608
1236125897054466048
1247545725229170695
1254580004702375937
1253715229478920197
1243332412530200577
1240401701330436099
1261663467091767296
1257094142385143814
1243935440236879873
1267646072538697731
1259929186678059010
1245135245474697217
1237174991470374913
1238913009541668865
1247370919363911680
1238299190071099392
1247820182308913153
1246149628120256512
1247649784988647431
1247405893081333760
1251515526695849984
1243703994473734151
1252388784290725888
1246935179131789312
1252485032750571521
1241111541031809026
1244427158237384704
1259177926219698180
1235287963795365888
1243734526976757763
1243707241959755776
1260611687616577538
1264905693393571841
1239297748513497089
1238488327684329473
1244320727911841795
1237169195932155904
1244943002281312256
1253044974368763904
1249768695250989069
1266649241889497094
1246580046195757056
1255163710680829952
1266005940064718855
1239491528902545409
1253447612654649350
1241808797175341058
1237864253970714624
1246091622154207232
1239052474608222209
1257381432852385794
1241120052482629632
1239599381248126976
1247650631181090816
1235709168906010625
1239260497687560192
1249691049494302725
1245817748397187073
1243235159304032257
1240593875187761153
1265634237811765248
1239262138327277568
1258409664921964544
1248293933723136005
1252386673507237888
1236761556790247424
1237217647936274432
1259065147936645120
1238199155610304517
1239259058688974851
1242847121902129154
1270214729152081920
1253385849389146112
1267252879406096384
1263567848984756235
1242984135540555776
1240383192206651394
1248279786818060289
1244058197108887553
1243305142331588608
1242569024384491528
1244320686203711488
1253048720268165120
1262037796027498498
1252565539924443137
1239256040912363521
1255278423964073985
1266510507240022016
1255254512056631297
1247186057801670663
1246939523361247232
1246207986860797956
1238088291821531142
1255642341412569095
1237745652270063616
1246210978523631617
1240130122096807936
1253008493524680707
1240062752997224454
1241660956486352896
1251565276610560000
1244313611285209089
1236501023902105601
1237970406591651843
1243361204321415169
1244268640125550598
1250792744085307392
1250556952733769729
1245720493346426880
1254486107867283456
1251305920820326402
1245956134059610112
1245894245199884288
1246214621490536448
1238973186118729730
1260204925935661058
1251699791521857538
1259804491102261249
1248714383938764800
1242978333899591685
1239758609879269376
1243697912728731649
1241902851854606338
1260358033936314373
1239760130234896384
1254524246291816450
1242537586423468038
1243889903085203456
1248448059333177345
1241702753606545408
1236368691559829504
1253612183818297344
1240742950352629761
1247671521654472704
1245267841689030657
1258408061917683713
1239738278733123584
1244439877107822593
1253679797789696003
1242580920294670341
1241404358845181955
1244359372236611589
1240047345800273920
1257088447828934658
1253032630506962944
1243734636422971393
1245717177396793347
1249382390751002629
1254438353937760258
1239741678711459842
1249751340026339332
1245932648993714178
1247263971033391105
1245117933078151168
1256348857241407489
1253005863926861825
1249831927697281024
1250914700931543041
1252082338625998853
1241104482622222336
1250089932024090624
1255674074594004992
1247645068778967042
1237071123793272835
1256664318927605762
1247644592872263680
1253814849571782657
1242280729825943553
1250236327603441667
1240306507952070658
1252390614177472515
1248040788531073027
1240270595339833345
1247645533692403715
1245066683561259013
1240376346334965760
1237178595279286278
1238199067831947267
1250834586801704960
1244359513957957632
1248866353592832001
1238465409873051648
1254746703930015744
1238946948595568640
1244053333205299201
1249616478153969664
1262223032879382534
1247117664918659073
1241536677715365897
1251209341270704128
1244981840953434114
1243500105522720771
1249898152573964295
1243338437400420352
1246584048329396224
1242197093185445889
1248092707429339136
1250952790098264064
1240608266163544064
1251851615038038016
1246552844603478024
1259265422001668097
1254751780979826688
1247678266279952393
1256664714823827456
1240738156481318913
1240163079981334528
1245543509047808000
1238557829302300673
1248240968534556673
1251859554951991298
1242587202120540165
1245131794506223623
1253380673651564544
1246245446651187200
1263420398600966144
1240053388865306630
1250922905363496961
1253025511619604480
1262450695417937920
1243359865436639232
1244697116745830401
1266529750190866432
1246825757428547584
1238909849880219648
1240306171287871489
1238866501760954368
1244266037274705921
1245804592157376512
1247880089771048960
1243509290943434752
1255546841850134528
1235062039145369600
1250778812419317765
1245072473743384576
1241017273747472385
1243308139744722951
1244013155774353409
1263108442681675776
1238682836451889153
1253415059692257280
1242281533207203849
1255235039689834496
1238307961870716932
1246454069645975553
1244800030965456900
1237143676163362818
1249790677782839308
1255472731568648198
1253721239278977026
1245111243649802246
1241842064872128513
1238266750610833409
1243734080488865792
1243734261338976256
1262387189368999941
1243734605682880513
1238675577315393537
1243734817864327168
1243359625388294144
1243745133490814976
1264960451139579907
1251163544235761664
1266887259711774720
1254046543126188034
1261686911476936704
1269718421400432641
1245720024846864384
1264979446899060738
1247489534767620096
1240305844614582273
1267639300876914694
1253521062240890880
1237527289941749760
1245071080039030785
1249525547899723777
1262450800137248771
1241357822585159681
1238276461041197058
1249844833356853248
1252369157615546376
1246915207944863749
1248217991004794881
1249846681593679873
1246912514585251846
1245369523269701632
1237571796041269249
1243289187698294797
1244821908920680449
1247376509117046784
1240373870462468096
1244274605503713280
1257771101607931906
1249833159342030853
1240610616177549312
1251240882524884993
1246938193410306059
1252238481218142208
1248747617615597570
1250938897347026947
1252686686460481539
1245739905600442370
1235172707953709056
1241082466095501313
1245070905988075520
1245895909336059905
1237472068679204878
1251896701742350340
1239742983030943745
1263473466319220741
1243131762521387008
1238531318931173377
1252665056644468737
1254507661443379208
1242211720136966150
1262020938922635264
1249886155186802689
1244258057598763009
1249722088169955329
1249887285987942400
1258121612873924609
1243380214228553729
1243695078218088448
1248750298383908875
1247937247233609728
1240737380463775745
1265092234329849856
1256330870262124544
1244663265965285377
1236413801253277698
1242028484899332100
1243744022310670338
1236978168143233025
1247970268456386560
1239203916824354817
1238031782936825856
1256003721303130115
1242969604487610370
1242384294900912129
1249919645383118848
1260581436823867392
1242590638513827841
1239193277162819586
1247501140863979520
1245129472820510728
1250071101436309507
1241900449269264392
1250819472279179265
1255995458830372865
1244376711308939264
1248437333415903232
1246558967838408704
1248744662250197003
1253672570899087362
1245660005761560577
1238216661200756743
1250371847625064449
1240128509001031682
1250583757318389760
1246913848315129856
1250935993412333568
1248300557363798016
1260684361067872265
1244789228858458112
1248437515414990849
1250277067402268674
1238451272619110400
1239345925618913281
1238955490610216961
1242774868300627968
1246389093379997696
1237418296741441537
1236008950060982272
1260260974927503360
1253412814560964609
1255537819818364928
1252704488978341890
1240437570233925634
1237373660027072514
1250820555248488448
1238213073321832456
1251570848756097025
1246615298486214657
1253148464386584577
1265139444518203392
1249059393578164226
1236050268720164864
1246472696424288256
1244640662974279683
1245846948357210115
1239535116227170304
1245428362388090881
1243359550356373505
1246506834724298752
1242451575433498626
1239585834745110530
1240434536237928452
1244788839002013696
1235024214018547715
1238984383022936067
1236320458573778944
1249067635934932993
1243388714878812163
1238464822200750082
1243738534688763904
1267996330439442432
1246475052272541701
1243338747275550720
1250106809915932672
1239195541906640896
1246151261319122944
1240410372173107200
1250578945956814856
1246810748350795777
1242572162218762240
1238212711680479232
1237738645995622401
1250957512083492864
1247167239679164418
1237112498031136770
1243279763562733573
1236263951391956993
1252607076108550145
1238027290245607425
1240835109667909634
1242595234887933953
1241791836651470851
1243516228649566209
1238338256057651200
1238061264468926465
1244636523255009282
1268332960190783489
1252386037814292480
1245740987743449090
1247660875042914304
1246508457651568640
1237737791024398336
1238304931620233216
1240297863600578564
1257807436376879106
1235397243953266689
1237568123106021376
1237589949349687297
1258519917155909635
1245595896223371264
1253146521564073984
1245030849680113666
1246261590019706880
1244792235369127936
1260066826177769472
1267385419634794497
1248731990775541761
1246938718923038721
1261892881511518208
1270214533152473089
1235687837749702662
1266007385182744577
1241884145388789764
1248397779342217217
1259293490304999424
1240026525921148929
1238620564727742464
1257087758386049025
1262078498941870081
1246781879140921347
1252027042138337285
1242531643736424448
1257407526355775489
1263264574419206144
1245890870429339648
1261723262813437958
1244453983751680000
1243331515095842819
1257690199368359936
1238449950444466180
1245129292633247750
1261614773902475264
1253543629353816064
1244023494981177345
1240734046403080193
1246501274473959424
1248221892437213184
1249377949415100419
1263967716999823370
1243942358200262657
1256639437162889217
1241732138527002629
1257711012675039233
1239559874591313923
1244791856535425025
1244973438567100419
1238819769970802688
1242159182452854786
1257184903906590721
1241706557148139522
1247036691438804998
1244320881855299585
1239754654956883969
1246104193892601858
1235186182801195008
1246058359297622016
1252081687003095040
1243306391072387073
1243306576338980866
1240957914191405056
1238947159304736774
1249694416547299328
1245161946351112194
1240389232285401090
1261295514915569665
1245162597067915264
1242584786738262021
1259437387668750336
1257678531221491712
1240392026249625602
1248036364651724801
1245307183040008192
1241821674523308032
1238297981268504576
1269154831740145664
1244395143882514432
1238101256390000642
1240398760984838145
1256406764171526149
1252571481059581954
1239187483398737920
1268097251857108992
1240813967649488897
1241119552559292417
1247167266208100357
1238055013072674819
1240066204309610496
1266342057142083585
1256534311647481856
1240751707761541122
1256006635044114436
1242249625559498760
1241537271507103744
1249528199320649730
1266338835077750784
1266340717338779649
1243983868421705728
1243128599718301697
1238260767587213312
1242507443344756740
1244427013718519810
1241026926053076994
1245162891390697477
1239686489287659523
1244440379014942721
1248224854106570752
1239442742985490434
1260976768799866886
1245450305736769537
1249002782524407809
1248040851886034944
1255123287631433728
1245724517609156609
1241359790003179521
1252601577443074056
1240912492718706690
1237406575561715712
1269808256026804226
1247942980322942977
1240377878065397760
1239298233731624960
1238659567082450946
1269151694350422023
1249600192854319104
1239188771314323456
1264979521616445446
1249067240823103490
1240951683624116226
1238986069644849156
1238589418031796224
1258807633672273933
1258755906839490562
1239629898546896896
1265642245757288450
1242944251664662530
1251005230080233472
1248916311708708866
1248945624696963072
1255003272592703488
1266005979616940033
1255502242460979202
1247677773516288000
1256958152161058816
1247243208674938880
1258452852369956869
1243362134529982465
1241187372345241600
1258231870690639877
1235630527379582978
1237053082955059200
1263518814785986561
1242746666282889218
1240264539624669191
1242868714363551745
1239652715447357443
1265602934420709376
1252022900208607232
1251148027168845829
1243239140306685952
1260390838024224768
1248989549621116932
1242597133326450690
1256682534949261319
1258797862302953474
1240334524959072256
1238651624551301120
1245195148293746688
1241713524956594177
1266879301900787716
1245764424582995968
1248293157432942597
1243734455098970112
1243843883169005569
1242777346152763392
1243328507524063232
1266413791815897088
1238262208196423683
1241820654598488067
1248441251944370176
1258893711813103617
1243512680419336192
1237152088083365890
1242232402094821382
1243986955483971586
1252646423809622017
1260362299916931072
1251110967209086978
1242108271110107136
1248274842849329154
1247865968396820480
1239621993600815104
1243597603155128333
1240307471522168832
1257542145663262722
1256214351142440962
1240297485991641090
1255321848155459584
1243331789776699392
1239623141812510722
1238558837612969985
1264921953867108352
1237133342199427075
1238271772920815616
1252700749794103301
1238200749248610311
1248735390896447490
1240950375303299072
1263415001886478338
1242679907219619840
1245872151766458376
1245121702893420544
1253816962230214656
1250310300345061377
1239405511948337152
1242973744823521280
1256382931817422850
1254549840832405505
1256184743261061121
1245160920264957953
1253023299002662912
1264957375775158272
1240492681022910465
1240726198352781317
1244645963047854082
1247666196767440897
1244122742577926144
1243238960010321924
1244675264669499407
1268328386751070209
1246561161870553088
1266569083203575809
1255235080005595138
1249834902956244992
1266105227775795206
1244053263399497733
1259890727573749763
1237070630962462720
1246103535940513794
1249756276625674241
1258806046275108869
1237154221218312194
1242985926965542912
1239974764296327185
1244816117954154500
1237221058673094657
1243874636967874560
1248734980253069314
1247172829738606593
1257996915112849408
1238060956246323207
1263088168619909121
1239372274722942976
1247009528010420225
1250923712242765824
1240514468779622400
1241841718745587714
1244033055288950787
1244057777498177538
1238824030293106692
1264605966957457410
1263861549413916672
1254587670262669313
1241674773865914369
1242507946585718785
1243854848296210437
1237777258665906176
1250394354151292928
1264890673762795520
1242866736598257665
1245120059867004929
1238467687233327104
1253022110122999808
1248648776677498882
1248683324018753536
1238357005250822144
1246263311160807424
1239901942039678977
1245127562826846215
1239261520644780033
1267612563652644864
1249754767968141312
1249070674209095681
1239562874042884097
1258949508974678016
1236268758014005248
1243654865089441800
1266662362280603649
1243734200060182529
1243703131818668040
1243324996384108545
1248958963099500549
1243325106719465472
1258486408769142785
1243368172461252609
1264954266567000069
1243737704610873350
1247604649328287746
1241044969638580225
1250906651286257664
1243587557553815554
1241808295779803137
1248320174677204993
1237365586700701702
1243360249387483136
1237363839538249729
1239596105299525633
1246242422717329409
1247219655825133574
1238555158222647296
1246862784081559553
1246265311453687808
1243734017385664513
1243734146993790982
1243734749027368965
1237087509835890689
1242007647030820864
1243327891133411331
1260208553979269121
1242586763266347014
1270096652439711744
1253427926613123072
1246953574053142529
1251867674692456448
1251867611736018958
1241414469433131014
1237013130330255360
1249065700863475713
1237071767115612160
1244060336640208903
1257486056775172096
1240069118679822347
1247169755473014785
1236632616385814528
1253386391863603200
1238596655382962176
1254812721100529665
1244378073295990788
1250828908943024133
1254450796810457088
1244788798032142336
1238967732319801345
1238782222833872896
1237209550564069376
1241553489886576644
1239687625721753605
1246215161834344449
1244449676847460358
1243452408967069698
1263466091000594433
1243332237376065536
1245740399840329728
1262130321597833219
1252313946658349056
1244378682845794305
1246167180091293696
1247226610031476737
1256389561799884800
1266890378327797760
1242702325950660608
1238828739670061056
1245542721118507011
1238817937567301632
1238080164292169728
1256330455562940417
1237470900716519425
1261044271924359169
1254952266790064128
1248697773211426816
1252946653214015488
1254945037718257664
1254945140164222976
1246066268299542528
1240076551372365830
1238898379171737602
1253718598503325700
1241553589610348544
1238235515423465479
1242237212479152131
1242807616914501632
1245329438063104007
1251348684144553986
1239902394974195712
1243274014669385729
1263267397206769675
1248057673402257408
1240722330487308288
1261788269676843008
1238513315887841280
1243220797751267330
1246069160842493954
1252052787552190466
1240468933360136193
1246796517979172868
1244052797689077760
1247015575055990785
1253116091532038144
1253043326246424577
1242286408771010560
1244320175148728321
1250426348532723712
1246474138572726272
1237589912674680832
1244372059674873856
1239210892853760001
1238869011145863169
1236177079848390656
1247047157649231878
1249887173182214151
1247657931207774215
1251706914821550088
1250141181805092864
1256590268998049794
1246520910657568768
1242984575086755846
1254714033292357632
1262412269058752513
1248459862020747273
1237926272891785216
1250083616639549441
1246810907847655425
1240329416171028481
1242978505169817600
1239302847960879105
1236660737344495618
1242288978159702016
1236425560974405632
1239597358972895233
1247916172592451586
1237418152201539589
1248315565112012802
1247279053855473665
1247666355920343040
1248014585006714880
1245129251508170754
1240763313623007236
1252373841889746944
1253348571136565250
1257121539201404928
1259114248325775361
1240400597259563009
1248598812697993223
1234906001100296193
1240336114545823744
1259951775681044481
1240819652005109760
1257597907320147968
1245870983661023233
1245715330686689282
1238324482449825794
1246802219506302977
1238695943022804995
1240798191060242433
1238658189383610368
1236372005391421440
1238864488889286661
1235682462245834752
1252380463953440774
1244960968922275843
1238681184676216832
1240796028170899457
1237131175296204805
1256666180208730118
1263278581674844168
1245038408277331968
1242277054537781249
1262407270899560448
1248732977783345153
1240569535624863747
1256955213396824067
1240134329294098432
1243736198910218240
1242744722663321600
1244938230983778304
1240292267858034689
1243737329476538368
1264324949986234369
1253658917877448707
1245112784255401992
1238968529816354816
1240822158525423619
1263110350679035904
1249759636623933441
1244202035463028737
1254253775658856454
1248721527035637760
1235796945807040513
1254949926515212288
1244053986170359808
1239744058978971648
1256382733821128711
1251267411472527363
1243744433348239360
1247225644003581958
1239671369257963521
1248531652726398976
1242207735552397317
1237582407059918848
1249374942573068288
1267643349147750401
1247514246595960837
1257794940484104192
1256079332176531458
1244440245938065410
1262052603443249152
1259894662145413121
1237890409205911552
1263305520636735489
1243361931244666881
1241702754629844992
1246180988260093959
1237113517355995136
1242550130378768385
1241046647637004296
1250068213356015622
1257089732393263104
1243736361808658437
1243580804187541508
1248038705471926274
1237066815693561856
1262723065076645889
1254543525120802817
1244318401075576832
1258099388934762502
1255658749005611008
1244327827186618369
1253676613104996352
1240944784677597184
1244788885747531777
1240052451681673216
1246239907623952385
1242588936167469056
1245111642242854913
1237171434516086784
1248007197423882241
1245243989265190912
1261417776197050368
1243649710877028354
1260935208678785030
1249420028195340290
1247184603489632258
1242204120112603139
1248344064048730114
1239525443566534658
1246093729607417856
1239844824515325952
1241891426469842944
1240259543059312640
1257633355639767040
1241876612737613824
1244667464186834946
1235934439131185154
1239196379844665351
1244052144099115008
1237151727725481985
1241842789228384256
1260443103938457602
1268232802920812544
1235399214160416768
1247942325738917895
1264689494344839171
1250239492251889664
1244646966677639168
1248733022335258625
1242976420474818564
1240795585197768705
1243716178905837568
1241894309856710661
1263239206186496002
1243735595945545734
1238143978777837569
1244788709930815497
1245887494786342914
1249062962662453248
1260258724888940544
1247674322921164800
1246261583623454721
1238468961613893635
1243129997902123008
1265713625999736835
1248078994894999552
1243621900007374849
1245722914244173827
1242743650733391872
1258798419335942149
1241111319102849025
1255655475040919554
1238615013012779009
1253676247470784512
1255255435185192961
1238137405758193665
1237900021535780864
1248921615456403458
1249694715190169601
1241083105018089474
1254873584721375232
1249370132092239877
1236099229581545474
1267901492658397184
1265426315924168705
1243706830745976832
1239581581876101120
1252986769605382144
1242761577645867008
1259927964642410496
1240375461324247040
1270480511484473346
1248728413692665858
1245103892339347460
1238259879971827722
1238212737492291585
1253680651410313216
1236806293245083648
1265007726368886790
1250921806078324737
1256976646977933313
1255528319824596993
1238265100034887681
1241915967388745731
1242649768393953280
1242441051044003841
1239213187695812608
1252311458341363713
1247008513785761794
1239646102875504640
1238696645963010048
1243329780654780418
1237176499192594433
1245422820252889088
1252380159409139712
1257412943018418179
1246069234620342272
1248990188145123330
1238271639458062337
1265348531436560385
1239248533359865861
1269073823443439616
1244422869884510209
1255846732803592193
1239882265431117828
1244067911469346819
1246209428841472001
1246809352339623936
1244426851877076992
1245711115855843331
1244807555869745152
1246583012604731393
1240719842103222272
1265268415792644097
1247569905660186624
1258550558845091841
1243940045964349441
1247521255693021190
1247571541665120260
1240464653777592322
1236814416227848193
1238640954208387072
1244394193126129665
1237481791419752450
1241757913707921410
1246245210167918594
1243735773402333184
1238650690433683456
1247878348774277122
1243329311500898310
1243996148320305154
1264905003292151808
1239734711775383553
1259666356347318273
1237175227131592709
1246934787916521480
1243499225524076545
1248993532368519169
1252375285531504646
1246058757135708161
1252578422422994946
1260874250392604673
1235151104062738432
1250899706324176896
1240188727915360257
1242493052230434817
1245202454490296321
1245118026103566337
1243978552929910784
1246190952332636164
1239306711917383681
1249024613184667649
1254951607080562693
1251501934193901568
1244366340414111744
1246221411057795073
1242165351577722882
1243737258898980864
1245806611400142849
1237451794785148928
1238534782780354560
1245033774405922816
1244648284834201601
1238200534605139968
1259895513270439947
1239627923717570563
1249763667266199552
1243161486182268932
1241720474440273920
1246863518978191366
1260210752071352320
1246872577794084865
1241720454332723201
1239401033333440512
1238275643638517760
1252550473741217794
1237080865903202311
1239978261863677958
1244969907307020289
1248260914652106754
1253308647997874177
1237066151194243072
1245527422365294596
1254196389845897222
1239594468170481666
1256663737299320840
1238279014357389312
1261644326532263945
1248437421915734016
1245744027674316800
1237839392594509826
1262586722082324480
1239267478179590146
1245179532409278464
1245116183248015362
1243987111893782535
1255184889168740355
1246498588571701250
1261748934755717120
1237565518153834498
1236457757093609472
1247865196816797704
1240947920750415873
1245871288071024646
1241828483417980933
1247242704783839232
1251162577914048515
1240868329587453952
1241532931430113282
1239327284286443521
1250204750089461760
1240575257125302272
1258138595082276870
1254051490773204992
1242279845117210626
1242280048662589448
1254389829279920129
1239647888961085446
1256827596534419457
1238971725230092290
1247249175961575425
1240133943753572353
1236471595331452929
1255611134272561154
1247226197118980106
1255990921847623682
1238521500539420674
1241696698289840129
1240228271444418560
1245713909413228550
1242944510973353985
1245437575139074051
1244994922454933511
1255986951418572800
1254600779048108032
1238644921436905473
1243940641572356096
1245123514182615041
1241555442167418885
1241804478946463744
1246266059574960130
1240724397889126402
1245442312332861446
1261112005026594816
1255845469357510657
1243744300917305345
1253634101615132672
1257777572378808320
1255100756853694465
1240747513726066690
1242867024847605760
1241785741853839360
1250201422886559747
1258869937063460869
1265989703838375936
1238817692527800321
1262453151640281092
1243887595639144453
1241616858773688321
1250194393132347393
1241400269193261056
1238702016739901440
1249799256510279682
1244040170170712064
1255531887516422145
1245887986757140480
1242103057967652866
1248844744597352449
1241891211318906886
1261613237931515905
1242969696363786240
1242930825005543424
1235870276933435393
1244641166940876800
1260552025194090496
1253424287433674753
1244998280053997569
1238132779608682496
1248696270631456773
1242590620075638786
1250552038854983686
1244675718128250885
1238318574957137922
1245115549081878530
1254127655865077760
1258451611191398400
1245710039010033664
1244390435046424582
1244996460334190592
1260668662492606470
1241867569704902656
1240467429928718336
1254234138456055808
1266677841770487809
1248304306144653317
1247545674134097923
1239611674820251651
1260875054570704896
1238950925924028419
1248752725896151047
1245222806528438273
1237519292641341440
1268937124209995778
1238078908031029249
1242033739745636352
1238883350192033793
1263476144256540675
1245113584746737669
1239002720608096266
1245328893097238531
1254578163889340418
1241464799139151874
1244050190253862914
1262713070826242051
1252597418199257088
1265997290298277893
1245769355574550529
1251849444846456833
1268249459584110593
1238647072448024576
1240293047499403268
1242576700329938950
1243737313097789440
1263473488863657986
1237485178186055681
1244947229577748480
1259958038393507841
1241867916846522369
1235633192654106624
1238261860555730945
1242279347626655751
1242276011540086786
1243602630347304962
1239037390473347074
1246912926801420291
1240605075892047874
1242589021974540288
1247281280129077248
1238864095845273601
1239607942527299584
1237696992748462080
1244068934107697153
1254477967012618244
1248727053387608064
1243546481996554247
1257806326559838211
1243735496255209473
1240519302505267200
1240259996534915075
1236468795033694208
1250809236919066625
1250959907697934337
1240799681753632775
1235942086937108480
1241875294421684226
1237780336341377025
1240437521496117250
1240469778571169793
1264669345747255313
1266006495491022848
1246195490225618944
1269637441528479750
1242925825382547468
1247295774527979526
1255652093370695680
1242824445959553024
1247827972897177606
1242087513872896006
1235396753156984840
1267626382391226368
1261350680968736769
1262079691218915328
1258418691282255873
1238657058255384576
1245116646164922369
1241787892915191813
1239193192702054403
1242247185963630594
1246198980515696648
1244068542405840901
1246570534218993666
1253422431907151873
1242926623298596864
1255100388790996992
1260058813320790016
1239605660767211521
1238436902182797313
1244070673309470720
1247916045299527681
1242771698396643328
1245425497254834183
1235383855365992448
1250273922366320641
1253310757065949184
1240435982438105088
1241658420245250054
1241254014550933506
1240413332064133121
1243029462113038336
1253144063525761024
1247274685949194241
1247491008591527940
1245048168296919040
1242557279389483009
1244955408101445632
1243337623801942017
1250779277659906048
1249154737192271878
1267884142961856512
1255697262946238465
1263995001299767296
1242851884332916736
1244050936244428802
1262807923224387584
1247878004279296000
1244995685088399360
1249526832346603525
1239660814375833601
1265998108653244416
1234987161683808256
1250455187631878145
1250553608300617728
1245089841701847043
1252794540378984449
1245116331038474242
1239977581040058368
1262502947977605121
1240042602541592576
1245106882471215104
1245124274333065221
1245109167678984192
1243735288691769344
1261843848835338242
1240413185087283208
1239777936183627777
1255969040910225410
1237227871569149952
1239686182189125633
1240753624491450369
1237218105752981504
1238554076423602177
1268356292302823424
1238239468143943683
1257283895420207105
1242667859622461440
1244052484609527810
1241214494132617218
1243735407516422145
1252207665117347840
1249919584364310529
1246122921820590089
1245884375838928897
1242544952388857856
1250809901623975936
1241477943190269959
1236458384594997248
1243996930193137664
1264885492224610310
1237147671976165382
1243238828405592065
1249838687065694210
1241190809191567360
1235531960023465984
1248828229928001542
1259983321779580932
1250427104237240326
1268909010293489666
1239759299951374337
1252385067969548293
1242588926633824257
1245264982599753728
1267463800946638850
1242415660464066561
1241777517817671682
1263848344868265984
1243332171584212999
1255810292858195969
1243333877462114309
1241873038343393282
1242463553971466240
1257404353805156352
1244809776342749185
1256784045893128194
1252304092422160384
1238959722008633345
1244943253654441985
1238910543341260802
1236768542521004038
1254577068672679937
1244361171064537089
1240264175454216192
1248249972325138437
1237413874082725888
1248012528568786944
1256404818907848705
1238323955045478401
1249218210127327232
1248461065198825477
1241196471501950978
1247295230497488898
1242824474313084931
1240270193508712448
1249688869957709824
1250203327960416262
1265262707378446337
1259654151937708032
1235697142427197442
1257678558757036032
1247921472435302407
1244809834714759169
1239524369820516353
1240063407220539397
1238450427475243009
1247526943546728448
1246910089556111367
1265313532150767616
1246093032220483586
1253438242063560705
1240802430050238465
1239372143730790403
1270527214031908864
1248848407185276928
1254406515500429313
1245100947820417025
1252608245459542016
1252747025269080065
1237122236739354626
1246534818562703366
1248296225423732738
1239747637844287488
1245762621208276996
1266637537273098240
1241082319349460992
1241694994135756800
1240595360394833921
1238882558756208642
1240051242451304449
1245159475109134337
1264683879312625670
1235143006375813121
1244761987453722625
1260691630069350402
1246941557414133765
1241715623140392961
1254605698933161984
1240803713163427840
1255100403601027072
1242653230213017602
1244373305936707586
1239064353514622976
1244389045058363394
1242689039792312320
1238799608995811329
1269271832970039296
1240042383686983683
1239606280689508356
1262808231866400768
1240806276076056576
1242244394075467783
1238605668174749697
1244576874044567557
1241828372935856128
1264686240630267910
1242555586153242625
1245047803258327042
1242423354713399296
1252649792376897538
1242224790301282304
1240063631322230784
1238657689745592320
1254575468323504129
1240064640249454594
1247038288977973249
1241955728576745472
1237611259060600833
1252652818328158211
1248673309954375680
1253705460538118144
1242523311118192641
1263885815878475776
1240067738250424321
1247641986506674179
1242132921231855618
1264428205538193409
1245872365436887044
1242151216047628291
1261053806458081281
1250909654290333696
1246199950167416833
1238433434181292033
1237585698535821314
1239850663821086720
1267343002428678144
1252311505938325508
1262930950104797190
1247824121280565251
1246420450948849664
1243878894199070725
1242821235895144448
1262129979837632512
1240132684015382528
1269778589060403206
1244061069519224834
1236492290669117440
1252098923260522497
1252232469266472960
1251789024504631297
1236842676869365760
1255599030832451584
1243495817677332480
1254914683276013568
1249411439267401728
1239756250876968963
1253756928876036097
1242089677903007758
1243354867642458112
1252380460396625920
1255302350153097216
1265454179214114816
1268268121095319552
1245176229323583489
1242853754271141888
1243161045541289984
1263542515233366018
1236979979495378950
1247186885883166720
1237930313822736384
1242954920837500928
1252006745544810496
1249155647310041088
1241901573376217095
1240444363093745667
1256390349725057024
1245778314029039616
1253050321431154688
1236396991208468480
1257902267254149120
1250195144441290754
1248315899876081664
1262978183470735360
1251135823623467008
1244425272218324992
1252302775301668866
1251505475012759552
1249277169659977728
1236100885190782976
1259123984081326087
1254149649826566146
1247302322004414464
1245341992248397825
1258422385528705029
1244317618439364608
1262588592217620487
1239323904117792769
1244829272247803906
1259106026328113159
1245732368998162432
1239000608000139266
1240027754449567746
1255113241509933057
1258420953006120963
1237809332089208833
1239211210807087110
1251674477269790728
1266397299208531970
1242304129726382081
1242971268116287489
1242088235637112832
1238170534208208900
1235920464649883649
1244068667928739842
1249907597081272321
1270422086197161986
1235310444979638275
1245530091553206273
1254411816702263296
1245797905425981440
1260608855941185541
1240970739588763650
1245867861291069444
1242523184605298694
1242776134447751169
1244093706619232256
1238670022475726849
1255379744075415552
1244390376233975812
1243650101203042304
1241720253429813254
1240027506226409472
1236429147896979456
1237787743561879553
1246388710880481280
1257023728245977089
1241128418571321344
1246639159089016833
1240000726266515457
1239880396239757313
1246860436156436488
1260198011470327809
1246860959345446912
1245021119956111361
1243910484245401602
1256009267695452160
1239664728986791936
1238139496283193345
1244284906911514624
1242776610962628608
1244393049448419332
1254060661925122050
1242578469877358593
1240097379690385408
1255513136104439808
1245730547915272199
1239781431389323265
1243877462154584065
1245086172537335809
1238933436716519433
1242578236242100225
1260009844997632005
1262391648752975872
1253811484360138752
1237209560399532032
1250458121107058689
1259109715705040896
1241878175661031425
1246032590861209600
1252985105838202881
1243268760682795008
1267158699203629056
1245797542937460736
1255154493664006153
1257664366247391238
1252524194463731713
1241881019348852736
1239754985853849601
1238929228877500416
1239547812687347713
1239757309259194372
1253335230896762882
1236098892971814913
1257268940977422336
1250088856126402561
1247685593301221377
1251306022611963906
1255654700256542721
1238276882652594178
1240728672929284096
1246423970984923138
1250988748537462787
1258143688607309824
1245142618276794369
1249835699651698688
1262709003781537792
1259445433618894848
1257088951623593984
1261092006312513536
1247273720034574344
1253974326686224384
1236779800078974976
1247246316813647881
1244949052460085248
1259160262285889536
1260691728119607298
1238638730782683136
1243779425063309313
1239002043169361920
1260381404271181826
1246995408989061121
1241420322445893634
1246240604318765056
1253738368460115968
1236810110397304832
1236811557096640515
1258863353843396611
1250082669112762375
1260738724897456129
1250804399066275841
1240069120143560711
1241800905806266374
1251242189230870534
1244681632143085575
1238682733511159809
1259159211054858240
1244969960922927105
1248830386853031938
1263238118569848833
1251512379470381059
1246173703618117633
1243707375867043840
1254400510372777985
1238269615626752000
1243385767654608896
1263450920022609920
1253739276807933954
1268963038952075264
1256818573210779648
1237086211807813632
1244592101460975616
1252223267773001730
1261191698383876096
1241800947405217792
1244394196162805763
1246590780459925505
1239232426003640321
1258957814816440330
1246103571986333697
1260440362851631105
1244277809188610049
1255515773038145537
1240072548462866440
1238659815347494912
1249838129701359619
1258504475154812928
1240630160258449410
1242921186700464129
1246554944129372165
1263305614639456262
1243365490791071746
1235399392007524352
1245884811002236929
1266035981519654912
1265096512331268097
1242647481160282113
1244984087661641729
1238611941683314691
1241204163784122369
1237300372428988418
1246093641640218625
1243000492546023430
1238638332457955328
1237956173145538560
1243737830192447489
1254874379470716933
1266335774863233024
1258554973048246273
1238434455066497031
1242149015279583241
1247330268958130181
1255466195660279813
1245766853089210371
1257786330840543234
1240283766720995328
1268269887174082561
1256182325341310978
1237969840327065600
1265643544338989057
1243996509592588288
1238432916788690945
1247256941786738692
1254109755674632192
1244395704891707394
1242821928089530377
1252035489097486337
1255869517042978817
1245725644358668290
1258078321436438528
1266911338523230208
1238412981081444354
1262190859581378560
1255228336483303425
1261802366501826561
1243301344414502916
1246201953560023040
1261410310704918528
1243411540176297984
1260711804038193152
1239525208387653632
1244675306662825984
1245221067897081856
1257847624205467651
1239667081093791746
1269225000625717256
1249001906497900546
1246821266058891264
1248260975951831040
1246131855209967624
1265297629778513922
1254478223712403456
1260737319524536320
1240609873177477120
1239656458574270467
1253412085528051712
1265485425680035840
1246164206895927297
1243978248108851201
1265493197586944001
1239732656734113792
1243671136996593665
1246873174794477568
1243649279908024321
1242081276850581507
1262221819467247623
1249083604652765185
1242888731318779907
1247681815688683520
1261191661734047746
1254948455405039616
1254837068750094337
1243891020183621632
1268020960298520576
1246660077362307072
1236336969703198720
1237209960909402112
1238534000244862987
1238087842619953152
1259314781930033156
1239746625972719616
1253042908388884481
1268632767249764352
1249546311503839232
1269390921898037259
1240594849302224896
1238463103874011136
1258575881003466752
1250209135033024517
1242849937152344065
1242136294328864768
1244720869630291976
1238495189502767105
1257327657877987333
1246138937380347904
1247295598178504705
1244034578404302858
1246878794243346433
1245723644061462528
1241517131340165121
1260649354605391872
1250868800817430529
1237366897819123712
1248752824156119041
1250022781334556675
1237467964674375681
1247219162260418563
1255260063696117761
1250067563222052866
1240086014598746118
1244678042989060096
1241506879307735042
1236111804717248512
1242852931470311425
1238531970449190912
1235335500900290561
1248983671224381443
1248962700207669248
1258885992360087553
1266514549957709824
1258504258330247170
1253155936459505665
1244061350411866112
1250242974727966722
1246646351296958464
1258505054526586882
1246532889828888579
1246533033798381569
1241087351604084737
1245527917444182022
1239301381888061440
1241916748305137665
1248426369861574657
1263266016622186496
1239471938927562752
1244833216046997505
1253754774438195204
1252340495537393664
1240416947763851264
1245775268238802945
1263699421776302080
1258084852349448193
1264919024384819203
1242490511480553474
1236020782742016007
1253122466395893762
1258171332174503938
1245343198064640001
1240307481227800578
1238935838169403395
1249430434414579719
1242976352728465408
1255887809430380544
1237335587973206016
1247245695465242624
1241893641943162885
1256707034046779392
1256707243992584198
1246197861429260289
1240079282183045120
1264577199375626241
1240080103192825857
1246156836639735811
1240013098397896705
1248005895201538048
1265735235280527360
1257719321159241728
1260215375775633414
1240464910204706816
1240030719474352136
1245866964594987008
1256991833248456706
1250250950050283520
1245415811579248642
1237045706122289153
1242150436414656520
1259507344792313862
1241860173792239617
1239692977984987136
1238086828550471680
1247843086060924928
1264879506650734593
1262200455872028672
1242210202637807623
1248007079538786304
1244367435207147520
1259964053369368577
1242685309776728065
1242039213291438083
1239264638962892803
1238279855244001280
1242622972436889600
1255841021147205632
1245383469645135873
1250282544500576258
1237118910115336193
1244769802918531073
1261590602413727745
1250822346975445007
1240442420010962946
1238263504177704961
1238293734044958722
1238293793377484800
1245720880866623490
1256023845485625344
1248642456087924742
1246180631576555527
1243288677196988418
1245137769627889664
1268665529650348034
1249032032161796099
1238090040644960258
1238277240019996672
1236507834868785157
1237113379627696129
1261421930046947331
1254162811124670466
1262200523647827970
1244070797355999232
1237865263476826113
1237362848487157761
1235005141742497793
1242254233182916614
1244395123548577792
1253656475894984710
1247532594192736256
1244264757789671424
1262172421978828802
1240796793149050883
1250652901506191362
1238983950099456000
1246898715605991429
1253335598766551043
1239733688537055234
1259563034839781376
1240476883935997955
1262322518582583296
1262198019417612289
1252567356573966336
1239886523836895233
1238457552972759040
1252270033222406144
1250523704024616960
1246956670208671745
1247526343505375233
1243712658039353346
1236492878484029450
1244067698650288128
1255384285521031170
1254113088900653056
1243895938130874369
1242248902474182657
1248449171679522816
1240732036249407491
1261425794657574913
1248781460691173377
1242204576771706880
1242149539328507913
1249326718172762115
1260410376405082114
1246419726135439360
1247626726672412672
1239734173453168645
1256200706350026752
1258171840402513920
1236773556069052417
1245531490496249857
1240978489404207104
1238662860592594948
1236711998446014464
1245118453033435143
1239510047287377923
1242214665373061125
1248827682281881600
1249329450698899457
1243339099139969024
1247464331761065985
1267658577419931656
1252736543682433025
1238600743894032390
1266741146480451585
1244681573405843456
1246490565044326401
1239973836860186624
1243549548070535169
1240829081064804352
1239161357573988360
1237523013483909120
1253095909455519746
1240175925041430529
1245796740403474432
1237391807572348928
1242470495297187841
1260336891288838151
1246059667912097792
1237496986435289088
1254477578309689345
1239646554954305536
1235958745252925444
1253752272430997506
1238412633746935813
1247845054758236160
1261088462729629696
1262122366039216130
1246615070584573952
1250216251684765696
1239930077271461895
1246190542406537218
1257284047858020352
1250539201998749696
1236507824609464320
1242966609242791937
1246459446043332608
1261387580769067009
1256390353915125760
1264706534954733568
1258005231071346688
1239752595800981504
1244769662644166658
1256160584523014144
1246462152556281858
1244742218293936128
1238292164792254464
1265007683251421184
1237531370785669120
1241721518742278145
1241771618831142912
1246874323891245057
1243600562274349059
1268230714010501123
1241818982472187904
1248993832970133506
1247820437679153152
1237916534040924160
1244013267594469376
1240063820816580613
1247525429595926528
1248077815003709441
1253520214391754770
1241977725675540486
1244165455654391813
1247725723562934272
1241521492078272514
1249835310046904323
1254919112997974016
1249411694847123457
1248723771214770176
1239998737142951942
1247605873356222466
1242070825504780289
1270383046483722240
1262913117673197568
1263091570099785728
1235368634794553344
1238407272742649856
1250275209862496256
1247205299037093894
1258061930847186945
1252341231218069510
1250764414476791809
1247326666340302853
1241859385628012546
1239345388278222849
1259939310293389313
1253386056327663623
1240066501006278659
1238216158295347201
1239075072373030912
1264707367213678600
1247846813605990401
1268630729438699520
1240674126471233537
1255669607379218433
1240264316663861249
1247591123595517952
1243735071129047043
1248764109149085697
1242970376809918467
1244197531241918465
1255964578841755666
1242038000042651648
1242077586374696962
1240679393812451328
1238239487165112322
1247329590655229952
1247844348265406465
1251857871572209664
1265712943842410496
1249834890486583296
1255528324799049730
1242399657495535616
1237550975117717507
1247632018982174721
1242226126963048458
1242957556353556482
1253293632368640000
1258125218775736322
1245022399470460929
1242704256009994240
1252964791804624896
1244363267499327491
1238188256623239172
1245092418455814145
1267068191953436674
1245903948533334021
1259528622769164288
1243225232523001858
1258957091663994890
1251619784531329024
1254765820355448839
1246094295544860672
1253386810128023552
1236036966350819329
1244404184776130560
1244068196065443844
1246253185079148545
1242075309073149954
1252404393527263234
1246816637652815874
1237726729164259330
1238803605274181637
1243543373786558470
1247727945516560392
1251890968019832832
1247465834278199303
1246586551469031426
1241873306615152642
1238930936252837893
1257391161297289216
1250254981975990272
1259454777550868480
1240032367500279808
1245392396763959297
1260755918662307840
1245189530023604225
1247264111764930561
1253401282938798082
1261985736280113152
1252323896096849922
1238807093970440193
1242921719049924610
1240827685334548481
1258085107623223299
1253464372908867584
1237840545927401478
1262364302113230854
1256980235536531462
1256980448661639168
1241498056295624704
1241474970930294785
1243300305925820420
1251900717364924416
1258289028434100225
1239360980880162817
1240462804315967489
1239602477126897664
1267965320666525705
1257410284509171712
1239746542560559106
1251879238027919361
1261588213208096768
1250256390213505024
1249242895942590468
1240021831089885185
1260306499001356289
1241788254539657218
1235051988749971457
1242981916409823235
1246319341206999044
1265071204043567105
1240357343134658562
1249869926149566465
1243194466439176196
1240700948063764480
1237101680979820546
1257763979633528834
1246453137600380933
1264762239543906305
1240468936610775040
1237962938234871809
1242615592995246087
1268670711641575427
1249448304452276225
1240852166102966278
1261425900542820352
1237920765988741127
1237549240303276032
1251855758242742272
1251105185776140288
1261110143623860232
1245400738261602307
1242851669400043523
1238293595750350852
1238341460367478784
1260287538473963520
1242097593406062593
1241728730302685186
1240791235230564353
1251192159358922753
1253120441734107137
1268501191916498944
1243689672666120194
1247890856054382592
1268345900725940227
1262177630356471808
1250056291617308672
1251619722891853826
1263093557734359050
1249159949340606470
1246536343515250690
1257696739118776329
1237859942486306816
1261252976322195457
1236016953426395136
1243893723626422274
1239712982403342337
1255173489075593217
1239919179936997376
1255817110107885568
1242888857911209984
1237711836943912960
1253527737438031873
1246103661324967937
1239077945299402754
1251666983864729605
1248965454967775233
1250242660260089858
1239029837693685760
1242635885067284480
1239789240462053378
1238165193441652738
1244520445514219521
1237105272633593858
1251190237197459458
1244477797294358529
1248579451996319749
1258152136870957056
1258211336204533761
1242957557519593475
1256706625794162688
1244443161780465665
1236773669860507654
1244000919357923329
1241501439723278343
1242959165796032514
1242157244726358021
1238045603621416960
1257211185633640448
1244726869188100096
1249416202444775427
1239770761876983809
1241764000037244938
1244835258262081536
1246817980815728641
1253105483721949184
1246225970887081984
1260983781676257281
1250615335675473920
1254963979220389888
1245458847235551233
1260241934767009793
1243345840044998662
1235878861763641345
1248689919087837184
1237707001226035202
1246575058056871936
1251545240172990465
1244834888072736769
1238916984152170498
1241871240001998849
1244839134029590528
1238485669187649537
1239336076965281793
1260298610840866816
1240992950865276928
1255619307675009030
1251183193258184706
1237507904694923264
1251485054687207425
1251002250195013633
1250074345134796800
1239543676910678018
1242631092416512001
1237227374317535232
1251171534225498112
1251172083469516802
1252029376474079232
1237098306553118723
1254407348619100160
1252613664022179841
1241855640861114368
1243338957410181122
1265696616696217600
1248448215432802305
1239245534285770753
1246886977565319168
1258011527875084290
1246906513836384259
1240700697147891713
1246812590153621504
1244819048153710592
1262556657596465154
1242627840161591296
1244321709831979014
1259943661875482633
1242811238087827458
1237702013019979777
1240964723589500928
1244305396971511808
1243660396558462976
1238281559712686082
1247040457760268289
1243949793082257408
1262982627264466945
1244611462175379456
1262899938175922176
1258160524585467904
1242247443225497600
1242864453479260167
1259879512332001282
1238253463903092736
1242074335239647234
1238108172159721478
1241858768381542401
1250840826181271552
1247512628043407361
1239795477282992128
1241153884271362059
1237132126618861568
1245514033861623809
1260770142411280391
1247129679385026563
1263036135233773568
1239291336169308161
1242268188395687936
1250128678551523333
1238766423356452864
1248780122620071938
1252302228670550016
1251908265077886977
1250554841413431304
1242216051061989377
1240496866527240193
1240074591818694656
1251272932699058178
1255814115827875843
1242241613956550658
1251875600916242432
1240033702689865731
1244093757999415296
1256632883399274496
1243560997664829446
1262036716665405440
1253532747278290944
1237750133871214597
1238291988119785473
1265363960712368129
1254061294346473472
1238292956597059596
1238901659088179203
1248610081135968266
1240037775191216130
1241435510020755456
1239074979439874048
1249167020953931778
1245093509901754370
1253179516933070855
1245776144533766144
1242014894607798272
1262381601972981760
1245492525558792192
1260280327777464325
1243171704702107649
1256190061911121926
1240811111475183616
1238917190826541057
1266492499499126784
1247350509087924226
1244009944728375296
1245663932330774529
1244090942921072640
1237158720594939905
1245794390892830720
1245794498690482179
1246854093064241152
1248998776762744832
1249686212241166336
1243798741058019328
1239361854784385026
1265833476001075200
1242844440349290496
1245154422558265346
1243339863853760514
1247637917138333697
1252982109498748928
1261268398819983360
1240319115962744835
1244310628786941952
1247705928985726983
1241176411009945602
1243944986900606979
1261636093650362369
1243005962987978752
1244996045714665473
1242759358666113025
1265466063988445184
1246792725464219650
1245750516254113798
1251539816937906177
1265977870322671619
1242190228380684288
1248366600954273799
1246535328275599362
1248607257945726976
1262984179274461185
1253793042928148480
1243343106508029953
1253107871975378944
1241852183903186945
1259401951864905733
1255302943462567936
1258156168213606401
1247565030234697729
1250620938934198278
1248456305875943427
1242483783393325057
1245410657798938628
1242477826999189505
1239320708305563649
1246454966203691008
1245749205026705409
1239363385202020352
1268515104217325569
1247059923780997120
1260185540252573699
1243724823894917121
1240008166668152834
1262872155806728194
1242397984429617156
1237886512143925248
1242282626951663632
1240964782448087041
1253367511304810496
1242146922137354247
1252952891620540416
1242793855688335361
1247618260218060801
1240030240715558912
1247507435302064128
1240471914344316929
1244836996062863360
1235580080736223232
1244409481532002306
1255934055956258817
1253451191645806593
1241138351278886922
1242968541508390912
1240044040739082241
1259749391512080384
1247838954050719745
1246266156773773318
1262879014735224832
1252217594762969089
1238934072069627905
1259674890573090816
1250652990962372608
1237862751529103363
1259341325104709632
1252320066357661699
1240045470430478344
1240027992472117251
1253513088353153025
1263483304621326336
1240993085594746880
1247700612382425089
1241593485310013440
1262984401178279943
1268024921579499528
1240937168199200768
1250209176422318082
1266367296827613188
1258138188163547136
1253100952074231808
1243903053113298945
1239227484870148098
1250284166203060225
1245464530395725827
1240120177561423872
1241545573280481283
1238152955724955655
1243172904008929281
1260283639797100550
1241569233043173376
1243892624194486274
1251912012872986624
1237122410719084544
1257088402509488129
1241509233738289158
1242957429618376704
1252326101579423745
1253496367433080832
1253496498274414593
1248704296314601476
1257049198412922890
1238608124401123328
1245466168019869697
1237578152081117185
1249135433071591425
1266067888261214208
1258360302648864771
1257698427623874564
1239026104024936449
1241902016512827394
1238387637003726848
1244045583352041477
1246464244612247552
1262469421869731842
1263997501897572355
1238993394053124096
1255147025152106500
1246455217039847424
1237924649813622785
1268015151095185409
1244771371055546368
1250052691281182720
1237095807611961351
1239004629494575106
1244408182451187718
1243727410039795717
1236522423341768704
1241791512884785160
1244835054888591361
1239159839953170438
1239510081403789317
1245460347147911170
1266068904658550785
1239694018239434752
1253179738782392321
1235931520868679680
1246866611656691714
1246875885896192002
1261255106743488514
1252639169630871552
1243451543334109184
1270388796379541504
1253125272703991809
1237668454922149888
1257289571953500161
1246904415698771969
1250252850673922048
1260391208926486529
1242252215080845315
1248635394842939393
1246847848530010116
1257204295012880386
1242884020523892738
1243896747778281473
1264926542897057798
1242938174394990606
1246628022930767875
1264335410400034817
1261806749952204802
1244776156076924928
1255654580978925568
1242258919650742272
1242938437159858181
1244771501422907393
1241709095805214722
1263518561097658376
1239315151687475208
1253455347144105990
1237049182541709314
1257315353320763399
1244837044884561920
1258905785825927168
1242051359366660097
1239240246644084736
1258976617155760129
1252224606238318593
1253485665691500544
1246013311478628353
1241507066520403974
1249876749225275392
1245353008046751745
1249872210778624000
1237317624851247104
1237887138223378434
1254398999538348034
1259946073998663685
1246428744031580161
1248046262894628864
1248046519984545793
1238154100665126913
1237507504315260930
1246774121507291138
1245485816522117127
1235809380722823169
1252587761779048455
1245464436980305922
1253094653735440385
1240806749726224385
1240088541692137472
1244417452903194639
1248610183485378563
1247619173079044100
1244238393766223873
1253113934212673536
1243340215948902400
1245738709997228035
1238622146978410496
1254411710942904323
1240329283358334976
1257225362838298627
1247902062366429194
1247156961596116997
1253467262234787841
1239714116404744192
1242284524719017984
1260405936776151045
1247917436864802819
1237370874917015552
1245693503545507840
1263172011980812288
1249014624244162567
1256041161787166720
1251546868917637121
1268415890338598913
1260020965104181250
1247840754195668992
1237868548191449090
1253466242758868992
1255330442951249921
1255172390285344769
1239682681178333184
1240252418689921024
1244760325599133696
1248764368160010240
1260406862601760769
1248405076877537282
1252325071286407173
1242284137123323910
1242405819150368768
1260189375150899200
1239227824113889281
1237099100560150529
1254139470024187905
1249848693223718912
1256742526230421507
1254623836282257408
1248615877911576578
1246960459280003072
1251528808756363266
1240086084740145152
1249398517463990272
1238919778649194502
1239469573298102272
1261009566281740303
1245686933042462720
1251912860709597184
1252227830244614144
1258050115232845827
1242963920060592128
1251732725486227456
1255173909965660160
1239316766217703425
1240086006092779520
1236241519742537728
1269273756029145088
1242949329880526848
1238851121797566465
1247152136682647554
1240076933536387072
1256520833176084480
1266448506404982786
1253534678537195520
1243728567365783552
1255263482615934978
1248626188219641859
1236403553301921793
1241860237671501825
1250863658755915780
1260232618525831169
1258249978469900288
1243300368613769217
1239379963234705408
1264995857566437376
1242124368899198979
1252917677338898433
1235181870784155649
1239733093407379462
1248580694344949760
1241389774465912833
1239321743078182912
1247638415933399040
1239375990733889536
1249821295505784832
1250597306057007111
1251204161372291073
1249819240825327619
1260102824064679936
1244820434522177537
1252767412711292933
1249143196879327233
1243257566307717121
1266055377281564673
1239592317511774210
1243259356486995969
1259674596099461121
1269813018432614401
1252064395074646016
1248706722925088769
1258960433882505218
1239377096214003712
1253123505966678016
1244351768642928641
1236694723055824900
1248767471651356676
1260768870148780033
1235521999704743936
1242484081885052928
1239954676109451264
1239510878137061376
1238852611413073920
1239024650258169856
1236819325509685248
1262486856924626946
1241611900175122432
1265324179106287621
1235724954152235008
1241882723586842625
1263060301445988353
1244811187872817160
1248265129143275520
1255685170793009152
1248759732602626049
1256287773931298819
1240286727299792896
1260019486201020416
1244405723993378816
1237916392122388486
1247139154712027137
1247228748371542018
1254041681525190657
1241543652268277762
1255636344786898945
1270036913362292736
1243411210252324865
1245512147821608960
1253097724704182273
1244060637719912453
1240825586953510912
1244736277049749505
1240806847000514561
1263151166785011712
1254725209762004992
1247229646762115072
1244006560105476097
1252428989689282561
1238047700312096768
1244694416025104384
1251963527016919040
1250204090900058112
1237021394325602305
1242147408965926912
1235953413722124288
1263960291177639941
1249819730464120832
1244093494957916163
1246224454033838080
1251586165767131137
1255603489859940353
1243894465317736448
1242484258414956547
1255181356444852225
1243891911292788737
1238231075991805952
1246538194881056768
1248726393397088258
1239641088140414979
1250554742247391238
1262561811259424768
1267877872787755008
1251194417907748864
1240095815835811840
1242793985275461637
1252077439385206784
1237111795078303744
1257722214356574208
1249179513923219456
1239160202194231297
1238255531753705478
1246644960952229889
1261708744548855813
1260295421525667840
1241678930316333056
1248619521197240322
1237096614893944843
1240439950723690498
1252325489806622729
1249872823763509248
1266876984065495042
1244685822454050823
1243897742839201798
1261984574273445889
1255308664535121920
1243663758792298497
1245400624625266700
1237797273528160257
1259175166967517185
1252176500155088897
1243055844255817728
1243709345839427588
1247098501609259010
1260232855529099264
1244116324319707137
1238207350932201473
1242837542837334016
1256317210231881728
1248686914418458624
1237553333570686979
1263153628136824832
1247122382352941056
1247656548064608256
1244090739593748481
1240768509719822336
1240086512261349377
1256165582556315648
1256440689564491782
1250411028757782529
1248032622187610112
1267537761202036738
1244834395481145351
1253121130862428160
1255885165806714882
1247314568814178305
1245797098387394563
1249669503765696512
1243388875260620800
1247316089983336453
1245381644002959360
1239774247112912896
1238499362101231616
1240401781596831744
1258537157632778241
1251879440897978368
1237915645221666817
1237915893482565632
1250839454178324482
1242200697401151489
1257237947994255360
1244385658350821378
1240086224074706946
1260927869624160256
1248214280371081216
1242286153413378050
1249876722885038080
1237923823757996033
1248579547634728962
1243548309953875970
1244738964310962178
1249903831691022338
1238440926189686785
1251189381542686721
1237911006006972416
1237346180402733059
1244774999019401216
1245843931142766598
1253529401058308101
1246014361904316416
1235612666271617026
1240116525819924481
1240832150141898755
1250458518286733313
1237919132085092353
1262039938624864259
1252394014139052041
1255950613525008386
1254252591275487232
1249180995498246145
1243563803662528514
1250406633441767424
1240493131927355392
1239772041114537984
1260628526778273797
1263244764620771328
1241869464716615683
1244266852840341504
1250551971314118656
1247653667093782531
1247293226379345926
1248451506811985921
1242233605822255104
1242283592660770816
1238616307098140673
1246908195030908929
1238919874488958976
1257283133143220225
1251201419614605319
1246269567241986050
1249441099166502921
1249183604665651201
1237725786930589696
1246451250549395460
1254074934973943808
1241431502900125697
1239529365639225346
1237189372706992128
1248614663345983491
1249510210152079366
1246592397557092352
1239073089851396096
1244236604044185600
1251078390062485504
1240994118123360257
1252010262284111876
1244599127515815937
1244337187560308741
1241311261603889153
1247535964051791874
1262181286057250821
1239727165861748737
1238603624386887680
1242905153335963649
1246530943168516096
1245948470931984385
1252476777680732161
1254807322309820416
1245455994911678465
1241503624074858496
1245837494865682432
1253117109598650374
1237961859199905792
1252020587712708615
1258923856976400385
1266846572094128135
1248930443015176192
1259606286603366400
1244040248247619588
1240256629792178177
1253463290803519495
1240079440081715202
1242284375292723200
1237815274897842178
1241697279511273473
1239304833573715973
1263274405934829569
1253766840725225472
1242267315741360130
1241427724389974016
1246845411727495173
1251170809936252935
1242458356960329731
1242847812263567362
1260753859586162694
1256995036010631168
1242630214187995142
1242349267496419328
1243675575593680899
1268015580126347264
1249508264997519362
1238846143590805506
1245512465586237440
1244834841717243904
1253095202157400066
1260767698398707714
1241173062818697217
1242757033654398977
1243932412146581506
1241163300408360966
1237912394128556032
1252636066244374530
1239952009350066178
1267120337029869578
1244091149444362245
1244473848776527874
1237499232162111488
1244443248564862979
1243345652198842368
1241172875345907720
1246077528592265216
1263369653449080832
1260763935445319680
1239389273087934464
1240359897696555013
1263230318800179201
1244474135834775553
1235743409748553728
1242702740633128960
1239021631261028354
1262761746818666496
1262984807371374592
1256368361648390144
1243977623874744320
1242616840792223744
1242615010414772230
1244762559233888256
1238315533780553730
1253700859361464320
1242636610656784384
1244240571214049281
1246430720068911104
1241510344230670336
1265457550281097217
1247138903791996930
1270504370074005514
1247991894791131136
1235667634982510594
1244591126893465600
1264223488140861440
1239757918758731777
1248739073449242626
1243007533503127554
1260769606752514048
1260702209735569415
1247770413725143040
1241934264704339968
1243309082389426176
1246407197594189825
1238282236438421506
1247654957668589569
1238469389667762177
1247539907993538561
1265962881570476032
1253095936554864640
1237919437442998272
1243155913332187136
1241505286671740928
1235578806393593857
1253491939883782152
1248728937607372803
1241797788628852736
1263246382346973187
1244045465466912770
1267978948610326529
1259933366826283012
1251959534807134209
1243681489390198784
1263238828069969925
1239926306617335808
1254094792595832837
1236441278730166273
1242952681955553282
1258436090148597767
1262311880678309890
1249156387021770754
1245020435747459072
1243803105310978048
1250075164345356288
1249137030925336577
1250083603972796419
1244774930383810560
1258147076162097153
1263272441654190086
1242078009588408321
1244025768553873408
1245824614577700864
1255884556269387776
1257385509619466244
1244074715586666498
1264340583042158593
1243228131097563136
1250986580724121600
1243262872416813056
1248637471572844544
1247252536840552449
1248978652370477057
1243144336663027713
1251197585676787712
1250669407535353861
1240428930210856961
1238314723579396097
1235945711826612225
1240678213799546881
1257761142002331649
1253503080689254401
1250013986847961088
1236740585219919874
1239033226435481601
1259950027046354952
1246589738791981059
1240615983808733186
1235966327824793600
1256275583308308483
1243370617790963713
1237230003005403138
1241883065103908865
1235202664503402496
1244834951796871169
1237101128678084609
1244834630529961984
1242123766328680455
1241721590217428996
1255270489297244161
1256306394292269057
1245026368129323008
1255221672283713537
1240406138253959169
1241005883007655936
1250186315548823554
1260961926449958913
1243008533987123200
1246456004268736512
1241865652157198343
1245018796408082435
1247128723779997697
1243317969293381632
1240034066843545611
1242847949006286848
1235978487913213952
1237883578299510786
1246096341471825921
1254876358586568704
1241829442621751296
1250730592569896966
1260909645692100609
1252342360278614020
1239945553116565504
1259325530316460034
1248104005823324161
1247159327586160641
1244493015013613569
1259307263111684097
1253067796742901762
1259668981184634887
1238804522497179655
1245811936501084161
1253699161943310336
1262797652296515584
1249148612799578112
1240403685534060546
1267604004466540544
1242796046482321408
1253657128142868484
1244502852816515073
1251883601681166336
1251139024527523846
1238803487967846400
1253085507581628418
1265000105230376960
1241916802050949120
1261262888414728193
1255577133335957510
1241958775797485568
1237495438225391618
1260977329129639936
1260631622728257537
1245810693305249795
1256274561571729408
1257473770446401536
1254089186765869056
1246273137211310081
1258183047733809159
1248428854621769730
1253764049323601920
1258048032442114048
1248797844812763136
1247147211919691777
1238092834600869894
1242608340758401025
1262920583760805901
1241957390762872835
1254529220883222529
1249902701900517378
1242481758706286597
1235731607970910208
1250046192353980418
1239217933936713728
1253660851980115969
1245679851345977344
1248392015529701377
1250259707480113154
1261032396734042112
1240108432839098369
1240108445887614976
1264227476399587330
1246247120291729409
1256773087120539648
1244834346944659457
1253078456067391491
1247213438381838337
1260936796533293057
1243157528210481152
1267457723999883265
1245155600104927232
1254939067361439745
1241485660751646721
1243934154070376448
1239014932743704576
1245833891753201667
1242790633938595840
1258444897490735107
1252639601803563009
1243556724457562116
1246288892451598336
1243562183079985152
1239344477640237058
1262063440962650112
1255931332863168512
1242639681239617537
1246254097851965441
1245479178939531265
1253960201134313472
1248029269747535872
1254622308074950660
1241492434460258304
1243523784939724803
1263607559468068866
1241281571115712513
1260924265152512001
1246271327658541056
1237352583435554817
1250277864424919040
1245691864990339073
1241023653996871683
1254983226474606596
1263829202027118592
1249546475056619522
1250190837906132993
1255312119249199107
1263915388741582848
1245726381713035270
1264772992296538112
1263117005206491138
1242966429894430722
1251625540945051655
1239396701938552832
1239591247532232706
1239344889017643008
1245531186396569600
1247045735717187584
1248211490013958144
1237554645288890370
1236669315845324801
1259493876785721344
1253106275308777473
1250761965213036547
1243967496652296192
1243374347462553612
1240111163112927245
1244008857225121794
1239289429795262465
1253390422631645186
1240107706465292288
1241849948276219904
1242392080942534658
1257456052074921985
1257053653480943616
1254419418152603648
1250608380743483407
1262554299898441728
1241144546349608960
1238506006541410305
1267457356239187975
1243153572814106625
1246832086352375813
1236150529350393857
1241313358198059008
1244349422445658113
1237701643191418880
1253287161270546433
1244045183727140866
1237731235839033344
1239592648173854726
1237224936109981696
1235781299887013889
1238626198294605825
1262861656578801675
1246450759195074562
1246524964917952513
1243766522595676161
1244095358617227265
1239170588901605376
1246771957460357122
1236117411625041921
1255548527700312067
1240115214663798784
1258492838272217089
1241040217789906947
1262854973395742722
1251142898269249536
1245812083800911873
1243534103422648320
1265747137226330121
1238515066514915328
1235001456861884418
1245828110165012480
1244045736918073352
1248068604974817284
1241722677691330562
1249440031359602692
1248967720835710981
1245701805125836801
1240324224025329665
1251556598679470080
1265466202157187072
1251170970246799361
1265466294423429120
1247348035220393989
1237919026971631617
1264281785548054530
1241487447910998017
1236686606289047552
1249170283103207429
1241043158017998848
1243023914277707776
1243297689875480588
1249869923788218368
1253106154860957696
1247293181579931648
1239344436125057026
1237384230075760641
1252661680175276032
1261100026585063424
1264007802885988353
1242967390008344577
1239028365669122049
1237118447827529728
1244777979168907265
1235763602092691457
1239695161967497217
1253162326070460422
1240083676936974339
1248289697106997252
1238226830756282368
1242840593694429185
1246077570447224832
1265805347849199618
1236625748984844289
1247314712326541313
1255500583462752257
1239679521122594822
1241765866657787906
1264777349691817993
1253331676282753031
1238075324253995009
1239713735310262273
1253871910674468865
1245483961792561155
1262208473875521541
1248737062158766081
1244406973174439936
1235070285331738624
1237201444182392832
1241174252642021376
1240081143556341762
1240477643298017280
1246230585988743168
1247314658089975809
1251170692143493121
1264628322052562944
1243010948627136512
1239479540637933568
1239794252512665600
1248356101134913537
1252342210944577554
1247558164440121344
1239676866396590082
1238890745869807618
1244705854512906247
1245647922298933250
1255615848145977344
1241232673819045888
1240346264459448320
1265623490549485571
1244876122568953857
1244357086823284739
1251586805830385668
1267918239964762118
1259289070158712837
1264316476716130305
1253466556660617221
1266705491679490050
1254009822640406529
1240322056488726536
1253288638118584320
1243640274032701446
1262731734522531840
1268523946997174274
1246904835724709891
1247903911291138058
1262159656753016834
1237062790956883973
1245928278159814660
1248049522326020098
1240059074856845313
1243667208905072642
1252781572593520643
1250042202102935555
1238290419789844480
1261237423779897345
1242119578618073089
1235611014051356672
1236978021506129923
1245488675091288067
1250189445258764296
1249701550924148737
1238614264765714434
1253458801904308225
1239221516115619840
1247922870229008390
1263588147549442052
1264760443530166274
1246920191252054017
1245904276439826432
1251885323413487618
1243009795008991232
1250548326321315840
1254472464895270913
1239712132947722241
1241027442476822530
1248769694124912641
1262489970830389248
1253064993051947013
1262493785772249088
1239006334156181509
1247982989293879296
1249150928365793281
1250191479320072194
1262778610139705344
1246525906941812738
1252243179803488259
1238486020129206276
1250851863290929154
1267165371234234374
1255208456518348801
1252430529938329600
1239917973332164610
1242968874699669505
1254101309902467077
1250037057734483969
1252077101349580800
1266126623264444422
1248825160813162496
1255312555930681344
1247908565739802633
1239938117500645377
1256334364306108416
1247995877144301568
1236342995819077633
1241316635547492354
1242311441698500608
1264379540698169350
1238290347861708800
1243024103033970688
1249701206508941315
1249674756489650176
1238524736654782465
1250464076251226112
1261406927898083328
1249149021832257536
1268349614899499010
1245680681142882306
1250077107071393792
1265404213007454211
1246881157620420611
1237185894471393280
1254826791786754049
1235735336560603136
1243009654260727810
1245079143726923778
1260963444016152578
1241068302660784129
1260755313780760576
1238885187259432961
1246446188888494080
1242130034992840704
1266076830760566786
1245857349224423424
1245913721681018882
1244336522305982472
1244402843697758209
1238212102243921921
1244400120185176066
1239340605064581120
1246846987787472900
1252298920421711872
1239217493912190977
1250471306384084993
1235242353641869319
1239168145602023424
1235740600013656064
1238543583503843335
1247128799914930177
1243942809616482305
1238185413866655745
1251533120916029441
1253474460855828482
1248485477453193217
1251975655908139008
1240013904115380224
1237397989456588801
1240076617130610688
1241318446576685056
1242309235230326785
1236741837198635015
1269316239006085121
1253879073153187843
1240408128333787142
1248713568947748867
1238543881333080064
1239183588010143750
1242638661482618881
1239285869749690372
1239701287689691137
1243213274855944197
1248027497792487426
1245055248466620419
1242967611870261250
1239727049876570112
1244099858925043713
1257051657126453248
1240682300477710337
1245829049559195650
1247314600921612289
1241100065541894145
1253091081102733313
1235410916746743808
1242294193105616902
1255582512933371911
1254762012036513792
1264256422826696704
1246254880265814018
1261565615430664192
1247713524954128384
1247886630649647106
1246756956209111041
1243616023254884352
1242644242490589187
1247987038336552961
1238504596542296064
1244444269441617923
1238162403658956802
1249161681261002752
1244046873230553088
1236940872312332288
1246988284452102146
1254276332902584322
1242461708171513856
1250928664499433472
1244482356662145034
1247536781337100293
1255494102289965056
1244567244027449345
1260511591575048192
1250187380855889920
1246529915719122951
1238964799809216513
1238313491737579520
1243024384882851841
1245838094651330560
1237238385317642240
1239341011891040256
1240313230221811719
1240491266246422529
1237318989472239616
1257319769276964871
1256630849623281664
1241908694868254720
1237669305787002880
1257066036085620738
1245786328173772801
1237865432721141762
1254206272485969922
1242247791277232131
1245690888258535425
1241946796970082305
1259970518272401408
1239048597041295361
1260243970837315585
1242993404193243136
1252014506710118402
1236055461960572929
1244385099522736128
1255173051123142659
1235924267306569729
1236347708207706113
1256690959628283904
1239029894224515073
1243023045314347008
1261437106691248129
1245453435941662720
1247983295490637831
1240247598822408192
1263609332047937544
1238293724377108481
1255798068689219590
1265461426833043461
1257387562395729921
1250841146290515970
1254633097758416896
1246772943100743680
1247554451159879681
1243556199204818944
1240845522396741639
1256991377839329286
1254903221606375424
1247719658045812737
1266829708248875008
1242604027021590528
1245456798892654593
1246881758471237632
1261851774383788032
1239587516015169538
1243288326469308417
1238625578347094016
1241592518489378816
1252901203438174208
1270180953386881024
1245827532743536640
1244246027848355841
1237757568346447872
1249343241130061833
1253685355993235458
1261010136602152964
1239802099052969985
1257755394883104774
1241118187086848000
1238542743971995648
1238247580791967745
1244964667518324736
1236755145851129857
1252990860070879233
1256072042274795525
1263642413698109448
1253389847630360578
1242905245648400386
1242175105247125510
1245882942909538307
1249348312643362817
1242271118964162565
1243521550550208514
1243914505689710592
1241640870472024065
1252408190437699584
1244404754727481344
1236351007841554432
1241424629375344642
1266702303362514944
1243321036898275328
1250153764314644485
1246409574728564736
1238315970495684610
1244710433971470341
1259834668737855488
1238600442717880321
1247995044373696514
1245058404294504449
1244246424017043457
1251337403345842177
1261298979859546112
1250926606044012545
1250172037076836352
1256718270276739075
1261215813429858305
1247574642887442432
1242632353073319936
1256049029567438848
1243640308614791168
1263582187812605953
1261303825333395456
1238853298846867456
1244486647913353217
1246416168019247106
1247847674361118720
1269369035424182272
1243635458741080067
1265105371569565698
1243970378743021571
1237061835691524096
1249471855716597761
1247907174812200970
1241160737839558657
1243573678417358854
1262850339360866307
1251963015026692096
1235894114438254592
1243568178615259136
1248691460058173445
1246257788029931521
1250518347323711489
1236315396397039617
1247850332945776640
1242636865653682177
1250156181403901952
1269505767884931075
1242642887118065665
1263915263449276416
1237937891298496514
1242644125037535232
1252636125199503364
1247556324667338753
1250405643929993221
1253826110309240837
1266860527726350341
1242484413402959873
1267259319315247107
1243572558504607745
1238255589249163264
1253084879929184263
1245842832222572545
1244522096027471872
1257737159743848454
1243959632097411073
1255615109340299268
1254266499210055680
1243942776976310274
1236120179798618112
1242637466290577408
1239316776963506177
1248665093962969090
1242272245516550144
1236146545873104896
1245901901226487809
1250977623938928641
1245875919396503552
1253133980930641920
1250976268255989764
1238148877401890823
1264373136843247618
1236082232290312192
1241932296334249985
1247325631274266628
1257048367194091521
1245814770592292865
1252346583418470407
1244046947683635201
1253537400736886785
1237205453567819779
1253351055905128448
1247217808188100609
1260926854350938112
1249509917398044676
1261210683976409093
1260088954956795904
1241234317440962561
1242889495109869568
1253685099595472896
1263611714043547648
1236798935303442439
1260369797738647552
1240590082408624128
1247491751411056640
1244490565141569537
1261029704749813760
1247650082981371905
1238525044130828288
1254804086165311488
1239006863863287808
1263686373845893121
1250154104732688386
1240061615359352836
1265344319273218049
1244988642734546945
1237866884919250944
1250149633587916801
1244232858602012672
1241763184412942336
1246431268625154048
1246458721124765697
1241182353906597890
1264914599930970112
1250569062201077762
1238573946963996679
1242639032095514629
1256276285350961152
1244510819632766977
1244398265816276995
1246226644643217409
1242644207799545857
1261710998844645376
1242897953787908099
1265004376772562946
1251961548106600450
1253134833255157761
1240319417277386754
1244135757599694849
1255797418114899969
1238582061377695744
1242457144571682816
1239027699001196545
1238571979407364096
1237237251517624325
1239671158309601280
1237318690170966016
1246288103280644098
1247271165384687617
1247199439170744322
1261453587512619008
1248130171858833413
1243826276185649155
1238073640182255616
1248880695965032448
1250930554733842432
1255059917825871874
1255553196736552973
1242116437185105920
1242690016385683461
1264723457239068673
1245016737176788993
1245144564882714625
1251633595216732160
1241483001390870529
1235041299645861889
1240847279092895744
1238049733488390147
1247161674811019264
1262928967486582784
1237794955281805313
1250078193165402114
1248175529397796864
1246257960126500864
1255179635064803328
1245397973112172544
1237866168767008768
1261430389752467456
1257165155219181568
1250666967037607936
1244448038854316032
1245670456646139904
1263944455008268289
1244345445356392454
1237158484828991490
1247856357837090816
1242602333219028993
1239006074428104707
1236298848794021888
1243716790489960448
1248742305219166209
1243016537788874752
1245791444545273857
1239358049367752705
1245156584273084416
1238118214095249409
1238666358881222663
1252410696094019584
1242788092282626048
1239635615672606723
1238991573167161345
1247963365433061377
1257362469514883072
1241333385794129927
1243345480630837258
1237192469412012032
1243752614619164675
1239314835785072643
1259843299843747841
1236790583357779969
1243152423230885888
1264253492828520448
1237561652037300225
1240363629490438144
1251613896621916161
1253787121007185926
1261711065559203841
1244244658009628673
1243613804753190914
1262973098007179275
1249010750515011586
1242840009687945216
1247540940530569219
1244968298174918662
1235406591211552770
1251546949729366019
1251547277954613250
1247986706067984384
1251947785689214976
1247166379628740616
1253112572032757761
1243633697951223814
1236359460303626247
1236730604672163841
1238369076667469824
1239529474120716288
1240056429605724160
1261634424019595264
1243043286467645442
1253689800860762112
1269617492684673024
1252441242421641216
1244480511864639491
1259545216886939649
1243370549746831361
1241911753497350144
1248740560711626753
1258597935983603713
1243340860852523009
1250890391328612357
1238176874750185473
1245553423254200325
1264935584205885441
1238627340390989824
1238840742342205441
1268214791643987969
1238629041810345984
1240278171456585730
1264602394177961985
1242270714205548544
1241161009781526530
1253374420292374528
1264949757392412677
1251175090059968515
1240786809023614978
1242603348529905665
1235338783932940297
1250926685077344263
1252348890663186433
1247872798036496387
1245091301395177474
1238345454351499264
1251969898110214144
1244045294079299586
1267984249048764419
1243716560843309057
1248483602205011971
1236117678588342273
1249820851115089920
1256570932010856449
1241346453001338881
1248381723869511681
1243806831488753665
1239317482076241926
1242284026435600385
1241101832136658946
1246599467685556224
1255213127228153863
1238051515316809728
1259332601652879367
1241336297442160641
1240492046659584001
1260679264019644416
1237162517530542082
1243192357169881088
1269204672780414976
1241849922179272710
1239567112173215744
1250188955829571585
1240814773308137472
1247358240482103298
1270221590471548929
1256174149258678272
1247342720810717184
1240111622598819840
1247125751331262470
1264648217624485888
1243944391766573057
1241910339614146560
1243043643432349696
1240654290164867074
1253390959183753216
1247235377536081925
1253696127112753152
1244385566847897601
1253780577876049926
1238573760082579457
1260225303554727939
1252503602448531456
1241057376612032517
1241379759378108418
1246405337244188672
1243155396732358657
1247984900621434880
1245006360380682245
1235201855837417474
1239317754693500930
1253868735020007424
1243152124214681604
1246616079629266950
1243230390342598659
1241629556274016257
1235968467930669057
1241351885027790848
1254074238421684226
1245557899205791745
1260018288370741248
1243757841346953216
1250011313415303168
1256449957990629376
1253356881927643144
1240060645170655243
1252710357371703301
1247468763202629632
1239721932104314880
1270435647107600385
1251907849778798592
1237119256686473216
1247895421977944070
1239632282161311744
1256166820568076289
1246545201537171457
1250497589113425921
1257335284997541888
1247308657907445761
1242458231223525381
1247903863920660482
1254814989648646145
1247904235192115207
1261036427686658049
1248543386799427584
1252493038565408768
1245205511550775296
1244457562096963585
1239635943528763401
1238628555032088577
1249115350630895616
1242122758785503233
1262440888199974914
1258398782141726720
1250400449028591617
1255924291226525697
1241092118136926208
1251279601940209664
1261679781424308225
1243015743542788099
1263942483207163905
1251625630719934464
1259471380313186304
1235765727644262402
1249346922093129729
1243957221081395201
1240656097813430273
1247000695095595008
1237730073542885378
1250972120844324864
1239272061958307841
1242631524060737537
1261059164459196416
1241349676621856768
1238524129265045505
1238331033961070592
1238195844945494019
1249879390059745280
1254904560507895809
1260226646239412224
1247341548188114951
1242291405969592321
1256588361285931011
1242640471882694656
1254421330084102144
1242992116407599104
1250290179203428352
1247903638179074055
1255874826998296576
1253388472959803396
1243955052236111872
1238851625411805186
1244748432314699778
1240655003301404672
1243206365453172736
1240785102097055744
1255283906250760192
1238840438968197121
1248820274159550464
1252778092118126597
1246632244732624896
1247529099746144262
1255286283401904128
1261022352680288256
1236936217322807296
1243916867787350016
1253331316730290176
1254413906556129281
1251276996308582400
1263831046736564227
1246654123870687232
1254903566730514434
1258506484545019905
1250418974388400128
1237205957425405952
1237842903373766659
1261236351510478848
1266596344820629505
1265405872135643139
1251245147976843264
1247312003468865536
1243926297128120322
1237092467293458433
1247563500500770817
1241437133107351552
1261125752059240448
1238569876769431560
1250850470614257666
1245919387967574016
1247899523759755264
1247984092282585095
1252580814405226498
1241905222819237895
1238164547632054274
1268538582723067906
1238178220412940289
1249010936528109574
1243011259462713344
1240488369345396736
1256293603091021830
1250167934749638663
1243964967532941312
1266356183025229824
1250170973397147650
1238074449922048000
1250884533546881024
1245392969496236038
1249880722330058752
1238161269129125888
1243922357439381507
1254257794682957825
1242566590522163202
1243188707676520457
1263133957685678081
1247311403255574529
1246415263815393281
1242170695498547203
1257445051925434369
1253700805858902016
1244099894064959488
1244483980059119616
1240101695159447559
1266375026011336711
1243747130122088451
1249679564726566913
1247492929226248193
1239181385946009600
1240319950302130182
1242871988072247296
1241169391628271616
1240110369193984001
1240100773389877258
1238544736400670722
1253768414272925698
1244352367044308993
1262026294528786432
1235913602164568065
1255143069776633859
1241172036698898433
1253853025598353414
1253762614062170112
1245210267828604930
1241042280175280128
1250180774067933186
1256620214579597317
1237208125368938496
1235391751009062913
1257162585239101440
1250885072561078276
1246892097904480256
1245147499196710919
1245468371233234945
1259813180571897856
1257315659647610886
1241059607390322689
1250789680443985924
1239359392694390785
1240923028340584449
1238119032315875328
1243524377234280449
1239221643232325635
1255180163580641283
1251301330146209792
1241370984034205714
1251319240671420416
1247001248424964096
1247208285549232130
1239276659305521155
1246595649656758275
1264603866869510144
1245299560949460994
1243691106337947650
1263019471201075200
1246086794971623429
1244481215593353216
1237939872100384769
1240478580120989697
1253533117538861058
1242184263711293440
1243536798485295113
1240492043501285383
1236726402570956801
1256744660569133057
1261494139809599489
1247906260483215360
1251274939019165696
1269669175557005312
1241850556605509632
1237492481832427525
1241165573888913408
1240388044357861376
1238149019827875840
1240110490292039681
1268057103534624769
1242690362491260930
1237561400228110336
1241371944429088769
1261308661693120514
1244735421403324417
1238243192459407360
1268186078973812738
1267227699946369029
1241372548169977856
1247328340140273665
1245788223772778502
1239983030816694274
1243914695343591425
1254241998187433995
1239338286113591299
1243314088056324097
1238097972749107200
1242316494589112320
1246595953508921346
1241058517781491713
1240288630687621124
1246418052553404417
1240388171625570306
1247194417385091074
1247194581575311362
1251181340478836736
1249707259216748544
1241330908629815297
1254262411399442432
1254906681454211078
1242838712934903808
1238193502061821952
1252772539211882498
1257451184547381256
1258182144721125381
1259766796569268224
1243953387852496896
1250377317517611009
1250116360929230850
1243954931054321669
1247003448006115334
1247778020313559040
1248709211955048451
1243953089373245440
1249771357908488192
1261448942748708868
1260425062001360898
1261098059431325701
1243209939893522438
1258645961959714817
1261494282785042433
1244443363878883328
1252046338948239363
1249703427891965952
1243310603172605952
1245666887557623808
1238196085191041024
1254905502506631169
1243951594124828672
1262330577480568833
1245926353045557248
1241466823876521984
1246635743247831040
1256339836887318535
1245076581015588868
1235643860023312384
1254032818969219072
1242632375676407809
1245394104911044612
1241317005946433537
1253328420420808705
1237791711524532224
1253699934496399366
1249706970908626944
1241845552729464832
1242307848467554304
1240479434781720578
1250015411837468674
1243225751580741633
1238571621469782016
1240059272014241793
1242619262105247744
1253089693715116033
1266761488922021888
1242177285790355457
1247776984349863937
1245557295913762816
1246469937306185728
1247237785003659264
1264191718125076481
1248710234442514432
1252788885513527296
1249707513349619714
1239798712265773057
1252698103171502083
1251256083571773442
1251214330256908288
1237488186479325185
1250500151778725889
1260037633071251457
1249347400214425601
1244300260526247936
1263799795107463174
1246917957172813828
1247159808140226562
1243314079936192512
1239987711781543953
1247555682716524547
1242568261981671425
1240480752103575553
1238120260433252352
1255916136832606209
1238580425452335104
1251181001310703616
1239991380610617344
1255181526083481601
1239428407894642689
1239792566524092418
1252109620241477632
1240403166040076289
1265653364026728448
1266482707636326401
1239979833549107201
1253824456264503297
1243018124947001344
1252776224004411394
1238853005685985285
1256998820170420227
1255487294959751169
1246441662731243521
1264562129262305294
1251885670395764738
1262210541914689536
1239341772746211328
1236353490814984194
1252714640934608897
1241156031117496321
1250011177033269248
1260348128563208194
1241183435387031552
1246600401450872834
1261445626513854464
1242307983603834886
1248708961349615618
1255571469972758530
1264830454164795403
1250410310999171075
1250468390352887814
1246367967954247685
1252899241904738304
1240491002919616515
1251630672223092738
1250754329121824769
1242515300144361472
1264662086593978368
1243845960909938688
1240089196016140290
1241316006624137217
1251963890247897088
1247776118121234432
1237012140491489281
1247496383793373185
1252295086035132420
1245299062997385218
1245843601302716418
1247498578274197511
1250567156355477509
1253002576099979265
1239896170916347904
1260375163763404801
1269278706125733889
1249775208325615616
1265340936575385606
1243970327878799361
1260659223127449601
1235252925393498113
1263465102172454914
1238291169303560193
1249343932410089472
1244711985876545537
1258508643890163712
1252073677576908800
1248557810503335936
1250036695719952388
1262915761271693323
1243609958731730955
1249706450051461121
1239891090985148422
1240071183195934726
1249780474047860737
1243349311460704256
1256856071873990656
1251644100270534660
1267789031708004352
1241640486244438016
1262118939481591808
1244402537438068737
1251302231439261696
1267985699803889666
1251280136034570240
1253357411592790016
1240860831178465280
1247304714078879749
1252357943938256896
1243316001753706496
1244398631190495235
1249392844655206402
1237158637677817856
1254886635038298112
1248312313708449792
1250382714844237824
1244397384932745216
1251861362281721860
1250044144912924674
1243915949125894149
1242060155220570112
1243756523714682881
1237843798891229186
1244331311852138496
1245411010023915521
1259290699591229440
1266452746623909888
1246086648284286980
1239892097148366850
1238061803965493248
1241844740720676864
1245082003797692419
1257015549885919237
1257988113118498816
1244386379704021003
1260351671248531462
1240650838852460557
1241641657151434752
1237007764024688643
1242308419211714568
1249776429610434560
1255491458108403712
1246636698928373760
1263066449763065856
1257130657983139841
1239356255073751040
1237205568672104448
1242911657342521350
1244075496062816256
1255572054532816900
1242998731563204610
1250222494553903107
1241144701765517312
1238248861514293248
1254820145664573442
1238580937346211842
1262146349971144704
1239967964671033345
1256786792822472704
1241142193739489282
1243205430395965442
1244620168854147072
1239311504668864512
1259218981631733764
1254474631676919810
1250508825729384450
1255570909592801287
1241317089807400960
1236704586276225024
1240484523436945408
1238965933135233025
1241368883292000257
1252696348337504256
1243753106002923520
1261119652958216194
1252585715482976259
1237011962455896065
1243991208613023745
1249775897248481280
1246083154873659398
1238861088105672712
1249312581933764608
1244732938195001345
1239283185944584194
1259222412341714944
1249390828373585920
1240235662206435330
1253087623121428487
1238962951828234242
1261022810362830850
1236065074835591168
1259623774590246919
1236852853010042880
1240311479963967490
1244456598711525383
1239281928131526656
1237910587482521604
1244334204051238912
1245359414284095490
1255086423629332483
1245360544732925957
1238249306743857153
1258365886190292995
1238545284864651266
1237936151660503045
1239146018899480577
1246083959060156416
1238151533335916546
1237943022010216449
1244618893085290497
1239498218938998785
1238812176900636673
1252450468493656067
1239278827869802497
1239983487316299778
1258462379391647744
1253086803873148930
1253734587093712903
1252582732812750851
1265280663919505411
1237906901482045441
1238811418381692930
1242915537841205248
1238397685910118400
1238814291840700417
1247238679816482819
1242909145725976576
1243746658065801217
1264436485161472000
1258033474407194624
1236852545605316609
1237730606747975680
1237909076383858688
1244731221101481985
1241080659503984640
1249828419740798980
1237008262018609154
1239282786302861312
1241095976514969602
1242262532745842688
1243019207526297600
1244757298112757760
1239280090489458688
1252581685067165697
1242997038645678080
1254421524955758593
1237937305039581186
1237977255403556864
1244155452499296256
1237734805720027139
1237990885243133953
1254419845053112320
1248570472138190850
1259694544993607680
1244733287370838016
1245757118180966403
1256731863193878530
1245188142308757504
1245755694881652741
1237463395475079168
1239282489191026690
1249824736865144833
1265280656474624001
1244751475865276421
1254420321010167809
1258368731874549761
1248231713047805954
1254420647339573249
1249196078223765504
1238396063272382464
1238967097897766915
1245469691168120834
1253806502785298432
1237461575658864640
1242259445264023554
1254420053161902080
1243648240836390912
1238813845361250304
1237008884268703744
1241747947764756480
1242260839786299393
1245471142728601602
1251639708553285632
1241056084284116992
1252580373990641665
1257313428193992704
1256620254979067905
1245469031227932674
1254415906396090370
1258694322582683648
1241746181363032067
1260729408421330952
1242266725225320448
1263890124649172992
1243589704173453312
1248330536327819264
1244755469878648838
1242141301094649864
1245622254857150466
1234923839429185536
1237731835335053312
1258091871693307905
1245622056743342082
1242142295199232009
1249194810998689793
1236854859590139905
1249828375864188929
1256726610985791488
1245468620571979778
1268916334676422656
1244754062924546050
1241753186106408962
1237544770068598789
1256731715793453059
1238551946639953921
1245475458289930242
1237940932546301957
1236062645406625793
1249191775249498115
1255092251086204928
1245757181468819456
1245757621677838336
1256228028532867073
1238125762319966209
1237545227214151680
1245755407349559296
1243243098790080512
1246112141742088197
1261719161685843968
1246112122020540418
1247834235047682051
1242142974336794624
1246115988350910464
1242142169370107906
1261717788378443776
