1241818555135361024
1239091970871451649
1247407599449829377
1244791353881423872
1237443390066704384
1263570401185030144
1250911482767798273
1263879578231209984
1247228367465635843
1240773597863395328
1240745505576996865
1247334321272356866
1238268286673907712
1241248817124487168
1246244176892768257
1251679756623286272
1247364481128095746
1245101797024227328
1239960686307856386
1245107766110248960
1244050957383503872
1238746864456847365
1251714103372120064
1243735523149012992
1238296510334287878
1238323016603332609
1235694643066449922
1236484231213117440
1238748404383006720
1240794805220737024
1250918844115243009
1237107694110040064
1236230671099547649
1236760777417199618
1243876810053439489
1257525376344973312
1245929255827124224
1260444427224518658
1236281905848266752
1244494148129996800
1236761785882968065
1247489271029620736
1246951751510413312
1237565564672831488
1250446508752764931
1260818046215573505
1246936012611129344
1236506233491709952
1241108611541000192
1258299259608199168
1245607280071987201
1241557038502535168
1244053705336320000
1246343807722860545
1239345951103258624
1236761062973689856
1245860940735606786
1243611934412304384
1246267409322958849
1238323885746999296
1245538231204052995
1241189725291139074
1235696584748228608
1241989625859596288
1237066796072484864
1236843138330714112
1258283869217845248
1242959298088452096
1257832967382204419
1238304206810787841
1237143865053700096
1242715851985281024
1256483075380273152
1246994063397535744
1245663992821026821
1235048455367585795
1235061679269928960
1244773992205975553
1241623206542241793
1240511815462748161
1248729678673829888
1255483456760528898
1237442612606320640
1245133984926859264
1244450494745120774
1263871776301318144
1241519604104478720
1240523129102815232
1248403635597262853
1255609743537668096
1237823309036703744
1249407922070790144
1247417851759038464
1236759850639491072
1257770677513228288
1240084884397256705
1251382486816313345
1239000088292151296
1240419795012431872
1259753352419610624
1238698176170700806
1235016127593365504
1265897042544640001
1236031036980514816
1259061967647473664
1264869781942878208
1250579681356595200
1236718442658463744
1240030764474875905
1244026621444509696
1244222486603894784
1252472403633946624
1256310841311260674
1253431916872622091
1235671796537425922
1247059058537803777
1236908665090617346
1238672064938012672
1248318919779086338
1241131773871833089
1248783639187349504
1255656827481493505
1253991859917127681
1250919977600733184
1237283111781593089
1256833902968098816
1236465521496739840
1241195262090993669
1237891193347817472
1243432201166848002
1253024638784819200
1236468112347631616
1246162361800507392
1239726203562385409
1244003204813082631
1238011245820653569
1257583094627852289
1252819056316436481
1250210874049978368
1242879028882575360
1235030437824581632
1237145163790573568
1267220957938225153
1237929572101787648
1248156761917394946
1259730300986261505
1240222985698467840
1245901492646817793
1241150533387288578
1253095687937331201
1244766421495582720
1247601455889911809
1245912325829218304
1241131346472263680
1250602662061436928
1250205053463326720
1246176931789357057
1251681772942704640
1243372919020871680
1247291174299160577
1255761724029808641
1236143476422504449
1241490953287811072
1236753350990819328
1244809339845537792
1236450798319460352
1236753183533223937
1240002018749505536
1246171935580377088
1245983237748535296
1257631745429524482
1240679070762848257
1238563480266891264
1269377564797210625
1258263567356145664
1244090366279602176
1239054865323573249
1239795757567246336
1262188436297076736
1240117344887685120
1238370530538827776
1248467252225036289
1266973543356461056
1238739974582874114
1250681864794238977
1250892507140898816
1238634085192327168
1256844274055835654
1241928742361903104
1235487518499328001
1255756263331258370
1243618105013628928
1257875328539611137
1245911466567299073
1240003898162601984
1238485790688071680
1245825014747656192
1265823157736226816
1237920787165622272
1252123943634272259
1261569507291619328
1245460447714619393
1256463897403351041
1263365366991867904
1240432677842374656
1238620816780038144
1238980055830687746
1237187347243872258
1240119279300890625
1245255354390179841
1243989610092351493
1252498500362756096
1235646404032253954
1262555049558831105
1242901397957312513
1238290308720295937
1255577913132371968
1244009562329337859
1252124405443858432
1241183093987262464
1240002402599624704
1240359688534982657
1246541251249180673
1253221069940387840
1238526943332458498
1239288660123471872
1240234310688362496
1237424812810797058
1236582467940696065
1248025728706207745
1239791920387248128
1243988302975258624
1244447002416611328
1240371078708355072
1244489170615066624
1257158351667912705
1268742158313336832
1237622805883019265
1254995531153080320
1240090810592317440
1255633209292808192
1240769389843992576
1255765012997566464
1248313014861746176
1239794067707326465
1256039882767495169
1236582151983783936
1243156519933394949
1241180836289867777
1238625401800294400
1238732019758067712
1246672934363525121
1247002064325992448
1240649619261906945
1241179940508151808
1252837913919811596
1261406774025949185
1247995678116032512
1237632479122444288
1243808384995823618
1239015750116839424
1244684057943957506
1259739793035943937
1237559461796954112
1246670474001539073
1243608020501716992
1246632267176226817
1246682702423764992
1235981154399870976
1244480800264839169
1240779613569077249
1238248701254139904
1242265600618987520
1268050176427483137
1236847846030053376
1238245770316460041
1242259463890849792
1245187014040809474
1250510272244019201
1236852884890767360
1242266527761494016
1249826552033894401
