1260240287248637952
1256371407333842944
1257475455520837632
1264555766536642565
1237586220491796481
1236700004238200833
1250819208159641605
1237446339853615105
1237416784262807552
1237413020537667586
1243844412867850242
1240743388179238912
1238881607274188800
1249379999611858944
1241405406460731395
1245417041089134598
1245159772321648645
1239368042439749636
1239347723968679937
1262415775824056329
1243729327851798528
1261110440475742209
1248866313604390912
1255165743538278401
1236504920402153472
1240295556783767553
1269243185072672769
1239052067647389696
1241880169712947202
1250105326558461956
1254953553929678854
1247333402937868290
1252627902786613252
1245111967917969409
1265820222189166597
1243628987601039360
1250106100801843202
1240983274845077504
1252629122465103873
1240778787119337473
1237807127818727425
1236810593987891200
1242554482275356674
1248283638644473856
1246423841783586817
1240801239308394498
1245090056576122883
1250960345432313856
1239404163563319296
1244801729616584705
1241204572787560448
1238237487019044872
1250699235558817792
1247679517528907777
1242301548761358343
1238714836856582144
1245522120706150400
1242804393218641925
1245159599424049154
1245196825130414081
1256348054850023424
1269005825009467394
1245159252265775107
1237809904733298688
1269064282022567937
1237692833571708929
1250915744432500737
1258078913944846337
1263080846845784066
1238239769236209669
1240881716694265856
1255464894599778304
1240974214720565253
1260580750426021888
1244662653882155008
1241400631304359937
1263457661892333569
1244365892890263554
1250791748986638337
1255843795205271553
1243706779629953031
1249837910578380808
1247571265717784584
1247503550722330627
1244604634532102149
1238989147257344000
1237819196937056259
1244762308863197188
1240868615303376896
1241900727250886658
1254127490903269381
1247249636181577732
1237743341401526274
1237852303954083844
1242985368867274757
1241743727128870918
1251311328842723329
1250243605333237760
1258815873000841216
1256217741641596930
1244389934653464577
1258995011884060672
1260333114259386368
1265023952264613888
1242972948090232832
1238944232628510720
1245430922217955340
1244102115053776902
1248203777800273920
1239299739927134214
1254614213911359490
1238982893810089990
1253631284955549696
1266044837574385673
1243982178679246849
1250572717906169856
1240011630546690048
1252933825723850753
1252021767461363715
1254511249074860032
1246479195057860610
1252270768001634304
1251132144052834304
1242870767433535488
1258041565228011522
1250812583248003078
1242445610311172096
1266047605840240640
1267439163609092096
1238323230756294663
1252273561584140289
1247322270575591424
1258748760668155907
1247601679631093762
1252628816280911872
1247881807342772225
1246688030859001856
1244624214860193792
1252233766853939203
1238137805559267329
1246556008954179587
1255082141051912192
1247676074051371048
1238911009361977344
1244573027116990464
1242668872400068608
1242535717655494664
1236489389724905473
1258038108689510400
1238496217413423105
1243273917944467458
1252272349744939013
1257546553390227456
1236805233482792961
1241600705577791493
1243840055384383488
1261047215080067072
1241400349719695366
1251896475065421827
1250242848508784640
1247622413765967875
1236675338811424768
1244221661181870085
1266040788645011458
1253074114560098310
1248861627082039298
1246165376905424896
1255599216996560896
1264275589025988615
1252238112790462465
1252239368317816832
1251833013685702656
1251993807874383872
1238956151804514305
1244984569897590784
1257796669091057664
1236561973204131842
1251997541501210631
1261295060106317825
1240745172436168717
1237447655623663616
1246864039369740289
1252692111763353601
1257299312964444160
1246822358574301186
1249795215046709250
1236875823032029185
1247711268615729157
1238027628738740226
1243627495062192128
1269267970775232514
1257639275866271745
1260574395195670536
1259264157242855424
1266496787415805958
1260985596987801601
1259893490730905600
1250935348529684485
1250552138092163073
1251712364120100865
1246825446290972674
1250937931524644864
1239878469531643906
1238829734643015681
1257410390847348740
1237336157278666752
1245074601694113794
1262509035112345602
1239390432620089344
1261891838899892224
1258517875507163137
1254445927596724227
1246420166986141698
1270497921650372613
1255805987803578374
1250198207583465472
1257781738656284672
1245101100073656325
1242447522796363784
1249729906285699072
1244012397846835201
1262716177899376642
1246484247810097160
1240384878958518274
1245075288221978624
1249886939458797568
1247675412475457536
1268213018271383553
1254048740064845825
1250110359479951360
1246826439904841728
1251154573361737729
1253032531752034305
1258028299751653376
1243724807751053312
1258952568778240000
1245084679608455168
1255594487923040261
1257284769932599297
1255169051015483395
1270380726995877892
1250450549498982401
1260623005136322560
1241386347073540097
1250105711281025027
1267587195386421253
1237418961844781056
1250105028960026627
1246864537388748804
1265314971740708865
1241014018820710403
1236396934547615746
1252641419111665664
1263868096118427652
1250800074172567552
1254050320088543234
1248223193099354113
1243909721612050433
1237141591837507586
1262708056246423552
1250625589733621760
1240290048978886663
1239409386075774977
1237738641847353345
1246948120681996290
1257814086479499266
1249858866537467906
1237047043614539777
1247662589229903874
1239402642964652032
1240098318329491458
1251269463820943362
1255233859266007040
1237567020012470272
1251767316590845953
1266038093699825665
1243696991210799106
1250535128767610882
1255233290044309504
1237851222410842112
1250134423737171969
1247950078997823488
1250095025251385345
1252526807728955392
1263524247563100166
1243219932340420611
1238276500123721730
1263081310110781440
1262790136099725319
1268213213058830337
1246239635384270848
1247944789460426762
1246950376647073794
1258454661264289793
1266767275526414338
1257457945484447745
1249371558822412290
1248944406130024449
1251329097164259328
1236424515573501953
1240522897845882881
1260634181488578562
1238652178484600834
1240818967515738112
1242544697807159296
1245617869796151296
1251935761798172682
1237593424338907138
1240765008277094400
1255542813678338049
1236874703907807238
1244668906435985408
1246130132584185856
1246558959399567360
1240310412295450626
1264986357010661376
1266510796395290625
1239037635009675265
1258948458272165888
1241839316554469380
1259890897560485890
1249765245129830402
1245118667928539137
1235216280363372545
1262578023590694912
1248718895629901825
1247867877342003208
1250134781637124096
1247257811249238019
1252311687128133633
1236663681548779521
1246482430506045441
1239192521630253056
1250144430864191488
1239601516677382147
1248042142225838081
1239908103283449856
1246273756433133568
1257814386305105922
1259928997703622662
1250423908836098048
1246510123008352256
1240096137337540609
1249747685801787397
1248254800422154241
1265348154599395328
1237429178506645504
1260680057074442248
1252669023344570368
1255563755947163648
1252570159769948161
1243219507482681351
1237890990628679681
1251270112285523972
1240468097171165184
1237447229918461952
1257664723316871168
1261789289882554374
1243976927590965248
1240399794142613511
1248594934980128769
1261388410456965122
1246163115101822977
1267635224193761281
1250908080910499841
1250424426371239937
1250455391684767745
1254160793240813569
1236870816320667649
1252949353880305664
1262550058660233218
1238644624534712320
1247285457957916672
1247278196787208192
1237180866847219713
1260180458211549184
1235301809570435073
1258501171506970624
1250452917125087238
1241109649794969603
1245933170295320576
1247921252167286785
1245440049979760642
1244802314768191488
1238215894133886976
1241913923982503937
1251148809209384960
1245191912732098562
1242688560844677120
1242827141852602368
1241814770770214913
1262506846797074433
1237209431768805382
1253642132516229120
1252677857362534401
1239051725685825537
1240376074493669377
1237515070151802881
1239674468156530688
1251209535043371009
1248858359136235521
1248716508085342211
1250483496239407104
1251344906028814337
1246161484947873795
1241214850648473605
1238076849189785600
1240525850107351040
1244358440841084930
1262351331970494464
1259238658487595008
1248960189539201024
1258072934909915141
1258757927852261377
1254867811245199360
1263546410596777985
1241823154785353735
1256389913035112458
1238242231267581955
1251853463748820993
1258818540972453888
1245116503671873536
1245043237397639169
1251895200471023618
1255822722921312256
1255926574047731712
1237739337061666817
1250237881312051209
1239649477323038721
1251272081087447041
1246786430447353856
1249358376439623681
1258026397890682885
1247636688559656961
1245430226852687878
1253681793955479552
1244413002734096385
1243519716783726592
1250272803233787911
1258961089829703685
1253007864651812866
1238607005448908806
1236257976287199234
1243654434254721024
1237851762096136199
1242434907017748480
1237183836061982723
1239870681187332096
1248250998977519617
1260028211708084227
1238663367352598528
1239249186266255363
1237251515833880577
1255165848412618764
1255166230186668033
1241768666531758084
1248281648505880576
1241397446464483329
1255324011829047297
1241288993637126144
1235621478797905920
1247370847670669317
1244792748831641601
1244622751756926984
1268356848798875648
1244803229155831814
1250105795120955394
1250241604226613248
1257646559866564608
1245440932343930881
1248642681787514883
1243626623137710084
1250811707976548354
1238454438148345868
1239622475073404929
1269472597374390273
1258767856369569792
1247877674388918273
1241784173234466818
1259139045621456897
1241708568216309760
1247920788398899202
1244277130210545664
1257663137458933762
1270380530157092865
1246561754274050048
1250870036518100994
1237726676672491522
1239370678677225472
1245045265154871302
1261052091008720896
1261483859604054021
1250792209043148801
1254119302850129926
1248202783356071937
1251113028222844933
1245816264758636544
1249687111047004161
1237074342846095360
1262548569048977409
1237919662001840130
1236948137241120769
1238212675693359107
1247653843002851328
1258904696519118848
1241193097402384384
1253054416288178179
1258760859343609857
1243974216166318080
1258170690341134338
1247675195655163904
1238559051144970240
1257469207631015936
1249766446445539335
1266400311696130048
1238973943870033920
1248303653921972226
1256314423917961216
1261114282881794048
1255278546479656966
1252103987362508801
1253426027197419521
1245727161484541952
1255847867572518913
1240100004968226816
1248863461553115136
1236779093988970498
1237405087598874624
1245383835375874049
1239578481148792837
1262802369487736837
1244286281602957312
1265317279170007042
1241757501412061194
1239396986832502784
1257847896373972992
1258199649481089024
1240043390085054467
1245201205535653889
1239001332008325126
1247297076305833986
1264695896727568389
1237012861685313536
1239618675629527043
1250561779496878091
1258514800209850368
1251207499027558402
1257796404896043008
1245039390029688833
1243581832064573448
1250271945335009281
1241869100416151553
1235670762301911040
1238218283469373443
1258848005857382401
1238520475824861184
1245416741938790402
1266084092912832512
1258852174697816064
1250257026241961985
1259896759477850112
1252630161364783104
1238583513936527365
1257828196260724737
1245438863646040064
1237726593725972482
1258795412464566272
1242281685087068166
1239004130456276994
1257641160836866048
1238170415610068993
1268007018398449666
1235908748109066240
1239004581281050624
1242819634287566848
1249814627229356032
1251737041936830464
1237332675586920450
1250801969922486274
1253012111187476481
1255101355737387008
1246580491559604225
1243622298386644997
1246560065903104003
1248597848767299584
1268618191728599045
1263085160670650371
1252964130463588353
1249693786730565636
1246875898730741762
1243628274250547200
1243285822985703426
1241125039052926977
1242102907195011075
1239776337331699712
1255563947081678850
1268352369332555778
1254477984309956614
1268160832858398720
1248227522149593090
1257779106671976457
1237810185009344513
1267853960989335553
1250104166015524870
1248223054351798272
1245115034994343937
1253383787167318016
1245893582009053185
1240413202921512961
1244828598818746368
1257365562264518657
1262430717511905280
1243622579102986240
1242539739972075522
1242518126891339776
1240196996767666176
1250244788571590662
1243355416760733699
1245134037460684801
1246242260808851462
1239235684902240257
1242206662460612613
1238432274066092032
1238592873878237184
1255821103202795521
1242486798955225091
1252813973948268545
1262501831797850112
1240634078858293250
1260199675635924992
1262907972122038273
1240397749964746753
1267652459163455488
1237894777049317376
1244420412341137410
1250822148370898944
1262414901198413826
1256202127195734016
1237836418904395778
1239371670873427969
1238133771045609472
1255294116071604225
1236503112728313856
1259305265389875201
1254119378347593731
1252022491473731585
1244790587397636096
1241882211349078017
1257666126001160192
1247232355296821249
1251234185303535616
1264519182466547712
1242952861434228745
1241698878719737858
1238781772348960768
1237835492005117954
1242087811379089408
1239331962558562305
1239908334049902594
1252230222906359809
1267184255148441600
1245722968984084480
1245653290152411141
1244415203716071424
1244292174901940224
1268585360482844675
1265646423904784386
1235616948202778624
1258219269248204801
1237986064247197696
1247400794141458448
1259984863320555521
1258850712571781124
1241954374139731968
1235936990744502272
1268171363593990146
1256767734421041155
1237257151040688128
1248642869621075971
1238085370937520128
1238488946130157574
1252749334384463873
1242038121602129920
1243706317333835776
1234928532893110274
1259454721456320512
1242686743347957761
1245846726033829890
1256938537632612352
1255638962175180802
1250868264470708226
1252328603611803659
1250770984270954497
1244937359789039616
1258459071734308866
1238135545265565699
1268307469840740352
1244255928993624066
1265352498719662081
1247254360624484352
1240097698986033154
1238037509143171072
1257285924125376517
1258805660554276870
1255260487312461825
1245804140476993536
1255506185215709189
1255995441721860099
1261357739218841601
1267991237094768641
1241353632630571010
1249452610643472390
1242106958485782530
1265312924932935680
1242256802848391170
1257720281038274564
1256316725555089409
1260667591825260546
1235918128087027712
1244999591575064576
1236977946042212353
1261416419192762368
1250642022362382336
1243389397724049410
1252310623926583297
1244905983555575808
1245796801866805254
1255656797945376769
1239647876843790338
1237454475599794176
1265309245177823235
1237926688564133888
1254929091519819776
1258144924039614464
1244388599614898177
1240823166831919104
1244760580843593728
1237441081748467713
1239024206270119936
1261668636328067083
1250082414183022593
1245074693037621250
1268232052467523590
1247244341552300033
1237214882254196737
1246215765965115394
1257294031404576768
1245126173165850625
1252382237309325312
1240424325985054721
1249002478865199107
1241805601665097729
1234994042410135553
1264031548808069126
1236456666817867778
1250458792355155973
1238334957346488320
1246500780841955329
1249518298204700673
1238309685989605381
1244454430910668805
1268306914884169729
1236663909811183617
1250424162679570432
1250520476016881665
1265640186219814912
1260014993539387392
1240285715579187207
1248842207186083840
1260238239937564672
1246954892402491392
1257845013595258880
1250195782252314629
1262406755901943809
1260252636307247109
1242154127511166976
1248058614268510208
1268376190898843650
1243624956837212161
1250452553487265793
1235012294804938752
1242325500099473413
1246340925200175106
1242829980658290688
1240934996820590593
1243407561874763783
1239351347159470080
1255471027745947655
1237348225822097409
1248973174617899012
1252274636374585351
1257367905089523712
1239776896608591873
1244019105507741696
1244070504106995713
1244415305209839616
1242337821370781696
1248642260293517315
1237111801822818305
1238086681712041991
1242197061107363840
1247133814503231499
1243619122027663361
1239001230980067329
1234994556329873408
1255296650878296067
1244649427702370304
1249153060007444480
1250200780776386563
1243712334889189376
1258457020426002432
1265367716833169410
1260322737110876160
1258219399623741440
1237084840673136641
1237765724644532225
1245377094680444929
1245491446527987712
1235230522802135047
1255501427205685248
1248220194780176385
1264579808303906818
1237147025759748096
1249730477554044928
1262507794193842177
1255250652185464832
1251680798484369408
1241429578943471618
1247566899182960642
1242829552641961984
1239618490342019079
1256835310622609408
1247918211175198721
1243252623421181952
1235193032972083200
1236034844553097217
1258023631474561024
1238391269510053889
1251003045296644097
1240828496752062464
1247193232884334594
1262459921779568642
1241012069085974529
1239302629429325825
1245762936951517187
1252341835080429574
1239554540711694336
1249804221005942784
1251517337632673798
1256375882907779072
1248593503518691331
1260237135921197063
1250540142756061185
1256355198143954944
1265410101034323968
1247190387560787968
1252757065623273473
1238338182174957570
1250355236205522944
1255224351676383232
1258875386013900801
1248727131376488450
1237902330286223362
1267593019362086917
1242851414570868737
1239744619698585600
1239104755961606146
1261326166260174848
1266037811372834817
1244067942511370240
1244002260327305218
1250620090044874752
1242689141973884929
1239397243997818881
1254930904637673473
1261889207724920833
1245729122535591942
1261399776572014592
1256055640591663108
1246931368027832321
1248205440179200000
1239583506533101568
1239614468008615936
1246490143957176320
1260656392697860096
1249036152314769408
1243831000720965633
1265406265330733059
1249444941400616963
1260986447273889792
1237765940005277697
1255563001933021185
1242184285702041605
1250459871763447813
1259957075616153602
1251488552053080064
1255261585553141760
1243625858922876930
1250828572819968000
1250870279129235459
1253719998603943936
1254933018231406597
1234898452196347904
1256352924436959234
1266336188299907072
1257714627519094787
1247716103868035072
1266849176790405122
1237899491447123968
1239333886498398211
1246941672866529282
1246944463819284480
1250896906907246595
1238173210383958020
1259806349799690240
1242237810473607169
1254761531562172417
1244770623131435009
1239908879242268672
1259200369420361734
1237605883812573184
1257440652314509314
1269068360597241863
1242534478830059521
1237722528329670656
1246930751184142338
1238670345948860419
1249724438603608065
1251347639490293761
1240851792960856064
1237817615575388161
1247653407407714304
1259610948328964097
1249427289156104192
1244281167748235264
1247193930644545536
1240286987166285824
1244773721694486530
1239623713848516609
1246842990649389063
1242437457167122432
1247383501047021568
1242920948304687104
1259664721155891205
1246572947285958656
1254824922951671808
1238586821770174464
1238429543800676352
1258215311955935232
1262773321659305984
1250613302461435905
1247713114994413568
1240401836059897856
1235970956511907840
1258172604529160193
1239932082052304899
1242999372616544256
1239169521266688002
1262436185676414976
1238567011439050752
1255668848835072001
1240495460852391937
1267848372234399751
1252009547943817217
1235974440812507136
1240340946874744832
1252579495674068998
1247195133977772032
1255274056909312002
1252754197172432898
1260050370614693888
1242926009453875202
1259276876918423552
1242189209009623044
1247695208571121664
1248360453308403713
1247292766394159106
1248686021979619329
1241925593681276929
1241149918724657152
1250614895994945539
1254397599697731587
1239381016042766336
1246734701299204096
1258584032796979205
1240791727423791104
1248611045431578629
1245155711799242752
1245465773629456384
1238431587781533697
1255176076931850242
1243710220976693253
1256013954062712832
1251666383189966849
1259880429655658496
1242632354197385218
1241926443791192067
1250390833444147202
1256305066413363200
1246097839220015104
1240286147668033537
1237062488371462147
1238874689499467783
1270260352463364097
1237103975184424967
1258781083396603907
1242074805924397062
1252221468567572481
1236771296442232832
1253480265722232833
1240829167459094531
1249433873588551692
1237402297090674688
1259940224878219264
1260899157415546880
1241572413801988096
1243932449052164096
1257695842191933445
1249433030403346433
1253454423239491584
1239773254501511168
1256612216423493632
1253015395180691458
1247217740206821377
1246381557012668418
1257666567883587589
1253166173430132737
1254939940821106688
1251867806968274951
1239954306364833794
1238516067552710656
1256649522316480512
1238839034157375489
1246961060839653378
1237438143697207297
1254764062505938945
1261501400539893762
1252265045020590081
1262433751788859392
1250525512570634247
1252956011234721792
1246281291206742016
1258904938664648706
1269251863234437120
1256363028955779086
1251623914972872707
1248003244883947520
1239329389919305728
1237931725960941570
1254755177736871938
1240966958465585152
1246177211603988480
1260648047714811904
1259200291951513600
1242149682241048578
1251673196484534273
1252336808844644352
1238290105498025984
1270322814663430144
1256469399290220544
1267850456652558342
1250607738113142784
1237887624859119617
1249740474505625600
1252260446981312513
1236433928392712193
1238836463749472257
1270349484434829312
1248411986867523584
1270014733006131200
1255563459892260870
1244032786601672704
1250215053971935232
1237039339688857601
1250131489368440834
1253338506182537226
1250984993851166725
1241615225851383808
1243546540867796998
1241114116334419971
1238531835468165124
1260040318084407301
1251651335008784384
1266404002327117826
1249820786145349632
1238414852823056391
1258502872557408256
1252564116226609152
1237099191014473729
1253178421359804416
1249590379877470212
1265081398894960641
1237322309087694848
1240020939276013569
1235077313491951616
1244659796172816384
1237920667141648385
1241858996279050240
1254811613540032514
1237888138548133888
1259982958468923398
1247730394256072704
1235701365206388736
1263150296466849794
1251234181331529728
1255826895205253122
1247322416495431681
1243074060915019777
1252752742529073155
1243215441436303360
1253357354747379724
1246627582533079041
1245513278479929346
1266387102406709250
1255497193978552320
1247700040795160576
1238615347596603393
1238090358120157185
1238283669791485952
1237920476715986944
1236275849869103104
1254025749033627649
1260045309138403328
1258061702073024513
1252771753664937984
1235337998465716225
1239360461688242179
1248964585123713026
1239648512125566976
1252325363948158977
1243212754724564992
1262413620836732929
1263918568535724033
1262385445658378241
1247193345752997888
1246591298158637056
1238618808044212224
1240426925589434375
1247130223478370304
1263175956270809088
1254811151877263362
1240504924313706504
1255272718569783299
1266846491836112896
1249333020072558593
1245799558543802370
1240013467437932544
1258003983106551808
1251292725917425664
1257692762415271939
1238625836724617220
1250999942073769984
1238330810756890624
1251588364811329543
1253774727405023232
1247144835124989955
1238790882146557954
1263481038728241163
1266486711024001026
1258208121056571392
1242271750055960576
1241946624835883008
1243677497151102976
1270183855073476608
1241231110455123969
1239643630744276993
1238571295815671810
1248611677148344324
1260698828833017857
1246961490546089995
1252767991642624007
1246099713184628737
1236054774790926337
1252820777155457027
1237370540874174464
1253337895156379650
1251691525022593027
1252269153462910982
1252456704249298949
1254185308003983362
1255133024238178305
1242272721385504769
1239546516701876224
1249134382364983302
1259194931580555264
1239774716191281152
1237814245150072832
1263188622368440320
1247901810024566784
1247885272018063361
1239202348951580674
1245826602232995840
1241923425221988352
1248581169131724804
1243897986440220672
1242551361453142017
1240180938249822209
1248964372254330883
1242086205543636992
1255186979723137025
1250462049701957632
1257202607669592065
1236693750228955140
1235836277045350401
1250787082508926977
1244281064857706498
1254740305057910787
1242960149536530432
1240089830815653889
1259955283037769734
1249821091884945410
1259877270140915712
1247270166834089986
1241374780617560069
1259900335008743426
1240534244822339584
1247331156112089091
1245151110194696199
1262038121396473857
1250881912224337921
1252393058051604482
1245496784497053699
1248029082979389443
1262381736937377794
1254812147718160384
1266748908363022336
1247998616649609216
1260631715447529472
1249346929298944000
1258065333170159624
1243217496104218624
1240495177992736770
1261326745816498177
1252757030777040898
1247701157046366209
1252260153350672384
1245517504300097538
1243890602804215810
1239382935209459712
1236741748400979973
1259171180394708994
1249332492101996545
1252812765506355201
1242405752423227393
1266404675710005248
1247847531800903687
1246269279516925952
1257695963222814720
1251958290495479810
1248980679427330050
1245349969709711361
1245796907026448390
1253454632774512640
1236791648182550528
1258725098288304128
1244490124710330369
1238994731708960768
1261634234080526336
1250540655341961222
1258732896430546945
1262833520944328705
1236466060674641920
1250203794757103616
1240023690726838274
1270225934772310016
1255300517179404289
1248027284772204545
1240994101379637255
1239287904217845760
1252341796262121472
1247329228980355072
1239711399158452230
1255274467896578050
1244033773064409090
1257763921164939276
1264044331205300224
1250398488812232704
1236791322687700992
1244968342735269888
1239707960382828545
1241866081633001473
1235559600524492801
1234962184083562496
1253067791227392002
1237505548351758337
1243963248174645248
1243963671346327554
1242269018842685440
1244682797501091842
1242049852483211265
1236666917294931970
1243712638674186242
1237553124031651842
1239238989049200640
1259831376951545861
1254622770668941314
1246546726648983555
1246054966961352705
1240019743760842752
1258790221379964928
1253368616550105089
1237704049446850560
1242906364655153152
1251845513764384769
1244275451486523393
1260318131928563714
1239047417972039680
1238286681033314312
1240634238887747593
1235743152084049920
1244404158989504513
1246771321817706496
1268016941781917702
1253126511445540869
1242482110662836224
1248022744249352194
1254801306830671872
1255191269359456257
1238900823075282945
1255949514223083521
1252623387123425280
1237879425993068545
1258149455896940544
1251531274956738562
1262441853569417216
1247198210235523072
1254746247157735424
1251831211040833536
1247144504920023046
1250892229851394057
1250771532294619136
1254866494116081665
1252574908967780352
1251302450214195200
1252362385513316359
1245556517237121028
1246386907967377408
1254812022434381825
1264760378870902787
1249436952589414400
1254824632319959046
1244737446203588615
1241361040803233793
1257109175001325569
1251350290873421825
1239699767363543041
1236644240890961920
1263261556994957315
1252299506105962499
1244589950416424960
1237402686204583939
1238542125056307201
1238874638433878017
1266149400025407490
1250185910374842368
1241830193078996993
1253660567019151361
1247153839981178880
1246871906671685632
1262433162187214853
1241417086968225794
1243680654673547265
1238430798237310976
1254387720996216832
1254595878347776001
1251631618852294656
1235187606901723138
1257745260035407873
1261332639614713856
1261330101683306497
1247535677417250816
1237924314642513922
1249554500341452800
1237764437857140736
1237403547035189249
1247711041485713409
1239761612820688897
1238252070337228801
1236345260676124672
1239054484824895489
1262375723605594112
1242071793764098054
1239012293352067072
1258432569533763586
1241850233463676930
1256345315944419328
1257161248422182912
1253455212318203904
1250874111049502720
1265149923508523008
1245058814925246464
1239785839690997760
1244447196285734913
1245016064267862016
1247353448300982279
1237886485971386370
1254549103708692482
1266463786145320964
1241379926248390657
1260994998021033990
1246523421313445890
1266406268245364737
1236892126807556096
1267510970915708928
1243216732908650498
1262433007090241539
1235241371444883458
1245400117315846145
1235950037714300928
1243384766302322688
1258175010218356738
1247147474235645952
1254852221168214021
1248069053668827141
1243674566653870081
1249349707329155075
1258440562820202496
1248808283487469568
1256288682035871746
1240074047867752448
1268359158241337344
1246818212387438593
1253091545156390912
1241868677798137858
1263178389923532800
1254190442142478336
1249699793678544899
1243934166351319041
1250079395072692225
1237380538161401857
1245350816464207873
1235739228656373761
1259518038828867584
1265802330877853697
1241494218973085696
1247854336115441664
1258855389564633088
1250430957376569344
1235092635053785089
1259879628069572610
1239218585215664132
1239713566007209991
1250974546955567111
1243960417480839168
1259804859664142336
1259804943378194433
1247615237089624064
1258734450017435650
1238838351089852416
1248211630107787264
1257449915984293888
1248287933129543680
1239774056846708736
1248286639157321739
1254299260830519296
1259807792896118787
1250892986784911372
1253207868481945600
1238573220426629120
1237800980378501121
1248364646094049282
1253527201871347714
1260971051917475850
1237192167107563520
1244710226886000642
1244564443226406913
1241102520249876493
1269112602241708032
1254104195067777026
1248280671497277440
1241078460480659458
1259329320021041153
1247904438909636609
1243228481401630732
1239951396444782592
1253664096542699521
1238481717188583424
1247713307710164992
1247196983175065603
1250842318791421952
1238224413021044742
1250761090264432640
1237389131107291141
1239319655094902784
1241335008813633538
1263244712191942656
1247344387853561858
1240686934122328065
1243866468820885505
1237421156778545152
1235242830471344134
1250154372174098435
1247903931360899074
1240409208543158273
1253873226377199618
1239695014235693056
1253773666355163136
1244400453934350338
1264936563517132812
1248590281374609409
1242931978938261507
1247532713826873346
1244351125656088577
1255306750552571904
1241727231950491649
1247555939160506370
1239675834673364992
1249702898985992194
1258839746786267137
1239232858478215169
1239007717764841473
1252989065617723395
1255144063432441856
1248637683607298053
1248630270862995457
1250638862000496640
1258967151152685058
1240644454702252038
1266562716820480001
1253818878809030656
1254795087403462656
1250541797421481986
1251885756701986818
1267841553554444289
1242922522263400452
1260802773622435846
1250075493858238467
1242605046094856194
1235356656315359232
1266356527478108160
1241103879728750592
1240649626274930690
1238483004311379968
1251179374134603779
1240485629206593536
1255310985398812672
1244592574779752450
1243683696399572999
1243150434468073472
1241371815475326976
1257628618051801089
1254798592067407879
1243524864872513536
1258426155239178246
1264949141249105923
1242175971744235521
1259940221082353667
1255447858062516227
1238209477469450241
1263190556689252354
1243614157146075139
1266837398278696962
1260701629218721792
1249821421615939589
1255283804589174788
1240278968034570242
1253112569851756550
1246620094421176327
1237060495909310472
1262835229418573824
1236790816770752513
1247496221733912578
1249313543587061760
1266040096773615617
1263531045649080327
1245168254705963008
1269679398115999747
1261334765459968000
1245813422488522757
1245789299016110080
1239031826972389376
1260300580314103811
1247198666911354886
1268878511093276673
1255221275728973826
1243180425410945025
1235202104614060037
1241493387758444549
1240249565376385029
1245078100070862849
1234940698048286721
1250865038308659201
1242699692946882560
1240442067794477058
1260248670890602497
1242565053435588611
1267851284234854400
1252017166427336706
1242605041103638529
1237087850946052096
1250097048210288645
1234942706721460224
1251904497531719680
1262370173950013441
1252203875509116928
1247541197423271938
1249326019636535298
1251189111890817027
1250428539012186114
1242174058428608512
1234946881291247617
1235742108729741312
1267512449223266307
1252679120720474114
1239007175164530689
1251966258972590082
1258034177439563777
1250501374485430274
1235983415951884290
1250221142188720128
1248580068680568834
1239918470378041344
1250186715379228672
1246923113280999424
1235548902960451584
1260127369123246080
1266403064753336321
1260349897112518656
1241962479049232384
1237799857965936641
1244710684132290560
1242893171782225921
1237616764281917441
1244351931402911747
1241765148165013507
1236788882143838210
1235064751064940546
1243013259873210368
1247709609869094918
1237377113902153730
1244710817246908418
1237159577558355968
1261413097513693184
1250544243174752266
1254044185054851074
1252936646930190336
1245751859601604609
1250399837826277376
1254423751728365569
1236794317064278017
1260921874260938752
1244010595600433152
1250531586598207489
1235341414210379781
1245926673704312834
1257278961467314177
1247752496769990658
1239633241927299074
1249130395695747072
1239183127341236224
1251182064017293315
1237908369433821188
1243846119442001920
1253393442304073730
1254037334468763654
1254305016543940609
1237126607753576449
1245704945661292545
1255178916664430595
1238855245393989634
1236316275560808453
1238543755843682311
1252018075358179333
1254812757276463104
1253112113649811459
1237938417557790721
1240248362177355776
1246455093421117440
1242122422721093635
1235407174282743810
1250754456725176321
1236789765971881990
1258738202002755585
1242605865850544133
1241059040547004417
1247966442588459008
1238665920274411520
1237802884970033153
1262778125353734144
1245487947085996032
1254899167488598017
1247127196432510977
1238150450333069313
1250542384276004875
1247963351206039553
1254138022381191177
1237866508929208322
1237022283958497280
1237023206369824769
1242561953337352206
1244351778826657792
1255133328493080576
1251179988960841728
1258336589828284416
1245813648834072576
1254057552461119489
1254204621775650816
1245516760775684097
1242483552425512964
1239309651474350081
1251491078429179906
1258401159456358401
1252535246869929985
1268219217297453057
1241060286590865410
1250889327359516684
1238206765503782915
1250848368194138112
1258396840690581504
1244710900264812545
1265051028183007232
1242811799805796352
1263602352692568064
1261329047885352962
1250850707059519488
1247709213360631808
1253476465242447872
1265252632299483138
1247127283430838272
1238341374040313862
1243534944766476288
1263927339416723456
1246248702454509568
1246042811767586816
1238629139608997888
1240445046572408834
1266423673700913155
1247554384931815424
1262437428415148036
1240459670361432064
1241760803809886211
1251900625798991872
1243153000689995776
1244310896983396352
1247896615001583624
1264712391935307777
1244355326171906051
1239139853473849349
1241425589757710343
1244003665989513216
1246316863929430018
1262741045311307776
1246830701187608577
1236790340323082240
1254773442353565700
1247743600915435524
1236316317692702720
1251970367121510402
1253474851660214279
1252286253011292160
1247555855609970689
1259457147286491137
1264779359908433920
1257451515566084097
1262396746501685248
1254138253009190913
1237703895369027586
1242797971311337472
1238068141995024385
1268531697127174145
1253684310839828480
1241425674260357128
1247901792999890945
1241666003853066240
1237202952936476674
1248588726743314432
1251990842975363074
1250044746288041987
1245841047869063168
1244711940556980224
1247925586699444227
1238842482244423681
1237422769270403073
1258391677586362370
1263692211822235656
1242179759485976577
1239892714180743168
1250845616223199232
1239129065082281985
1242307570523488258
1244598811495931904
1252351059709751298
1253329658541568000
1258437713658810368
1252070028943523844
1248312834712363010
1250415422127603713
1247746265384808448
1245926363833532416
1250785336109776901
1251906271369986057
1245471321049436163
1251977165882744833
1246592971178377216
1240483134728273920
1241111756426149890
1241923614850646017
1250532968055148548
1258021390965489665
1238542552036491265
1244769239275315205
1262849487745306627
1250889389972086792
1244730203508793344
1266032534556721152
1240860332773519361
1256265972455034880
1249531243684921344
1238242855484821504
1250494481532624896
1270176900196024320
1235211293969313794
1247556181553483777
1242171441996541956
1247204087327854592
1246594059189325824
1251180852144463874
1236351510310617088
1243682077280800771
1237870334340034562
1252361806040842241
1266420756713480193
1240460346684592128
1261303780068470784
1245166104202403842
1242308242857791488
1246234161641402370
1252992298624995335
1247199897037737985
1266052877769900034
1244399681842696192
1250545963380465665
1244716212325691393
1244005054253879296
1267428596081098754
1242306632333262848
1245080192365858816
1245685312472440835
1239531326602166272
1239938676462927873
1237186579740921856
1247199146752311298
1239894160620040192
1236793136174809090
1245412015197376512
1242126998912237578
1266031667057213441
1245395604534165511
1242603440133603328
1250926550750580736
1260967261420097536
1246697105873416198
1255402804690198529
1260429446726770688
1254978367285157888
1264194825798201351
1264731649629192194
1262568094481952768
1243921990446190594
1254814746815102979
1259229054928130048
1250542624668254208
1253505800305287168
1249674459080019968
1237386564474261504
1241094399402151940
1245842461089505280
1242305025763938305
1244964463507386368
1241161855755837441
1239128170600726530
1247894844166393859
1262748295270592518
1246593606338482178
1248395364182323202
1239990463471460352
1258406301199204352
1238580317792940037
1254453820077334531
1253477343190044674
1260416225991106562
1250637312511356929
1251918218740076545
1244460632252076036
1260135306826833923
1242995062289596420
1238210491861946370
1250543820892262401
1250151390334287873
1252533171431882754
1250377386882891776
1254456953117372416
1243752797549604864
1249705990334930944
1244353069082648577
1245413647637262336
1252970097750179840
1243916255381393409
1241073184063008772
1254821094579671044
1258424585420185601
1248392453234651141
1255590061896355841
1236644813904195585
1256609321250623490
1256609687010762752
1247197372108718080
1250170929298255874
1264949529301966848
1253354315021942786
1251056174864175105
1247309110657286145
1238568974889205764
1249675106156232704
1256586749658181635
1247308858701295616
1250221727512174594
1260594225244262403
1243205515204755458
1253357120315183104
1250113252157034496
1256346217887514627
1240312279037546496
1244352784662695936
1248713108274786305
1261310537440387072
1237792384144064512
1250467809844506627
1250547779094695938
1252657102117634050
1253501709839712257
1242992002410713088
1237935800370823170
1238854846180216833
1265725032191406081
1250545380305055747
1237905059649916931
1254517576471904257
1262924812005134337
1249393188714004484
1238347256509673474
1270041569438191617
1237010720107134976
1247497183009681408
1250020264991174656
1255942301643243520
1238542777409064961
1258364230283255808
1244458620408016903
1251326424088285184
1253355841337597957
1234924422336741376
1243592614923907074
1242909597867880448
1244382391143141379
1262151555719061516
1237736476739350528
1244456335690944517
1242513152790626305
1241436445086306306
1259813538870239232
1242993228460298242
1251119451610779651
1251057023891931136
1259623740318638081
1245414651350966273
1246630820993028097
1251969883396603905
1247200233362243591
1247237800132517888
1256431969635897345
1250218035950092288
1244329157036826624
1259818911345840131
1243207301806395398
1251301692529836033
1242176763918200834
1241144635092860928
1249774465799643138
1241037285174501380
1240782851353837569
1240782878902046722
1265655735444217856
1246081558970335235
1258037048629506051
1242178115637477376
1259286398240280576
1242177321811009538
1260452174926172163
1244755448412221441
1243642376180191232
1238547862264389636
1238128539544817664
1239421074695168000
1250509546176593924
1256731750593683456
1241075076277121025
1265283277381828608
1243594296936271873
1259623358817349635
1241055191715151872
1251458286630600704
1245469925898162183
1253728059104133120
1245469130544873478
1257308562457374722
1261083764819660810
1237941895172624384
1257970222411264000
1268917452198621188
1245472400210374656
1258368456124235784
1254420693405573122
1257342771922436097
1245470502556241923
1238545285481144320
1261286359798603777
1253807650531348483
1237942435101229056
1253807465407414275
1256263307981475840
1238549177690447874
1257306952360701952
1237943654515462147
1237543839427997702
1261827499220250624
1248499726627909632
1269131299345895426
1269126985483276288
1242144090541654024
