1238675913195130881
1243587535613251584
1240976584422461440
1245634197034688512
1245107864047202304
1248240316903088132
1263083278765928449
1243699364083535873
1252677087233740800
1259565549819838464
1243700067837440000
1260205186326368257
1239197067437731840
1248272200735612930
1253148847410425857
1254332863756918784
1238825570714017797
1242506839826108416
1242213201707556864
1242111061655867396
1239408538008551424
1255326772557733888
1245896602528571393
1238451246324826113
1255153741977669636
1241541864647299074
1240712037015023617
1247169894585491457
1238467002525569031
1242987067249844225
1254614731979018240
1238139830069940224
1254570195575701505
1242669785457938437
1262703970176425986
1250806086212284418
1236372391472713728
1244674131041239040
1250231318866100224
1248992019432734720
1243461952115888135
1264077285025411072
1255962905767481346
1238153396030279682
1256374015264002048
1248716026117623809
1248339589778927616
1266411492213211140
1238142556644364288
1250224774774542337
1255628452721340417
1259929878503157760
1259559505160896513
1250551415157620736
1242380708607213568
1263646946675302404
1248340056638545920
1240517709927837696
1240309249936207873
1263327908459958273
1262531546595987456
1254445058775867394
1247516943529029632
1251267230731362304
1246160383951470592
1264244314516774913
1242279970455445509
1268580783087894529
1262533151156342784
1238320197250899968
1248265714978324483
1237829469756219392
1251696782326849537
1269265594550874113
1238236855054692352
1254050200911581186
1257786368442478592
1238139181743738881
1258604140034318337
1243159718480113664
1253382856786632704
1238089112571146242
1264956051524222976
1253344808438882304
1242383161733992452
1250225040756338688
1248723417215320064
1237785738877566976
1246627099177148416
1238671468042559488
1257771423134711808
1243220094697615363
1245765157000638465
1240513546326290432
1245763347737239552
1245527741912342528
1244295757269622785
1249205127191420931
1250954523364880384
1256053446593011712
1239605703305621504
1246028536047005697
1257026306975232001
1248091366254473217
1267948318623059973
1255357353303695361
1250744489343283202
1241661571698323456
1255154073663234048
1242446105150775303
1258848292093353985
1265099257666625536
1265094199440896000
1248681045823598598
1238672092893241346
1252063446897582082
1248600616055844864
1237054204109193221
1244287833042378754
1242888417400074242
1243339878823350274
1249429543347077120
1250981061439287296
1239681887460683776
1236675086867824642
1244704740845346816
1251695398013427712
1237920987976364032
1251203672022765574
1238187609492312064
1243300398166732800
1258254905376075776
1251681428384837632
1249535960208965632
1239790303214620672
1255993635889246208
1250600106241359872
1241175763493072896
1238277925205499904
1247618878873747466
1241935719800516608
1243297868376444928
1246519108595634181
1248716614821789696
1257698426554159104
1237606057767137281
1239763550962249728
1242853197372256256
1239365271959130112
1266480390274859009
1240092040626462720
1239443302446804992
1235809127294623744
1255301680255635461
1243714409551122437
1253083605468774400
1240825472339988481
1237193388698431488
1248612858360778758
1246055787589296128
1240503464037244928
1240150248229666817
1239238581597532160
1235379791710294017
1237921685753356289
1252639017666924545
1235056473392041985
1260083700554821633
1237102424373866496
1260243002544410631
1243300433075949568
1240107865454587907
1255725117167947776
1255843988289892353
1263678537661206529
1253495551527538688
1238502483724341248
1244397202761375744
1250858701872746497
1242318414254727169
1241729082968006656
1239715806738386944
1241039516606926848
1261432946713522176
1240111132188147712
1239570013624754176
1239218488813563904
1250149715443769344
1248710279992619014
1238311443616825345
1237887463386828800
1251625882222882816
1243966525104513026
1259823092315983874
1240121208445849602
1241025859802161152
1245056335655272448
1263529772312719360
1251547125852168200
1247732635230564354
1255921478106660866
1251181073414811648
1250457117049286656
1259968620999831552
1246464093126459392
1249008923476029444
1256044496120233985
1250165710015225856
1248046839452090374
1259487606816911361
1258838443972419585
1249510813255135233
1255405291207876608
1246831038891839488
1245565857398288384
1243193941589024776
1265798137467240449
1252444264610529280
1238117218791182336
1253108682700677120
1259287098097426432
1243914658110570497
1239034865229520896
1238631550918377473
1242637627720777728
1239355830396276737
1242510903913807872
1237312136222617601
1243043849737342976
1238147212997099520
1258057249362042880
1245183267357069314
1244719926897606656
1243539041477410818
1245181183777882112
1242259661903912960
1265760624593772544
1242139099835723777
