1244842767358005253
1240047559416123397
1253385319602368514
1244362854612033544
1243293177127342080
1238640877624537088
1260263692047966208
1241722450452402176
1244844480265621504
1239760459856781312
1241394016115134465
1239624555116859396
1238320962178879494
1250580842356891649
1243601938240933890
1251520830573629442
1239435979544563714
1245372110903574529
1240438582579519489
1247878627502567424
1235042118638243840
1260207224619765760
1238663619941928969
1242555783692390400
1253441307768508416
1252732292910526466
1249068488699887619
1251565115171799046
1245750224200568832
1250988722759352320
1250083197507043330
1257830259564650497
1259911614071017473
1243329023587033091
1261789473844666369
1246560749029384193
1241755566806007810
1257790731260919808
1237015140316438528
1238529755407953931
1247547667305152512
1240409977220628482
1247180420552196096
1262511225742688257
1257090768541560834
1246243251906117632
1237855023784030209
1246927170095788032
1241029248879677441
1245238284726476800
1240379047051485185
1248012501599412224
1243199150923096071
1247639035868319745
1256375490656587778
1238818120908918784
1252687502869135360
1251851952239108097
1247257490565316610
1259930533796229122
1254512415917686785
1247336554454007808
1257436683655659522
1247245740625313792
1252606381825368069
1251144826201837571
1241193155862691841
1238263160953602048
1239960007606706178
1238203764705767425
1245163037977456640
1249841561573240834
1243984249839108096
1248747209597861888
1253519885059141634
1245241413996068864
1250803829517496321
1252720572955537409
1250796517595766784
1257779469684822022
1250581658417463296
1266695521659490305
1246614503359471617
1244998377902833664
1247882856505860101
1259858526849155075
1254484693615095808
1255962818605654022
1243326875755261956
1245728733056638976
1240432977366188033
1242587341492912128
1237781281628459016
1249764688637956098
1241465393039974400
1243514761591107585
1240386166265974789
1238897436418072576
1242588838897291266
1267951553622749184
1240437822349365248
1245527759100751883
1260361601330315265
1251228285956227072
1269415829944311814
1255531281800192000
1249752280439586816
1268550817088524292
1250132083109961728
1253419287684866049
1260604774904455171
1238911833190338562
1241107598599958531
1241988561328537600
1257787061698023429
1252690355092361222
1244079544652480512
1242443581740154886
1249041866215043074
1259261950015438848
1253019586020212747
1237582048493056001
1238663321848623105
1245202835064721409
1253518455229362177
1255476774005284864
1245160925239402498
1245868388162744320
1246955704491159554
1241836710599839745
1240833181538045957
1236381625090539521
1245641232308531200
1257787652826333185
1262767182955655169
1236842394806517761
1236825435784327170
1258577558817452034
1260572243450572807
1246954804494172160
1244431015457763328
1236656113044664327
1241812313730154498
1246240218455445506
1254944771736567811
1242530024907067394
1238217846208987137
1259181053148827649
1263562193620160512
1240743126895116288
1252375780534833154
1263108238859476998
1252482904850157568
1244413925912907778
1260408997926113285
1246948337154232322
1259453305308229632
1244832512616128518
1259104744821276672
1253055108792942592
1251146327120998405
1242526812082708480
1241828867670781958
1257396257217183745
1257979369131253760
1255653738095796225
1243358668952702976
1254200931043991552
1258484823070593025
1241826797030912009
1241241501612589058
1249721012524068866
1238509739845259264
1244292611659063297
1245815584044056578
1249835618378698752
1252555680772308993
1236136314208165890
1238687967117484033
1258759563152691201
1255992146835861504
1260734468295479297
1244789059354071040
1255545926401306626
1260300791862231047
1253416369611173893
1243909487301464074
1259529528227049472
1255164652948008961
1247131727887249408
1247821783388106754
1238583801611194369
1246560039172820992
1265818939394850816
1250474164365991937
1244429054788472835
1238308554005786624
1241732068670832642
1238712926455967744
1254784264551317505
1249539978540904448
1243736819285581825
1253343110534443008
1254832646045208579
1247631781370658817
1253446858992738305
1238729013918609409
1259453899112669184
1246577990240219137
1241897830110896128
1240292146395205632
1242323619717566464
1241527449806090240
1242926152701927424
1245481211625177090
1238952606598389766
1241897713706373120
1253309631876775936
1239080986455007244
1246951121920430080
1244389459979898881
1254919394200780801
1258105102415478785
1245536924909088771
1255990109553463296
1257544186179604480
1242575339483783184
1237152019506515969
1237517128531496960
1239623260012240896
1256386724931960833
1237852840569126912
1267653087013060608
1242575882180493315
1245541527100829697
1246475953301336065
1236785637551988739
1242276515812966407
1238906582731313154
1253342596451241985
1249375306827337728
1255529390139678726
1246164842387582987
1243423447687938048
1252208115170377728
1253410048472166401
1241708985805418496
1257037089356595201
1254507486964482048
1242109114970443777
1241431461510684674
1249407188084428800
1241564244916740097
1255108923633414144
1256035414034522112
1247585043494600707
1257031659326758914
1237837932377014272
1265814716548513792
1267152333814857729
1249064113764012037
1247644590271840257
1240818920992448522
1250965557756731392
1244572997287116801
1240809626158891008
1252674804819415042
1245326783374716928
1246263450403246080
1249286372923445248
1245202180208046080
1258832231759478788
1244996284597108736
1242975499854495748
1258802307304734725
1246127324577378311
1248943956790050817
1245063050002083841
1244762374692728832
1241459215903973378
1237115895505453056
1259900581117931520
1253519114125049856
1269750693776125952
1238457998705655815
1244260742955773956
1253437141574488065
1254509124089516032
1258320029717839872
1246957794961604608
1257769858789281793
1242280741909774338
1266741712115970048
1253573185586565125
1244367399538827276
1236757276133937155
1239653362058092544
1243908794934943744
1246600787230429184
1246701214324195328
1248041176650993666
1246580765846102016
1240729943572652035
1243702305553289220
1239901350923833344
1240798495373746176
1267635621071327232
1247643062068744195
1256200262475227136
1262018518838644736
1245763845815185414
1244805673222897664
1238999081298640897
1253443672936513539
1238636518513704961
1254509548016152577
1236490248240222211
1238200981122359302
1242386801710465024
1253433796436750336
1244073036778782720
1245030217372045312
1249844302030802944
1236829807213715458
1236651956858486790
1267636238447771648
1248275607403876354
1246028370430885896
1240981531285479425
1238910063680634883
1246163020369158144
1241914102836072451
1258413538130919425
1238130128707825666
1265078988122226690
1238588003892760576
1252212275907305472
1267885204598927363
1237080774010167300
1246961631294349316
1249793084415774723
1244428879982407680
1259565584884383745
1239062168609402880
1240795296197758977
1240736407280332828
1252801376402526208
1238982732589514753
1239604250747027458
1242430083161378821
1238592695255343104
1240824334047940609
1235714475644399623
1250748487156805632
1244167552466550785
1244370148196265984
1246193812843704320
1259920454707445760
1241559904273477632
1240464926205935619
1240092765763092480
1247587773084774403
1257778145589002240
1239520423500537857
1260408984445607937
1267885915357220865
1242223802777579521
1238700401509240834
1247232124517855239
1241613964955582466
1246584654410416129
1242132301640871936
1268021952922468352
1242203081191895048
1235701427252736002
1252321710361260034
1252817018878717954
1244421050538119168
1253341988197265410
1246518648602312708
1244060010340122627
1263122329489625089
1254223625160478725
1266415537715843075
1257749543984209924
1244027363345776640
1242275640822452230
1254110623652249602
1248986873164333059
1250822531495407618
1249505705075367939
1239085078548025344
1235682479501127684
1237809278469144577
1240759793633157124
1248991588979822595
1242193549279584258
1238002635203993601
1238637931604119552
1244764413145550848
1247526249049669634
1250654007204499464
1249019163802296320
1266023763931475969
1237526415756521472
1251661574386974721
1240725455721959424
1253066877133369352
1236844701573099520
1252740978567458818
1261092929436815364
1245726266201866240
1242196762800128000
1250910548776169472
1238174445837135872
1235700353934516226
1246554392482009088
1248787463520301056
1253750179745890306
1242247736281518080
1243909373912588289
1240064095006720000
1253478726991523840
1239919293518807041
1270185775888502786
1242950456273448965
1256144932739452928
1247715620499709959
1259966611555061769
1239776743688491011
1254065340402798592
1237121704960409600
1261747292274556930
1247348428708941824
1242110712228581379
1260689947096485888
1247681918889533441
1254131994600054784
1246477798060875776
1248300733566521344
1254106874003238912
1238612147137019911
1259233099432501249
1240984832878022656
1245157627019042818
1237526180024078336
1256384090351325186
1250453696128876545
1251869506269577217
1247063583147646977
1240032140919799810
1258572463006498816
1255837384928890880
1255346603327700993
1270421482624159745
1245662771779383297
1260239470491811840
1270380096633868288
1263001561355235330
1252665387122135043
1238566378430509056
1247325232047800321
1236813310533738497
1238535265871745024
1250740087647764480
1255835034759696389
1255648236423000065
1255544092701974528
1252258129519181828
1248777444968083461
1238615550798049283
1249008437700198400
1245275546801639424
1250394439975088128
1256024707889008641
1242471492740427777
1256677232795402240
1258224717544259587
1246191303639138311
1253290523982475264
1237531640039006210
1240328213663973385
1245660218706366465
1250744943645261824
1241941805073129475
1247186882712219650
1247717381146906627
1267884266911936514
1249334816253886466
1249558340440657922
1241560380234760195
1249337912136785920
1267636462922727426
1267636753017552898
1240769809509425153
1244823785079025665
1259917479289241602
1247350628642324481
1238974174778912768
1259891936976146439
1256242801492164615
1240806325614977024
1240032463847636994
1247350076328067078
1240730132102500354
1254769208744763392
1252737221117063168
1257775845990707205
1259559545694756865
1259934578741051392
1237899599278305283
1245342940714729475
1257362238404538368
1236981918882807809
1240434125196189699
1242924789720899588
1251883242765955073
1253512151261753345
1252043327836491776
1241140307649069058
1242225661634326533
1254927772692201473
1253292439546232832
1255343394852941825
1254052783940153345
1253383285021069312
1241249321070231553
1249184855906279425
1245909547442724864
1237527851378675712
1240378724543016962
1246843591844036614
1247157708643545088
1239459293855993858
1248604455991496704
1239709029796122624
1239025128027172865
1258384952208633857
1253240230343323648
1246172348283097088
1246226105440382977
1258864267501219841
1258802465128005634
1254832559294480384
1257764313038819329
1245456179238756359
1239544830281252864
1242603577320919040
1262194574308540418
1248601470695587840
1237916107165622272
1261118810167431168
1254082097037352963
1239953874938667009
1257510988917678082
1253095909413527553
1240013075371220992
1242478967531212800
1245004347886448641
1260346957702344705
1241578274414829569
1260574340388720646
1263514136077570054
1253378030095007744
1235598211819032581
1239449507546517505
1237927250814787585
1253841485193248768
1239111994659287041
1236718158708441088
1254414161288847360
1241860413907755009
1252605630629711872
1254732794305163265
1248960103505637376
1238343213079040001
1249475824631328769
1238933019068686337
1251938919442264065
1241507700736954369
1259955858823315456
1249659195911286786
1239022701739741185
1267942007441444867
1237912009989140480
1256308209033203712
1237530503651065858
1239055756298780674
1252454789918666752
1253773424926822406
1255632641249984521
1246437130592817152
1241897278258008066
1238288750876045312
1238181711776747520
1245142180550922245
1254079490742943746
1253420794450833414
1261406382433001472
1252330517325905921
1247322120968962048
1260167315456512001
1263165530254475264
1245908360211378179
1246256721678434304
1246456885924036608
1253844106893307906
1238427916104601600
1268629783174418432
1255574048710496257
1260762531892736000
1246686151899000834
1252382838445338634
1249435270925160448
1242732288531738624
1255642009261551621
1246843967725019136
1251201759298695168
1241446158087618561
1240791818817634306
1238594411069652992
1255670763702681601
1244103103789649920
1269071787695931402
1252765854095282176
1262903445020971012
1237859074273730562
1238132339538100225
1262385373151399940
1264926994216738818
1255892771208138753
1244595272417714176
1252952083642400768
1241945123879104513
1245927968351764480
1238250885391794178
1252015975119101953
1252249135610310657
1254038159555526656
1245026331982811136
1242286898871230465
1238574980838891525
1258558491570118657
1249803244722888709
1239337401731989505
1242701401899380737
1239443691401609216
1245381959238455302
1257850229497495558
1262801522469076993
1237916714853175297
1241219990088491008
1257574270630322176
1237918770020130816
1253168068458577920
1245773849284796416
1239651280722804742
1256715366300110848
1247705792972820486
1243902286239346694
1235666442676137984
1241113505593466886
1245155063259111426
1260658908399460353
1240700495691276288
1255128339070758912
1240697920468291585
1244824473586540545
1249225257623474176
1250895518353457157
1253141251412692994
1258153023559303168
1259821857089490948
1264402613451325443
1245349084132753408
1246254092676202497
1257912785931042816
1249983983888355330
1242185141239386112
1248983057572528128
1242956121024970752
1239338437326573570
1247586038886916096
1253371318382313472
1261622393304473600
1244837890489810944
1254104311816163328
1238924073733849092
1235667878273220608
1242273871400755203
1237507142632067072
1253394679225352192
1243997045964275712
1240276313417580544
1258137015436140544
1239770996992880641
1241179376156360705
1238156264267538432
1239034785898651649
1238934740264247297
1246223120140308484
1267865635037601792
1241495220455383042
1261103885466419200
1262193833472909313
1258400776415830018
1239640972180557825
1243961109264154624
1262062453845786626
1241150466484043777
1242956632595759109
1241036757380071428
1246543059841622016
1235268135818858498
1253180251447930880
1239204094201528321
1247268813135138816
1260231532276518913
1261383034068185090
1249803253413482501
1260158397514735616
1238421006223581184
1244283207077560323
1241594773313654784
1239683695637921794
1253175273127895040
1243896273989701632
1257514043121827840
1250550302765432841
1249253929038360577
1240441942271500288
1261461538638094339
1253219172663865346
1248024423245979648
1263192754055757824
1255522497300176896
1247590710527889409
1236749986215473153
1246225391016185857
1239715376151375872
1246571611047759874
1242254988879056899
1242877724378742784
1236074591027683328
1253829969647669248
1244716387127435264
1245753235245326338
1257765299245518848
1252766921516298241
1245824153271308288
1243895310826590211
1260627837826056198
1246843229032636419
1261998344408309761
1238571757348544517
1270084701068410880
1252260246845886464
1245826572667572231
1239924277069197312
1268030216074661893
1260742343889649665
1239029370431381505
1254899460095827975
1254367504014741505
1240907806733152261
1247078517365452800
1246233922435985410
1259209031853490176
1239173848165167105
1240843448133005316
1259903786769879042
1261005432073707522
1246226308788621312
1259677002333814784
1251882409655754753
1261109354863960066
1262061725131649035
1238490629543473155
1257870498874175500
1240505956460609536
1257936751689175041
1246040353704013824
1255516885967343617
1254094452651692035
1247724993804488705
1239012019703107584
1252764804546277376
1260428280584429568
1243972258541993986
1240148693573042177
1237860892848599040
1241949417973985282
1239720627558326274
1254776665185456131
1257757951223357441
1240005230022078464
1254899116905291778
1244351731380748294
1247788877441466368
1246237680649867265
1238073876514508800
1244997525335138310
1252680927546871809
1263852092818628608
1238210900689027073
1246102012284096526
1260995756133093377
1253784631641604098
1260034151014477824
1249665719022817281
1236421405044092928
1261765713095798789
1265796565995851776
1257626973842681859
1250854365046415361
1265446782164774919
1245924691476385792
1248820102444744706
1257866038978412546
1243042102633791492
1255497036117540864
1257369421330481152
1240369645581975554
1237380873219190784
1245019591677554689
1258428638845952000
1267866211716644866
1259831783379664896
1237494913643827200
1253351931130654721
1239793633001381890
1257497555044372481
1244100448065372163
1240915982408912897
1241494795526299649
1246228947827900421
1246445482253201409
1237396278364995584
1242814915305525248
1238176874133622785
1258403858675576835
1242309026903461894
1237885326367965185
1261312076498296834
1255584535963676672
1241920594393915392
1253352163960655874
1240856432314023936
1247705088681967617
1252633994279124992
1241022848753377281
1241942718391226368
1252339896150343680
1237846729916968960
1239032304921608192
1242093603608035330
1254893901703532546
1241158655627661312
1250709054676180992
1244825874509299712
1262058879065763841
1242316913495203841
1253720021433450497
1239006241902428161
1258602897035624449
1252726707439783936
1235643016678969344
1246620222288732160
1238317109286928385
1251077521912848385
1253106941133557762
1251264846945046530
1245299633284427779
1237801042038882305
1241097822474207241
1262234425938644994
1258442547283853315
1259585342140755968
1249994728646549506
1249881200031916034
1240101344939249664
1243321963948511234
1247958760175304705
1237797651116146690
1240357925161504768
1262062055554715649
1243921758157225984
1243972753478352898
1259591990905393158
1239289393732390912
1237188315562082304
1237235246619340800
1245053440050507777
1253297260634480646
1240322333472108545
1239765609942069249
1237126062867390464
1244246498558251008
1238625316295368704
1240055915480518667
1255078436969877505
1244717975082582017
1253331636852191240
1249884038866898945
1248198711588597761
1244169576558067714
1248199868285362176
1252685168785199107
1257571214815637504
1240122674883559427
1247542471174713349
1254254717628227585
1255874524186324993
1244713069646884872
1247682984234409985
1262875626005987329
1240657314526494721
1247929375544270848
1247768910545317892
1259470353891557378
1241159693441138689
1255591322330771457
1253132880232005634
1239717311944294401
1246443521734819841
1253067100954013697
1239285189785915399
1254340547562668033
1257877318854377472
1255220381687914498
1257388621696557058
1244383686788816898
1253111531799273473
1239047866020237312
1238176137135693824
1239066667646423040
1253283885108035586
1246259602326511620
1244483069698019333
1258736717617602560
1253163586106556416
1239320396479987713
1252937616229576704
1238480164557897729
1254057039493554177
1246967445224599552
1238623782035652609
1252992162121293826
1238852272068734982
1239891927203536896
1251278427711307777
1252413157005381635
1243722996067577856
1251901600995717122
1259649265623805952
1250846024136036352
1250885386869575680
1238540969223630848
1249167702981332996
1247905030042050561
1239032444973658112
1243323415240617989
1255576508724322307
1238477502412185606
1250848980889751558
1253351957022085121
1246232513728720905
1261679957702520832
1243807516410228736
1250223422333992963
1242118823714619393
1238165986483855360
1254374707194986496
1243953335989940225
1243322533354426368
1252476221088247808
1244107792576897027
1260952445850718208
1243523932768145410
1244750387112030217
1245921457693249536
1246593608200880129
1241164998002565123
1258063992246984705
1260661275287326727
1245554891185164290
1240655054555807744
1258581256100556801
1257442874867814405
1245149529177014272
1240649797746507777
1247711115406163974
1253449109387857920
1238163478696919041
1251888583012757505
1254667183935946752
1259833066203250689
1262195903131197442
1244099259772911617
1257085524239618050
1252327675152281602
1269988914460311553
1258718803028062209
1249772820357406725
1242174768960454663
1235040112989351937
1238222577325297669
1247907273562820609
1252346719422935045
1253086020649828353
1250634379979886592
1244743816453726209
1243685097221603330
1258034716160266244
1238522718879973377
1245168960967970816
1261308405945454593
1241096529722707968
1239968798670643201
1269986752032378881
1251179083720994816
1235245735517523968
1254858360941195265
1253320220862812160
1252782034096963589
1241184387942793218
1239359530015887361
1254892298493726721
1258385723906052097
1243526306383478789
1262916703480156162
1237868170020556800
1262000186043351040
1244100950152949765
1234946429895966721
1237237014417866754
1253086671958089728
1255589947370811393
1248712405246500869
1245411968988610561
1254897160304410624
1261311555498622976
1245296702497656834
1254084480463233024
1266536302658363393
1251861265787609090
1251277583871881217
1255576819400617984
1244746683508031489
1241439839242854401
1254458108207915018
1238161804045533184
1240230863687888898
1249086068013649923
1267925138005204993
1246633129294651393
1237793746533695489
1243348185302663180
1243950964014485504
1239309013713592320
1239020384407748608
1245505504559980544
1255457951655038977
1244729607972163587
1243956243435323392
1238976917228961792
1240859453861306369
1253351295790055424
1239888981858439169
1242310731300769792
1252780025960521729
1241079360498655232
1261285586104705024
1254210633249304576
1243351065657061379
1259972824275574787
1239982526158049281
1246083366174285829
1256576161049645060
1247199981750161408
1238981469617430528
1261313975200907269
1256232016569348099
1239280874044227586
1251121951919218688
1238227342176276480
1251121170935689216
1239428564606427136
1237907950972403713
1245359139502665731
1245473902043770882
1247235107246702593
1257312770829086721
1246984143407403015
1244757796056432647
1245754962598154240
1244753062314610688
1243591322449182724
1245755534931828737
1237730794648604674
1243346487691620352
1256574037905588227
1252586919864737792
1237942798843854848
1243243606808420355
1245471228833533952
1248234828555857923
1238125394143989760
