1243379705354559488
1240732082713907208
1268884299362775042
1255865489521283075
1260277828328796160
1236040285043527681
1260614494214070273
1261893441967063040
1252630928880476160
1253719808400592899
1245130167535747079
1248261439317475329
1258820291259699200
1249340210413998080
1243303821528399874
1245425566758600704
1251515504717705217
1238026893401698304
1239653387970523136
1245724033884262400
1245820908780097536
1239347419059499008
1246090813081366536
1238639809666658305
1245102698653011978
1258413158995243014
1264954335261319168
1258872188893003778
1239911132338499589
1267655635685998601
1240377945941835777
1251760591569641472
1251147748205670400
1261782658977325063
1245566643415154688
1260584646519250948
1241759602959581184
1256383096091533318
1266486206562525184
1250830483409248265
1240637425724121089
1239563319582867457
1256216474936582145
1249723983488049157
1262817172792975363
1264680598892929024
1253631630318735360
1237854884960948225
1239605676403568641
1250245454773784578
1241125499931447296
1242662616562044929
1244636140256321537
1257026823109718023
1248990156583047171
1254120297902624768
1238338019167473664
1238452624908783616
1261663080448131072
1239873253746843648
1249384158788571142
1260579422748491778
1250449578517725185
1260314003441684482
1268159421730955266
1252664652405841920
1266427007660949509
1255535149300637698
1248244277408190465
1238661649843867655
1241537750987354113
1257298779147046912
1255318498710097920
1263521557353238532
1246403920076902400
1250798650827120640
1237835383787962369
1244806698411360257
1256390885346086913
1245125099705053203
1250131084521738241
1246826383139123206
1237442375993176067
1250807391979032576
1263846283858542594
1239583096103723008
1251838173262553094
1261614084979646465
1256389405494960129
1246109190680203265
1236964168739192834
1245445084440670210
1242572911480836102
1241086261722480640
1249459922233950208
1247621372844691462
1256390557129216001
1238912509148631043
1252688888226885633
1234973820005433344
1244454137300946946
1258872172694712320
1246915143700754436
1242164094402277387
1249752244741955584
1239742387112554496
1239957759325593608
1253146153174159363
1240195075159863297
1244844682640797696
1260553569272553473
1238973758876135425
1256296353958899716
1259863736136785922
1263203039621586946
1247242976520265729
1240260668508508160
1262722687631269889
1241880785659006976
1239494487442939904
1240292654312816640
1242448574555787266
1243380055738179585
1237893869192151044
1241553010049892352
1253675413542506498
1239260901905256450
1255083091691024384
1247650017692844034
1261898423353163777
1240136637398626306
1245104382846386181
1246308297877184512
1242586008971022336
1250138928964866053
1244993817813622790
1249742718793846784
1239488687462891520
1250922832709763074
1247663626137321474
1235519354126716929
1244080823269298178
1248465179844562950
1255994211234611200
1253349197522313216
1243596692026507269
1239864512649613313
1253709053894758400
1252043274971426816
1245062241273118720
1246267645638447111
1237593425064558593
1240134699823005696
1265704578038800394
1243379877052665856
1254777092429869059
1236026141783273473
1244760052474445824
1253308404799504385
1237752923058327554
1255866797884157953
1241405394091638786
1249528413288828929
1245822460664176641
1250135585760690177
1249725912653979648
1247868265004765184
1250136357764202501
1236191451576496128
1245864560927490048
1238795350485409792
1262526615524909056
1244627383778447362
1240719601475948545
1242947305533321216
1240797813476405249
1245712148564672512
1246858345526579201
1241192088433242117
1250778524996296704
1239870261203214337
1262914552246624256
1257770733880705027
1238261962506735617
1243239546797654016
1244366346810515456
1257490504641589248
1239573413158621184
1258757652529795074
1238167639840755712
1244945956732272640
1250197133459947521
1239750027679072257
1238437063927533570
1260555664243466241
1242584294914220033
1254439395710701568
1247609341034795009
1238277107500924928
1247671994847506432
1235457754950545408
1239580177883152384
1243381146076897280
1250814979567226882
1239365700420075520
1235412687682768897
1240421112913240065
1256361190445535234
1237901194649010176
1254949605810286596
1248300953700368391
1239215244091838465
1237746693736730625
1262409863700807680
1234916710110633986
1258706171231428608
1256390205965250563
1239261034491281408
1238592262684147712
1242226622180270081
1241872162031652865
1242412794990952449
1238638257497407495
1238881762324951043
1252277217905778688
1245140643489382401
1255963336732278784
1242560808036466691
1253508757260247046
1241400000917180416
1240879355334660098
1247264439511986177
1253146803886862341
1241429615803076612
1237931299832299520
1270346670228877316
1245763827209326593
1247514753884401665
1264220423232897042
1237888147716837380
1235718022020636672
1243986376737112067
1257471036532064258
1259500531053146114
1258373640879517697
1236282968559190016
1244763985792184321
1241001667220430854
1246422796906921984
1248987667603369984
1244020669693689858
1242226297377603584
1240268749661446146
1243335865704894465
1257026820840587267
1264736121633857540
1237693662403997696
1250033592522047489
1253429615504183302
1246609577619177481
1260667253055512583
1242452716481323014
1239758681576738818
1244808042102820864
1263449265122283520
1269699866357350401
1257415962929790976
1238586120750931969
1244264075414179841
1260568650253324289
1246196653498998786
1236085885722136578
1244626276507430919
1247336359284690948
1246584875160870914
1239332926833283073
1264250094393663488
1268915221105606659
1240960291833294850
1261783377709015042
1250987366698946561
1242496588943147009
1261092198529019907
1263634181457838087
1237891279935008768
1244957654650363905
1261781982272540672
1250121207078363136
1236399327393861632
1240395304723189761
1255887828656979969
1267288054470934530
1240956720458973191
1265964596004900865
1250660000395034624
1243783566409990144
1237835182272663552
1245190549205901317
1256394402878103554
1258009591440343043
1257026826125414400
1249505455312904198
1240981324078383104
1266550240959660032
1264267669135646720
1246995850158579713
1243287319886643202
1245993663664197632
1237338426845859840
1240767163046277123
1254843352287240194
1250693875653578752
1241132424702164995
1240723895835070466
1242852010421936128
1253707611469471744
1241563102421880832
1246586397697466376
1268282323906240517
1249283661125619713
1244658403353526273
1237347677525946371
1247298226815893504
1241708572758728706
1244283659718402055
1265989856246804480
1263175516003205120
1241800543615533056
1245799499081154561
1263666278021070853
1239949476082614272
1236648438881751041
1260013442246705153
1237922913619189762
1237853728729784322
1260568259042172928
1243904079996338178
1241518875453374466
1247527345545605127
1244993201313845249
1255646630721847298
1242595478765735936
1244057273187676162
1239643925624901637
1254436739235667968
1238269988919705603
1239224340698345472
1250126756255760384
1243671829316861952
1240610771635245056
1269014158424539139
1241578203229163521
1258210276144492544
1249682880927858688
1256393741096681475
1250870419416068100
1250741998421716992
1237745154842415105
1240382629259743233
1260770240247599104
1250300280878424070
1244112623882448896
1259901308175355904
1255663075790905344
1241149638973014018
1237917066553954304
1244102311288492039
1250241235761221633
1266744292736983042
1242153189111201796
1241902939654021120
1238686527615643648
1237505165449506817
1246104303124852736
1237815025122893829
1246519812022558720
1248005279288967168
1238536462326431746
1241853380785512448
1248465282726629376
1239905070885502977
1251128920344330241
1249682534784479232
1240382836307382276
1235347469636165632
1242862361255579649
1254691644990984192
1245440108133789704
1238086757461176324
1246651632718360582
1240982162603728896
1237539633455435776
1236111758168936448
1236656563063910401
1258009642963218432
1238532879468187649
1240986501397299200
1244724033268133890
1239225862857392129
1242137048426872832
1264268097248247810
1266119053938229248
1238971686168547329
1243630926015410176
1249719098797367297
1252982260183244800
1259889177317031939
1246134452406947842
1247683252741124107
1246087283004116992
1241451204368044032
1263630041184907264
1242091901437775874
1243432032077778945
1257813964748206080
1249897116123762689
1244671189307588611
1243543599616270336
1244377399111888898
1246461288366125057
1236053972932321280
1255224534048952323
1247120863620726786
1268222793595920384
1246907734219460609
1246077515451576321
1243513921132265472
1236722223832018944
1249686388397793281
1252736225204752385
1257096622678384641
1239711734404972545
1252232152453754884
1236467140540141568
1262962381694607361
1245734273312841729
1255685522212749313
1238130830729412608
1255685489643925504
1249850969187377152
1240936942285488128
1239318590299529216
1237453628224540673
1241432664822951936
1245881439163494400
1252294054601207827
1248583436195049472
1240412841372463116
1246869889316421633
1235726644071092224
1240831471855812616
1255172985515843587
1239822376331874307
1249821741553192960
1238354854206148609
1250052270407942144
1258009680963649538
1239672386338816003
1243413305554636807
1242893494986866690
1248918447108603910
1239948033594359808
1244391462323838976
1240714890555338753
1245005693964386307
1244315809389916160
1245312484946456576
1240271961906872321
1237391540697235459
1251805231454838784
1245310503557246976
1264967509960245249
1243998348295704578
1258217465781391367
1247318903266648064
1235602998249713665
1254825651326062592
1257747524636610560
1241526850809184258
1242577249880211456
1243611145765826562
1248615116326633473
1244284977036099588
1243546893449379841
1239158686200848385
1250622599945650176
1255546477381857280
1249149079738822658
1254073373358989312
1240827553935491072
1239942399092277249
1260704847713701890
1258060984498954240
1266076849387507712
1246528592676360192
1245645707408592898
1237897399399522304
1236840643093200903
1238593427979284482
1239642419982974987
1241903558448099329
1260278556514488321
1263728389539545088
1238572544581648384
1255892072781012994
1269962428214886400
1255134039507259393
1249427486028566538
1256793492325531650
1257474630568292360
1244073114331500544
1246601322369093634
1237369145794211840
1242903599706931202
1239954529287843844
1240426066600169474
1267936153120002051
1259670646101086208
1251175032946073601
1236145763857715200
1251857084603338752
1253791047697739789
1239777455776231424
1242478414298263552
1250854124704403458
1270393169688084483
1252960894138617856
1238619009114931204
1236923792712241152
1254042851698229248
1237672140318572544
1255108277307944960
1237810221315219457
1238837670975090688
1245475854416859136
1241343307004940288
1244699378436255745
1238564543036633092
1263575891445252101
1246878061389381632
1263575882284834818
1252333694637027334
1244072062546784256
1245380873358376963
1239730061340803072
1243543443848269826
1251134134602301441
1238498204649480199
1236465092788719616
1257476106690666498
1259935930145783815
1246814958245105665
1251847453562810369
1252286874363838464
1257634200901029888
1240430591792812033
1240077511117148165
1251200577599606785
1245453336091996166
1241542278834991105
1260976327936692225
1242081059057143808
1240440709754302467
1239682797272535040
1240680006549934081
1237873852090175489
1262138978804916224
1243611954180227077
1239381626460782595
1249129992342122501
1263189569761161219
1244736787685220359
1240215189867421696
1258249103261253634
1248622617747058690
1256628683525304326
1252953335000424448
1242599760663580672
1261104315575554052
1250459943599300608
1236517204696477696
1243405447211528192
1241458971413798917
1258593710641733632
1249036500223897603
1253468529992630272
1250776439693205507
1238620049767829505
1243527099538956294
1237913283446915077
1242483326260305921
1239616170745114628
1246439234233393153
1248058446903152652
1255523274462760963
1247810232782401536
1242921049504841729
1251143828846903296
1236719180931633152
1241492317015617537
1245836328199127040
1251887197780836354
1237900298493898753
1249149901545648128
1241973488812011520
1250946367935197184
1253447782934986753
1243569182660321280
1267452101472530440
1240240582448107520
1250100060395798531
1248627151634489352
1248624985763016704
1253367284124483584
1246217791348387841
1238292060115009537
1244826026817060865
1243389427650461703
1256318995579277315
1242644135414300674
1236985619194294273
1245252837128445953
1245809851219038209
1250166156092231682
1247251014505431049
1257368274796531712
1243971411187830784
1251949455806521346
1245520525994143744
1243969573327720448
1254810415789465600
1245255737485426689
1237755501821284352
1241928369022947330
1268959623412879362
1250098817120206850
1253687077952278530
1239443285539729409
1255826257247440896
1268522710474391554
1249148706819014656
1258032292343296002
1241916830115135489
1236346390512623616
1265804728878972929
1243177080289923072
1246616204334292992
1240073828539211776
1246768166799380480
1243372416321179648
1253721538269978624
1255925837972586496
1249022353738260480
1246992764170051584
1239028959284781062
1246258715445035015
1246442719544819713
1240113202098249729
1235395713636261888
1264615971169472512
1253467113190305794
1258784242126983169
1244151746286534657
1236442330326011910
1238632310951600128
1255309286340689921
1255190571855085576
1269976183522951168
1240112671208419329
1268702954351140865
1253163677416644609
1243660436198895618
1243663456877887489
1247580337594646528
1238486636595470336
1246233363020742657
1237845370262016008
1245559292402511873
1238095198321770497
1263310442950266881
1236257200584167424
1259872538588577792
1242937300239204353
1250848052656648192
1260994494926917632
1241112465586499584
1241585487292268544
1261023016726794242
1236820053053579264
1255552508073828352
1244397726500106247
1255146374833684490
1245676938007584768
1245457896911122433
1249011744153927683
1254735233972305920
1266485969743753216
1252192707155496967
1249174028524359682
1237392184661258240
1238996226324004864
1254988802894057473
1247996684308754439
1253475382101245953
1247996139137314824
1237880108771233797
1240074308065595398
1239673981927555072
1240360643900907525
1237704100285952002
1243964196531904514
1244750111005171712
1269795134650155015
1244716582993092608
1257356173549977600
1252990415562833921
1241151451705028608
1235409448065212417
1264601452300902400
1237886265220947968
1262795987283738625
1242814871726669831
1257454234674573314
1243541616549416965
1250763252360937472
1246037013788274690
1240104792900489217
1245005683759742984
1241725394405019649
1242568663116533768
1252989026413563906
1238064034999648256
1250489080107982848
1250220920234442753
1269442714602549248
1248668306829123592
1242566964842844162
1250466300977205248
1250466536235515905
1243928209005174786
1245565541756080128
1237804822809755648
1243688011658919936
1243904734140010496
1238093919306612741
1257384529892950020
1253114085182406662
1258596467436146690
1252451887531667458
1251201428435226624
1255882732405751809
1262072124342243328
1260789546507264005
1239716108522881029
1240279575910891520
1241767753796780033
1235969842563428353
1266468022325252097
1244709416441708551
1238223357222563841
1262726916177637390
1243322149567430657
1258401227517370372
1238855474637914114
1262439639882895366
1243948958935891969
1245924265322598400
1240273956579561473
1239217772489515008
1247358376096432128
1239027535637295105
1240007382673035267
1252987675625357313
1245702514789449729
1251949832572461058
1253378835816550402
1243189970560585728
1242563671278202890
1252761900871569408
1240654765098504193
1250893507272810498
1241337297284534279
1248481119613272065
1238846302550704128
1251950841608749059
1245681784316141568
1247708100452323328
1255492651715047426
1244349795340148736
1246048465622388736
1253465104017956864
1241380384828465152
1252290180784050180
1239030035501273088
1254102886386143232
1247913625219747844
1257724588601065472
1261319016767016960
1249166554614423554
1250787136464437250
1245145431098757125
1244188350862548993
1266306329997529089
1260972417217945600
1245922772292788225
1247899298018156556
1241907259359272964
1257433016743481345
1243688108073328641
1243961948741435392
1238528621813338114
1240319850372792321
1260037736615964672
1266372510540419076
1253500990566924290
1260139357689786368
1240101599047028737
1242512481664282630
1237205920238706688
1241337870524219393
1239287652647608321
1258036985597394945
1250149053486247939
1237908921244954625
1246829540879609857
1237683136915558400
1242817834197139456
1254503510651043842
1245500196974403585
1239632017706430473
1250415499403558912
1254423175695339522
1240625027646717953
1255188300694016002
1253354864542957570
1237917772941856772
1247718140076797952
1239356702635556865
1248774874493005824
1247006285771522048
1241065491294273541
1269732507077021697
1243665319354413056
1236931145645862912
1250375634171371523
1238994361540661248
1244964839312818178
1241424009180393472
1248021264318337024
1245707228499398656
1264190555124367360
1239982442993385474
1238844012695601153
1251950352636809218
1252068973476274182
1253852647267893248
1242900286127161344
1258262299283984384
1252358165745659912
1246593435693350920
1246465990906560513
1256097646240030721
1244750113471434752
1239133273495920640
1262232941117218816
1237793209465569282
1266536286220845056
1241070990542716928
1267178655500972033
1250547198871379968
1237035241673539584
1259148012959543299
1244711868113002496
1238855462721851392
1246635670749286401
1237730082120228864
1240859083441389568
1245333889062707201
1245334554812059648
1247136526179450881
1257145598140186624
1238145492741238793
1244331222404403210
1241441645159211008
1238146026772615168
1243644973444186113
1241846241841033217
1247089615103766528
1243018404207960064
1252780646617014272
1255570548186374144
1261439080723886087
1240858835486736385
1250546651053391872
1246082747250196483
1259970400592814084
1238809782007615488
1264816123473690627
1244755943117803525
1242183338254913536
1245755467470692352
1243542033115099136
1259476767645093889
1237031355902504960
1250383545228578818
1237941630252048386
1260729405078372357
1243595215505670145
1249824205476110338
1258091891419164672
1246116781988745217
1238128727940349957
1258091856296099859
1238129176458285057
1246113535224090625
1245760023080374277
