1252963646378053635
1256034383196192768
1267196534287994880
1239748444027322369
1243885730192977926
1255851393199505413
1242196587025248256
1260931711690366978
1252388733707378691
1237137587933982730
1264606510463832067
1236263814540255232
1262531461548257281
1239295849538207745
1244675098474397696
1241111533012254728
1238971040803454978
1253629718278090752
1242191662983589890
1244196161847779329
1235709407515811840
1248693032112791552
1247277925008838658
1241941213361684480
1241837545631232001
1242535967724093440
1246916948212027395
1237220214762242050
1266402379085352960
1258795601636077569
1244789351239819265
1247609264698425352
1240760385004847106
1239863477306564608
1250806000434716676
1247514261368311808
1238325213336678400
1250519815464398848
1240522877360840705
1253070766767251460
1250200083456503809
1247947359683837961
1238584120831348743
1247338104618389515
1239300492402049024
1260311162073145344
1237851126357098497
1238586171258789889
1246925542575800320
1252604525887643649
1244284818474622976
1251933925569638400
1258833555607732230
1265036170167279628
1236809900623310849
1243738053568536578
1240192283292639232
1246217617347620865
1255341232437501953
1258902306592034816
1254749136869642240
1259271660001284101
1239782238427983874
1240096424211238912
1235787558728216577
1248757121992331267
1254808642781667328
1241105301740421120
1238584700740001794
1238416718646542336
1251346233387606017
1264278355316260864
1261688809990828034
1243733945222598656
1240712629527560192
1252210546830716928
1252093322857975808
1252646253143482369
1246192621472690176
1245135284263583745
1250148196585701377
1247300199808225282
1257807194801803264
1265837619482701824
1240971241932099584
1250782861415890945
1245728676509110279
1243981078995533824
1246822960176005121
1240910316340469761
1249052925210525700
1241403109764669441
1268595964195061765
1238583059777191937
1238216174975975429
1238585350454415362
1258452671213813762
1258080354017202176
1246267671236300802
1241011528226258944
1243584578801016832
1238820688821211138
1246901652482859009
1241033158239420416
1246239375702147072
1238170528227131392
1252704853836664832
1256181860255875072
1242198722466983936
1241434272327774209
1248669207862087681
1239256413597306882
1269660780061810688
1245116657162506240
1249051723102027777
1237775774515691526
1256595360123883520
1265816198194872321
1260615626344800256
1243427693246312449
1268948823113678849
1256002930764808195
1241899264386772992
1248652860692271110
1246579003013595138
1240328690682212365
1250124424549928962
1243219732238565378
1237891800024502273
1246488751687294977
1258529640152395777
1248353840686141441
1238277467145744384
1237132440449187840
1238582664921260032
1249065728512274438
1238143777870680064
1263903824835751939
1244791667313520640
1240333640581644288
1239348334609010691
1251094449087827968
1246477052477353984
1258878805793542145
1238077072523898880
1247298025539731458
1264397363734593536
1244780245116432384
1240094738402947074
1266395494474854403
1237857018582405121
1252232616507346955
1247516831398551553
1246803799907459072
1237723660028383235
1246994561081237504
1244585454319685633
1252819776168030209
1245729993898045441
1238676566814732289
1264985838611464193
1244412884039405570
1248672072756342784
1255472822589292544
1238796821897588736
1247297356825079811
1250134447283933185
1244804310854021121
1245198025825419264
1237151538113585152
1243487041003929601
1243269940012032001
1250474008182697987
1259653636046704640
1249403802324697088
1236363585992953856
1235627168501297152
1243215429042143233
1244971463473606657
1258104844604313600
1237348585160794112
1265385356347785216
1250994019024490498
1258074575667179523
1258453233334472704
1241510138885951488
1238077332419723267
1246461688565641217
1249018105562566656
1261649006142332928
1241697385157472256
1242112435777081344
1237758247756599298
1238170402188386304
1250963187232538624
1257095772081991687
1240770310254874631
1239250255843115009
1236258311198171136
1259643432957620229
1239612904053276683
1249032989650104321
1239261090384576512
1237123637666332676
1245795379658067968
1268223954407260162
1254115434682597377
1240077137874485256
1255900776410615808
1252540417805090816
1258173893786943488
1256618500115902464
1270202405964132354
1241355540258787328
1250255127254097922
1258529483654455296
1251205103111098368
1239736041571057664
1241884023011659778
1238271896254373888
1241257638765215744
1244959403805151238
1248767183846604800
1239677637582295040
1251698917516947464
1250871211040616450
1259457966916411392
1254080229892653058
1237725464069844994
1263915093567451137
1251538037814722561
1251205198112067590
1240007528563572737
1240741036860870656
1264212473227481088
1246258033744916480
1249634192494903301
1269061386421907457
1241836284391428097
1240702432369209349
1238605009773907970
1253839010255994882
1245833552916361218
1245091109895835655
1246247619384487942
1257452103229988872
1261631881411526656
1248203428653928448
1245114200718036994
1235729809977851906
1253409274413252608
1268862093094195202
1255939254213120000
1237896382951776261
1265695331079073792
1243026873501786113
1240081143669706754
1267875890953846786
1245017819567271937
1238278617207095297
1258813933424689155
1247563064762916872
1253508601487994880
1260542919871692801
1238608670549774339
1253492694606925824
1256303754380480515
1252573848521842688
1262559000010256385
1251840173081583617
1235053161552859136
1239305734497669123
1259878619108855815
1260754524425379843
1247649864248426496
1239664938181955590
1240039543585325061
1242230908926689282
1237861005473878016
1251840973665112069
1255126861329453056
1244090794044243969
1246870197966954499
1258581925306007553
1245799252103696385
1242216048176349184
1266036637529604096
1242206104198709250
1246229350179110912
1239022768999596032
1240286609423114241
1249438005162659845
1260300072195063810
1255266454401953794
1235973417817554944
1258542529437298688
1241496504273117185
1255209381270106115
1252786600960024576
1246273039018401793
1240085204305358849
1237092757388300290
1248705342046965762
1255553466992340992
1244683520880115714
1239515713259409408
1244245600675209217
1265305971288674308
1268515453619654657
1243926561507741698
1239010568780091394
1247307732983656449
1260747797915197442
1256290220636585985
1245814827081183238
1244593462328033280
1253373323712565248
1256305121379549185
1266409494159986690
1243928059251744771
1248208618777989121
1244308893985013770
1248373142927462401
1244349385632292864
1243666899914960903
1245053023182880769
1244486186955046918
1252248686186414083
1252790157981425665
1249883951029780481
1238602619096096769
1238254967120629762
1239270515036078082
1240088524680019968
1250411922224304130
1249668823214587909
1261320631527800832
1237194220865232896
1264288693763874816
1260565229211181057
1242611194751574018
1246918674449121288
1244355777097338880
1243417381365415946
1256277159620026371
1239784922459537408
1242637360405323777
1247537466250166273
1243579766772584448
1246540905391284225
1257279467866775553
1240348768823922689
1244247861530853376
1250596448556781569
1243754479461285891
1238580451188580361
1240541828350390273
1247534207837958144
1249489200468107268
1236250749752967168
1245147582839623681
1254939100500709379
1253771164956200964
1249388916312018949
1263214128325369861
1241060504921088013
1242565487982252033
1255204885525598210
1268295437582303239
1236143369342144512
1244354673529827328
1242602226775973890
1244356183252783105
1243687990850998275
1241907148394827776
1242610730383409153
1238842407975817216
1255283341231902721
1243689995233345537
1262625046843047938
1256694881487069184
1241370507011899392
1248555110264963072
1266048957022720007
1247746795402186753
1237162100818169857
1259584278687633409
1244356498597298177
1260641156653858818
1252358895097352192
1245578732825276420
1239174763467157504
1239032228254027777
1240370989575397378
1245504900626292737
1239177913771143168
1241100032557940738
1243918621371441159
1241059229219381251
1239282011203829763
1242692584323112962
1247581785569087490
1240552403381948416
1258108020858503168
1254136714513317895
1255460144441364482
1238244530433949697
1243348360230244352
1259042377588707328
1238580060040441856
1241073511906660353
1251951131221274624
1252970025780236288
1236931701009461249
1245075691521167364
1249679985599811584
1244304661710020608
1238581781084979201
1240851553533263872
1251120020437991426
1245668011945623553
1251121213964984321
1253627198533230601
1255944009559814150
1240694203102818306
1238067958187991041
1253371095748677632
1240707965511815168
1240783191927148544
1247540776738762760
1240317102743072770
1253085747323830274
1243348859205619714
1264591057628561408
1242171797874921479
1243020802120986624
1253622541530345473
1245475412643328002
1244730028161630208
1252355344476434437
1237910259441770497
1238146382848024576
1241411186928881665
1237943270883328001
1244752216050864128
1243595420347125760
1243594486258728962
1237944092597903360
1253809428287180801
1245762383882190848
1238126422671134725
