1238467049904656384
1255276836784914434
1250487561858035712
1269241744652206082
1242089249899503618
1240987318980403207
1261662469212319744
1243584281655554049
1238056032632483840
1240778727518330882
1259354950146105345
1244599902484774913
1246151263034773505
1253025126792212480
1237744395409121280
1246818840266321920
1251502686115172357
1250107939421069321
1248399221125812229
1268937215943610369
1251064531381518337
1238863710199984128
1246151006012018691
1236366612644671488
1240138710026461188
1263200570225168384
1243304144888348672
1240744052468920343
1260206043335884800
1243708445397790727
1245330186306027520
1256034848290070530
1239536455569084422
1245326388602830849
1239369294175182848
1240744946468040722
1250444570191704064
1242421656599044096
1240299742741045250
1240395665257254916
1249382141047250944
1245543277639630849
1240836576353157122
1253425204220399617
1250708484846477312
1248088100104024070
1253552773632790529
1263083059282354176
1242782442202808321
1239390177971200000
1252685707744808966
1249359713537601537
1267248621763919874
1244070095120486409
1248273558217900033
1260602921831608324
1244606226094100480
1242053812862492673
1237851585960501256
1238893967699251205
1242213092379054080
1239405882468962305
1244436064468688896
1266927942740971521
1241448658681421824
1250810528915755009
1251149476510629888
1250950025380798464
1245340478473736192
1238241114014060544
1239261232089137153
1239739018897698821
1239406697476751360
1260214396112044033
1264610820950016000
1255276841587347456
1253029008817696769
1248202251241488384
1253672189703970816
1252716976595763200
1243984609924259840
1255540574649712640
1241739172324487168
1247516987565191169
1242156438300102657
1244296443474649089
1242441974940078080
1247299638497083393
1239581924622024704
1267998739328835584
1252670738441687042
1250107905287880704
1262818486704881666
1243334488656089089
1244558089862500352
1247972125861974016
1242571885860225024
1252484438094733312
1243302112613797894
1245323609570267137
1254841501034721280
1250938411244011520
1253150570711519232
1246861062974181377
1245327275966582785
1238783945078116352
1253077080251813894
1255649812168540166
1247366819330928640
1245742184860614656
1235575195806638081
1245630066295328768
1248074510441615360
1239898997764116483
1244971126578610178
1240604596957036544
1265608910385315841
1242809135902732289
1241867547445772297
1245802046411988993
1241253104395354112
1265975638277738501
1240434120217563136
1240397370120175617
1257647661936672769
1249734828632596484
1258555880506830864
1237744459766521856
1267253099439230977
1267798125206536193
1242804273244778497
1248225020561760257
1246824026506395648
1244640489724350467
1267617743425212421
1239257214373842944
1242592907359653892
1246420988922822656
1238453444966526976
1269324949602304000
1264590015562223620
1247173440068620289
1242948464444653570
1259913638346813440
1238199700655915017
1250577320936722435
1238554687470817281
1235710630050451457
1237014171583229953
1267612505679028227
1255771280239988736
1241811685574414336
1244432513461862401
1237133896061419530
1255649813221257223
1248314650619510784
1242785655488479232
1246821431746363392
1243274275475329034
1240639018783694848
1244647171640758272
1264523587144298498
1243977640207319040
1239651021510651910
1245432611289341952
1244368172632899584
1240751552752689152
1239687901811793920
1242830334867247110
1237208841625972737
1246521090651889664
1257522699263451136
1250629405761822721
1244325212595896320
1245112437541666817
1249522746968739841
1240052369410461702
1241193380002095111
1248399219687182337
1246821109435109378
1246424273981526016
1270153943604178946
1249746809653690368
1250660000046944256
1265017201305714688
1240747806501023744
1238943246929231874
1241104495981072386
1240273166456492034
1248716367530020865
1240049289390362625
1244313930572455936
1267549246665961475
1265350272076976128
1267610736479498240
1268467606882836480
1238235854189088771
1262715166283771904
1239755700781355009
1269856298042040320
1238307766357372928
1248789955482210304
1246146192842645506
1263702700870504448
1239746229317271555
1238102165245362176
1255236892968259589
1247470407394963456
1239193728503480325
1238448195564441600
1253022801021321217
1267435029761646593
1248729087503478784
1237751739807420416
1241892396729880576
1257776717357371393
1240395264302764032
1251206251331158016
1267595467619217408
1247675859068125187
1246138981034549253
1246244245763239943
1240421301015240715
1241211969643991041
1239998423966908416
1248279780677636096
1241998825029611525
1235998485138288642
1267597669859569665
1253053000312029185
1244270079761682432
1264589100998418434
1257407710062141445
1258803296002768896
1256245895991042048
1253026952342048771
1267018361776615425
1253384698128150531
1250033732100259841
1268679616656486401
1250090934261485574
1248766951096229889
1253293472880230400
1245142244753096704
1239883813976788993
1235626964570042370
1257322272135626752
1248448746238730240
1238747028546519041
1238305163653320704
1253723196127404039
1245111897000730626
1243160059816878080
1241743024033599490
1240046054436933633
1245714807229222913
1241738288588894208
1240039881562193920
1260584679490695177
1248303254917779456
1246067813137223681
1255612887994961920
1239215041251102720
1243327109952614400
1238645385758990343
1266724332648177666
1242254515526668289
1250451928133316608
1238652991743426561
1266171218459332613
1239027573272784896
1242972597899403266
1246187177052180482
1246148360064688137
1240394597324341248
1243363291100930049
1257815007921831936
1244262599707037697
1255485331287277568
1242454430949289987
1240518510989672448
1240760062735519746
1245721316579311617
1255323980459913218
1246149349710708737
1255612883381166081
1238305176529833984
1242668664744222720
1240761351917711361
1255477049805938692
1256943678263877632
1255276834188677121
1252887233402560513
1242951180403310598
1249744781347115019
1250107907439570944
1245275790142570497
1252816168424845314
1235998298147864578
1245418994259185664
1253444121815142400
1241417826604331010
1266850767274741762
1240756057032527873
1252326283381542917
1242856792180363264
1237583523864670208
1245129140103151618
1242975285483646976
1264524192747327488
1245044805001981953
1246207082086445057
1237013069492039680
1251206250290982915
1246144393322672129
1242948711690493953
1267637932430700544
1245731817929478144
1267259679404699648
1242646620522475520
1238273816591286272
1246141494370734080
1244338415560253448
1247947354986237955
1261348697885020162
1246462605901942784
1270133292499718149
1267446767215194121
1245719086199443458
1246133152957022208
1246538986065211393
1247526028475428866
1247523516234076173
1246193676935745537
1240772767982718983
1242581033041592322
1248004728509751296
1239881518945878017
1245734998969397248
1242032756978331650
1255296022680608768
1258421027706716160
1242560840290664449
1245434304148246528
1240610888412954627
1235575704453918727
1235215659749036032
1240380184571846656
1245764877848842240
1239871785354526720
1245793627785302016
1252816166793306115
1244293190049574912
1267449585322070017
1238101684154503168
1246819756952424449
1239390856659873792
1240740958326665240
1246810400525553666
1242974032678526978
1245430809978273792
1248673541983264769
1255162290653011969
1259895989902741504
1257466103212716032
1248074511741865984
1238134633050619906
1248359561024679938
1266591150879780864
1250027280690266114
1248670970451300354
1267138570537615361
1252685715227512833
1252685710089490437
1250092319782703107
1243511454386597888
1237923891399573505
1240573001793503234
1256281741662261249
1244374072856850432
1239745523667566597
1240763539343769601
1240801398893228033
1247526026613108738
1244905692999430145
1258061026513149952
1267270878846423052
1246792413290643458
1259306424779321351
1267268749968670722
1242163947744169986
1253574842508550149
1257466099517587458
1238591222077325313
1246647246415896576
1240605570161414145
1254864953204289540
1244313046069186560
1240613358455394305
1250577317916704771
1255903051564670976
1239770259269341184
1244609070188945413
1255649816102699011
1238636440910692353
1246192043568910338
1262813536922861571
1250519169289904128
1240068883563888641
1239909244209696768
1246521015754207232
1244266749073260554
1246939832489840640
1243123479383347200
1257324526381064194
1242477609881161728
1263548178218901504
1244695493512396801
1250033730263175170
1264525842232807426
1249142599543336961
1238517507398471680
1252238476105314305
1243727928401317890
1240272408260599811
1240603914036281346
1241892973484408832
1245732275209240580
1255476232499728389
1242441416414056448
1267058924802519041
1268679332685324288
1264459561970302977
1253512211114405888
1253512210166566919
1267990070721740800
1252816172342337536
1250247985306513408
1248202253770600448
1258088078834630657
1243271134038147072
1241696266322694144
1240638449146834953
1253512214004355072
1248834939346456578
1237961763066388480
1253028749660086278
1239616351918067713
1238876530136231936
1247349629575970816
1244254676893216774
1246458258929463298
1247521731041841157
1237744633268121602
1257874876574109703
1262963801776967681
1253378875255595010
1242366545503948802
1250577316964716544
1246137984581357578
1238599618184839169
1242084586064093185
1242999835747377160
1242287406029721606
1239240269503115265
1242152910374518787
1267491642124140544
1247573598191091714
1256026184875466759
1248359562345930755
1241030310453788677
1269224164830912512
1248727546981765123
1248252435430281221
1254051075570700288
1255258822899310592
1252913698416574465
1246587903234445313
1237919769006923776
1238566031439933441
1246812261823451137
1239249941559685120
1252952746854158336
1240415974672736256
1267747119462518784
1241884143551688704
1244405556867186700
1248529475597451264
1245353379074838528
1247439658788818945
1247301501078421515
1266944605561511936
1250983065226182656
1247864744909901824
1241884363643641858
1262859258544209925
1242060339182698496
1255771287756197890
1254864948850638848
1269210429403914247
1237328156434092032
1246194508779458561
1240331442560868352
1242958965631303684
1244817916094304257
1243704470585798657
1256027193639133188
1239209151110275072
1247324075590144000
1242019631348449280
1261710753259642880
1245883155510419456
1250948831061127168
1267606206954291200
1267605846294487040
1242927600428859392
1244279952259899392
1245373466230079490
1257466100687699968
1243656608330190848
1240603522779041793
1247329429539389442
1252032211420942336
1242483485257973760
1246456109147262976
1267750558632378368
1237921232638672897
1242197384949530627
1235809046717845510
1239516183751204867
1248004373839351808
1256026181129945089
1241520729243504645
1239239770083078149
1240023334915538944
1261732594963689473
1254846241487425536
1242955319329689602
1265809156730236933
1267608963379494913
1249817912162091015
1249848040552308738
1242434027056922624
1255903047835942913
1243344938886205445
1250202274556719113
1243928264655212544
1253435169899331585
1245340830119927809
1269650484614184962
1264933826490511361
1249630245013139456
1239730306934071297
1267509431765532673
1253294588124676097
1261752392091152387
1249033039520370691
1240138713495199745
1244687386778521605
1250983068703342594
1239362612569296905
1251234598920556545
1241852590243164162
1246777957173071873
1254932458543480838
1246138956074438659
1263545290109444096
1246924107486236672
1240034406619848706
1248789230547066881
1240609986209820672
1242071661245063172
1243340137267900422
1247157504959799296
1269249883485220864
1255771281909321728
1253646118023581696
1259995578001489921
1248529476700516352
1243214322702090241
1248967650300121088
1243713638747246592
1266794293202685953
1246277514777018370
1250983064282554368
1253037554523189248
1240010284552634369
1264579480695246849
1249871140396376065
1264212133241331718
1246054680414822402
1240627565905272834
1248999999393890304
1248125855647268864
1246054950456737799
1237508313010454528
1249252131397414912
1248702566357258241
1240682611200139265
1244656600754855937
1245461485318549504
1243674828449685506
1247975430130450432
1240814027732922368
1252344913728925697
1247975431774535685
1247564930418716672
1242879113268015106
1238832440652763137
1239383331093065731
1244031595188715522
1267831612546441216
1268701352580075520
1236694288949526531
1240644795187499011
1247470408544260097
1239544125059477504
1255686464731590660
1250708483906899968
1256026182216232961
1254831556960620545
1252572989012377600
1256650085913501697
1251200855321255941
1242267543773106177
1246966097691238400
1251263087962923008
1249817911029571587
1257861625383727112
1239515150710976512
1242933264068861957
1250775094504435715
1255612881242112002
1240806348574666755
1251865718502518784
1243187243939962881
1248128788434751489
1249668872053100550
1240589488721727493
1270129188452909058
1244725106657693696
1244657772693782529
1267609681918230528
1269791239571898369
1247082861674536961
1247992586423459840
1245094979229437953
1254864950117363713
1267255007155490819
1252952751346200576
1249994427931799553
1247355123376013312
1237920553744416769
1252008312415162369
1238777807309877248
1249622029000675328
1239381365843509250
1239542766520107010
1249482793278754818
1263480939797233665
1246458724534927360
1266276990878793729
1242921787027001344
1267836841312636936
1252030812834484225
1258431058082697216
1237844614947594252
1242241333483503620
1239240517914894340
1242239936973148161
1242242326199767041
1242083537563590656
1245878869623799812
1237916086873489408
1270006257290625026
1247142519403659266
1239719616181678082
1266815771273035784
1250891002937835520
1265057530314723329
1244249938978050048
1240622044594700288
1237744575193767938
1246570649109356550
1252952747818856448
1247991289796149248
1256333426602336256
1257801122586210307
1240852273057738753
1241565960634535936
1248881224606769152
1245512326440275970
1240251327176982534
1237052149034627072
1249810708214304772
1236747076249190400
1245557515716366336
1240085769055805440
1240245710630670336
1265747464000360457
1244250852241661952
1260000457147084800
1257883249256398849
1247153746762764289
1238313968042737664
1248624015452733441
1244250352741953536
1245868946646949893
1251206253705072647
1249031906391457795
1237026048186953729
1252344917847707648
1240761007347240961
1239706570281357313
1247324076995219457
1246618020639891456
1246042252172025857
1241489274425479168
1247292161529430018
1247542363448172544
1267504325414105089
1254565316027396097
1240023455883505664
1240362951086923776
1253085112788541446
1261733098749931520
1266821636428312577
1239240110346047488
1246142098799316999
1249019230374244353
1239714118359187456
1248427901562699780
1260351010578542592
1240810399353565184
1241513754900209664
1243155203647553537
1248174799601491968
1248427903554965508
1250176382036041728
1245808494894297098
1255618536120213509
1248174800943616000
1245903953512013824
1241795742563328000
1246832445426712582
1268015885295501314
1252280693478039553
1241504203832516608
1245856960735408130
1242919059555004417
1261634486413996032
1241039219235196928
1248653287248867334
1240078950426120193
1236143507070504963
1242407134144409600
1245828084823097346
1251902113409613824
1251171401786146816
1244188554110160898
1253868848178237440
1250848265987383298
1242563004882997249
1255551518029369348
1241471664505925634
1257085791651667971
1261713150296174594
1241182802881757185
1250065144174071815
1255128269009096704
1264647038886608896
1269973905898450944
1244710071994548225
1244241690887667715
1238288753724215296
1242240915596607488
1245477305704644608
1236305682430902274
1240459865014796289
1237938863286431744
1247355788571574273
1245679052163362816
1241158736598761479
1246044454835892225
1248561226206101504
1252019074319749123
1242874959279644672
1252019069680787456
1245081106178879495
1244239992580423682
1253085117003816966
1237504086477438977
1252019070637137933
1245054732235931648
1243319967786979335
1238857472284205058
1235050177175547904
1255398307033202689
1242117295805169664
1252283919652790273
1248634765575667712
1247513722710642693
1246764042393436162
1240365626360762370
1246253349172805633
1240789229690650624
1264908743751471104
1257085796122681350
1244444357379358727
1243185709999165442
1242936424099430406
1267051600519946240
1239705819115139072
1243828091019034625
1250708489422483456
1239011596212613121
1249994426794926080
1250640793670483968
1236360851659030528
1242084775445311489
1238314474253287424
1267406616002846722
1240361684335820801
1266826590303879168
1242204972961366016
1242880458737754119
1252344914903396354
1244750072774098950
1242458244456611842
1244619280693579776
1244241964897271808
1252491425675173889
1251940040290250752
1250415913427402752
1242842608063451139
1255578403568324609
1247122299091902464
1257085790498283520
1247990392970190849
1238486917982957568
1238472653163376640
1252759624702361601
1253085113719685120
1240686561626222594
1248928998396252160
1240239976941527045
1242241872430596104
1239818093339312128
1242127632092848128
1259191445635948548
1252076160000786432
1245899343535759370
1238572364415328260
1256720851757490176
1244238907438436353
1243150733148598274
1244407000647102464
1238995783430606854
1267232284006068225
1248082178816213000
1263645306681516034
1246817529110179841
1243174699959541761
1244252257941676032
1250848269162491911
1270436175480791040
1244249410101444608
1241042515370872832
1262401206451867649
1240708082294030344
1242616532464779264
1263761012806868993
1238529238208315392
1240494194461900801
1238695046469337088
1238791209973420032
1254897688165994496
1240368810131152896
1243309585156452355
1251880162469335043
1251532665213407232
1248121126095589376
1237316420616294401
1249351224270508034
1244598846610685952
1244344870807928832
1238294617801572354
1240369032894844940
1244232339863068673
1240390281402384389
1247312774222528513
1246445587962232832
1250848266880761856
1242457224565469190
1239987447506833415
1246412270114086913
1241647255146434561
1257047051512274946
1237385070236876802
1254816351534841860
1244443554757427202
1241724320868708352
1251870415854678016
1240538063656321024
1244247605347057665
1238990387215245313
1253389702624874497
1245670133185613824
1240110228487704577
1245172441896357888
1235206958925451266
1255903048863567881
1238190984569200640
1268300837564137479
1245684984570097664
1247534011624251395
1246989016198787072
1239986272535547904
1253765277814263810
1247312772800667648
1256717634311196673
1243113224431702016
1264593754159304704
1263459751553368064
1245792478512525316
1252491428984430592
1242173082426413056
1240322870099808258
1243717199619129347
1259647547234299907
1250179567341445121
1245335008044351488
1242456503426088960
1247752252867014657
1268536353102409729
1244240877389840385
1244245861254782977
1245338007235854336
1239312517194809344
1245677220183576577
1240390725365309441
1250043895754502144
1262990894929784832
1240402338151620616
1257351516081577985
1246001707684954112
1267240114931085313
1251276781249757191
1240110230907822082
1241586191524380676
1245397609868599298
1263309111158026241
1252491424685330432
1248129684736524290
1242056471594098691
1240461788434640905
1267823317660037121
1254878696378376199
1240580479801270273
1247305818925563904
1247540544923783168
1243917221077946368
1241832759435374595
1243175604264058880
1237426440142041089
1242565473046274048
1247302707167268865
1242563937247342592
1257428260746641409
1270327057176596480
1243184428781838337
1257894246490628096
1237315784386531333
1253853540436643840
1247988694897786883
1237790545679966210
1250192676596695042
1240481733251915781
1251967791172894721
1247893774962835458
1253091544690761737
1240621042990751744
1243187687324090369
1249341300253626369
1240658526571245568
1264653747419938816
1255398303459684360
1242512849806770185
1244399772469022721
1249705076333125639
1247911579489832961
1238117265247264768
1250502551331627009
1236348916901306369
1241571633640374272
1249773323455795205
1247493015310082048
1255398302465626113
1243914533300850688
1238853847830929408
1243119203131015168
1242993646921801728
1247911576918798336
1250223219275071488
1264388762072543233
1242062155903574017
1267371304828665857
1242799342852939776
1238977465332219906
1244615915519475713
1241092046817046537
1248561227338584070
1267370594384969728
1262234883382018052
1237937116363067398
1258056522472525824
1241412993541431301
1244619078867857409
1238811994037399554
1242909014171803648
1256232730175643652
1237011311814459393
1257306512524861446
1242062760248213506
1245359457292431361
1237011994005381129
1242801003000475648
1245356009775861762
1242265234594762753
1242055762362368000
1237463648202866688
1237946378942210048
1261080345363066880
1245760896451960833
1268921662340239364
1243241271197564929
1261715643449126913
1242144971261689864
