1237822507568246791
1243198488705486848
1247667921167568896
1243361935619264514
1242504859800256514
1265737922860519429
1256031645095862273
1239622891202908163
1237419581020540928
1239536999532560390
1238142766242304001
1263162962107338753
1244463723999346688
1267279232129998848
1241199911825281025
1248387273332125696
1262679491366830080
1267442215212797953
1247657188698570752
1237569330843275265
1242680288565702657
1245104598395863041
1242373194625036288
1250828537856221185
1239053710447304705
1255045133927661568
1265608257235795970
1243282600585768960
1254748675173122048
1246189170781020160
1249761838247673859
1239346737988407299
1241733041464193029
1242945483380862978
1246128537498726403
1262527686766985218
1247273439011930113
1246088536333352975
1249845822289838080
1237761496601505792
1254947525783629826
1242531812297125888
1260205510965501952
1264028231444946945
1241875232224358404
1239959357485469698
1256351374280925185
1247600274883186691
1266510385257025541
1242681552812871690
1241464990403637249
1242584771596869632
1243128048368508929
1239297545618194432
1246153086382440450
1236824007082721280
1254176048138371072
1265985909205409792
1252765218993836033
1242940956795699200
1238079982422888448
1247275289123700738
1239580348360593408
1240524986319876097
1268579162647863298
1237337384938885121
1264876873500295169
1249071663083335683
1237779883343912960
1253072724001513472
1258822238087925761
1242584154887409670
1249688835291787267
1246580930170564609
1251097490612518914
1246951294922821633
1250795871899389953
1239327324102942725
1247244880860123143
1248269407266185217
1269637336721219584
1236778304964878338
1252553807478820865
1243258299543404549
1252388138774716418
1249004720607412224
1244218896149815296
1241876278829035520
1248871463064649733
1255594517434175488
1239608344106549253
1247252060430577665
1242131662307299330
1261614760090533888
1246127670938738688
1248257178143768576
1245629269717340161
1240574090827702272
1245074442625089538
1241554079853219840
1241838652017250304
1244027267975647235
1241207326222299136
1266545735572619266
1254158918063964164
1243506657805688833
1245954894240112640
1242518688496005125
1262412926880813056
1258236762498924544
1239908459291848708
1261663908122841092
1253152102739820545
1250747347145052162
1264209494290071553
1266326580843905026
1243509215211249666
1246916017877549057
1244626695069589504
1258861575148011520
1251754665164918784
1246604357581377536
1242768849306517508
1246853916509249537
1251836044917514247
1241121643210121216
1244955680714510336
1266320371839631360
1241534051267293185
1262977756268310529
1249689962955640835
1241838896582975488
1241867875343831042
1238461643736170498
1251562717175037953
1261859051446681605
1242194895844057089
1247606189543895047
1246240186339639303
1265990117010931714
1245194917615489025
1244667933370048512
1252605203494375425
1244375147055890440
1238449757955280896
1241704504334200832
1258101994402742274
1241126083312959488
1256000288126906369
1251162077961482245
1258792884049977345
1253381412075470851
1244323564397961226
1261632419561713665
1235749456210989056
1236049285118136320
1252793089212796933
1246478425185030144
1244021293860749312
1239535415146745856
1260258690554310657
1250485218039025665
1251271600734945280
1237569889235136512
1239347639570792449
1251561584536715264
1243334876406964229
1242766693497257984
1241825680834416645
1242984909867802624
1249897485260206081
1249223236975501316
1240749771083722762
1254159894581858304
1238102442803421185
1256154410390077445
1247668224487022593
1258479000730521600
1238671869022216192
1242207698839617537
1257821549672968192
1261616014690787331
1245884439013609474
1258520498834571264
1237585896968294400
1237575450995523584
1258759950546894848
1240189325029052418
1258946329251889157
1240971664990535682
1264955740457967619
1269292982924173313
1239035763649662977
1258819007056142338
1242194473955753984
1252716112434933761
1260010831997071360
1245431263202357248
1258834760039895042
1245866021895856136
1238260150261219329
1248253654735433729
1239737604016308230
1246190585519767553
1240311163163938816
1251476832039383040
1245538553590943756
1252845817171329025
1241401502184476672
1246474249864445959
1247335895805632512
1237515385848676354
1241754268257959939
1241760148865105925
1244377855091511296
1248117342602702848
1265604944419307520
1242249221132124166
1239397195679490050
1245308562777223168
1237440205717676032
1238878997406027776
1252207066820771845
1244833052498542592
1247062196951097344
1256182197515681793
1248746301677854721
1238218461333147655
1241459384661823489
1266493877499854862
1240142247749922816
1237175840103903232
1247663122384596994
1245820702055268357
1245199735201423360
1246603269255958530
1247630794371354624
1238946693342691330
1262698655515054082
1237226811064553473
1243652414403760137
1250798022155517952
1241122417478643712
1257689487049658373
1262170157989990400
1245225465394204672
1244376190619533312
1255593891644035080
1256401411740446720
1257375407470501890
1242988941839675392
1260584663078313984
1248944674397736960
1240137145811111938
1244623454529294336
1246109486026113030
1244360788816670722
1256358607907704838
1239780625839726593
1261610351860342786
1244996990028693506
1255700856017690625
1250270076244131840
1237442798481268736
1266003892065775618
1261609016985346055
1265273713609629701
1239402136007593984
1266618627261894656
1238947890237788164
1237576073589612544
1255516320491331586
1247246212090208256
1240395951459708928
1255700404991668226
1257436439417171969
1240574226471497728
1259669683617304581
1259252218496237575
1247762763079770113
1266412566273839107
1247273888830152710
1237740756846235648
1243327537016639490
1261256964874657793
1252195479535878145
1236809940653793280
1246263579290079232
1253641797349318656
1245443513954848768
1241896656569860101
1248990920189652992
1239736931983994880
1259091944682160135
1251908420720037888
1239196501798203392
1237149880457539588
1253710146292854784
1249899112876703746
1257508735297236992
1238261223818493958
1242681683331219456
1239348872943734785
1237771936647831552
1242924210839789571
1244494950730997762
1247675438425497602
1258753470393442309
1244294178831548416
1252387149032251392
1242774473213972480
1263545122022731778
1266784640561528832
1238454705984077824
1252598621352202240
1248205474786430976
1247062623843160065
1242925125839851522
1236488809342214144
1251332741569884162
1241414055711121413
1259985091767533569
1240137121534443520
1240294184428453888
1261744651171749890
1250917761750052864
1255592634346885120
1244374985726144521
1242557684085383168
1250809694312161281
1265989368382177280
1239668613134594048
1239586076374773762
1245108900933885958
1256899743273439232
1236323706072436737
1250269843653181443
1243935982598205441
1250276019514163202
1241197502134734848
1239607913569644545
1245101926708117505
1249861110506848257
1237050005090902023
1239781203038867459
1242533242823114755
1265352342955794433
1236394014632488961
1250912680048824326
1261861350873223168
1261862473029890056
1268573124016115714
1251522038881226753
1240986554987950080
1252747431353167872
1237226515508662272
1250540608571281409
1251111535730098177
1247283133453676544
1245174644312813575
1263283520916553728
1244451853015932928
1242770254796857344
1259609913048944645
1245102753594191872
1243706623937458177
1253659209230581760
1241693485134221312
1251034419814686721
1240795890694197249
1244978988293947394
1248991438421012483
1237153749849772032
1245817096015097866
1262699533039030275
1243510906744647685
1240386672661053445
1246896492499152896
1249726160432443392
1250553100580126721
1239898404702031874
1247230826598879234
1263263142718693378
1249074006357090307
1241936392747454466
1253448720139550722
1246204910418432007
1236427435253456897
1256302398911459330
1243507273319809024
1241824207832580098
1243332753187393536
1249453053629149186
1243282042588147720
1265331851612356608
1259887904320638977
1240837797432393728
1243698262818897924
1242818447182045184
1258830060003491840
1263519890075418626
1249523047087947777
1248239952464412673
1244435028861468680
1254434858128093185
1239361137927471110
1239347487992774656
1240384593095798787
1256348477300359169
1240771849878896643
1256350548611215362
1252548808866742274
1264737566064095234
1249796323219513344
1245442684388548609
1265684725689135104
1247583016433659909
1255845893682724865
1247275894948970497
1236050709470236673
1250911804131356672
1252774325003997184
1241756305628561409
1238613540782714885
1234918334707224576
1260190028396986369
1241549586990333952
1257703031115780098
1265359803158798338
1237911991592857600
1262382811996184581
1245492939180163076
1243091543466090496
1241199538108608512
1242257878171504640
1239647804668235779
1256248681285722118
1248972922854703104
1239604411174981636
1240412287825051648
1245544949665447937
1262489199502123015
1236051711732731910
1252717066144157701
1235720341764349952
1241838103658213380
1238080289118851072
1237139990028734465
1238941982011072516
1241122837907353602
1244268963942535169
1264873108416221185
1246194917703122944
1238358291954237441
1245538249013178368
1245872635818450947
1245113212699377664
1255978845032890371
1256899136231800833
1244033017586356226
1237572913961684993
1256363498201911296
1256349336037982208
1242928174218035209
1245930183607058432
1239661168110850048
1247943679832096771
1253428480743665665
1238640497607966722
1246784454116417537
1244637433020514304
1238642190768734208
1266371384701104131
1259309341951381505
1243361828337405952
1244705322465480704
1241033578290597893
1241034228424495106
1261296954056851456
1242577684879867908
1238458374888599552
1239757613153366016
1259899130052214785
1264683520242434049
1240949222695940099
1264580975322959873
1243163815065178114
1260680588513677312
1244588755064885249
1243338185100480512
1237468674665132033
1239297123503550464
1249034309765410818
1259104011409657856
1237457496488513537
1264369571995226112
1239035706577694720
1240465053423411202
1241785326064013317
1241206015217016832
1264332647628709890
1261596906028924928
1258864418848374790
1243305517071687681
1240799053207699458
1270598757810388992
1237112522131623936
1256352402422345728
1245545331342946304
1250085207681662977
1240573998762725376
1246194427879718912
1262264652219768833
1266084318956355589
1245769304643076096
1235486573812166658
1251658873141895168
1245740577238417408
1255069642932043776
1247585694433849349
1261819306029068288
1257793284316987392
1256350153218428935
1250451630753042432
1256353615608008711
1256219549747294211
1260182929239613441
1250750749048541186
1237816835459948545
1256651349812543488
1262122723704176642
1240680018012971010
1262101506901381121
1243162444148678656
1243327417139318785
1262105543491096576
1249763493739409411
1250397897105068032
1245864188112560134
1245803286931951627
1252556606308593665
1249051194804391937
1238829797448564740
1262127855477182472
1247762754091409412
1243223238315999233
1246025513812058112
1252235394592075781
1242982708244086784
1252215864851652608
1239250005229264901
1250235875289632768
1240829467242778625
1261738359078236162
1241207978285568000
1240751217187401734
1256661945769496576
1263266229759938561
1250235517867827201
1242114004446851073
1240996501469442048
1239001739245821954
1260333083343142912
1239978197514625026
1248991339745853441
1241698995707228160
1238999499269443584
1235230666381578242
1251005516576325632
1242552236267446275
1248115142728040448
1241188672067842048
1239335534058668033
1256294436641923074
1251004867465801728
1252741945950195714
1243253980052029442
1242297138555518977
1237477518774591489
1249076110257795072
1247243347036643330
1244569564261859328
1245629596176773120
1250595466846371842
1239657842283630601
1238821564872904705
1242978311627776001
1246214344758738944
1242543646194401281
1239241234293587970
1263489731096203264
1251789937298604033
1236842691201249282
1245175127697915904
1255729554758475776
1243250579545174021
1245732436371222533
1236809921859117056
1240827612055982082
1252203845582815242
1240574171396157440
1242095339127083016
1260580567092998150
1270499644007690246
1256677246972104708
1237044707953344517
1242132522621980677
1247973284676861959
1242793630085103616
1244016665123307522
1237214478581858304
1258852356499951620
1261747983835635720
1245533375798050819
1242585823691898889
1258205150725976064
1265379895271661569
1260385060655714304
1244676193527439365
1251152461915492354
1258945430093791233
1250454138783182849
1237052367285243905
1242866818924118017
1261044535641202690
1240288262515822592
1251129754285195264
1254102292078436352
1245662770491686912
1253140101619687424
1267886701042700290
1236391754896683009
1238450175716311040
1237224261372334080
1237337730939584512
1253813870583517184
1240606378944860161
1249033509085294596
1244832391392309248
1261863695820431360
1250640713068535808
1252091552094056453
1246126969969881091
1247624697992417280
1259662892963676160
1260412385556398086
1239660451379785728
1241325962274508801
1247217609965174785
1250828499985690624
1240973733944332290
1245201008134950912
1239394205908303873
1244123554851028993
1260415141532897281
1255956464683843591
1239750906947780609
1253902872682598401
1242949380900040704
1235656190790688768
1250443919155818499
1239404565512019968
1236012120279601152
1246495408777551873
1263972107001704449
1247680805775847424
1235588109779316738
1240421632805666818
1243327679497146368
1260614952018227201
1247661046984302598
1250534881790169088
1246956316754620420
1245114191708598279
1241431966114865154
1244957747071811586
1261640793099579394
1247737235123982336
1245434938754818055
1241138460586631168
1247716324396224512
1248726625929383938
1237819780578639873
1238534636776669185
1257347291901579270
1253468959288045574
1247183913237307395
1257503196274098177
1244973177693966337
1251699296405196802
1259905894357311490
1235231738399461378
1244776163928670210
1240263936211136512
1249473251404808193
1242756868864454656
1240396109857665026
1258836321503793152
1251355393000947713
1241614090096779268
1241430702928932864
1239409458104729600
1261780037101125633
1248641752808009728
1240043961110147072
1267430918089834498
1250462833583755267
1250456807669223427
1242618380475121664
1238494022408306690
1238439930847793153
1245802803236352000
1254234069380075520
1250453140631158785
1250247217597816839
1247610899772383232
1257060129570250754
1245741276634497025
1237434134940626944
1247766783261413380
1243292566998724611
1253144579001507841
1245098411533221888
1260215616734220288
1235014886763237378
1251894692742156290
1241916633943289862
1240032355559124996
1239771150110076928
1264669573560885256
1249133895477530632
1245198301240143875
1237750650676666368
1248115807260938242
1253423430604480512
1249154589166907392
1252421037683171334
1259966825242275840
1246183861236752385
1250054084293525505
1261479604084228099
1238350243185508352
1250725846442278913
1240026836077289472
1240774487085383685
1240224001202495488
1240986579952381954
1246528928019349505
1246124326346252289
1243412033392881666
1246128046832259072
1242538850796417026
1244012994197098496
1262895425717231618
1240729504374501380
1260763476902973440
1238969874296250369
1252980007376478208
1242855848512303104
1252199682136309762
1254386410020384769
1239361018607947778
1257788482564558848
1246929484701261824
1242868988339785729
1240433301380268032
1237131349015887874
1252803550738079744
1243294202143952897
1259930592411557888
1262103402290405376
1239298009986404359
1250537165215412231
1256355151494995969
1251668315644342272
1265041439798501376
1242961244501532675
1260379306674589702
1243714109058793473
1240373100639903745
1253127374578876417
1262176165353185281
1264896741268168706
1248733893945163777
1250239971363115009
1239711625143177216
1240731286005784579
1249658464399392768
1237539112145399809
1238292045787168769
1259955988343541763
1253841593565696000
1260039218849513472
1239729823532056576
1240885376325226497
1249807759387906050
1241034109650186240
1238466277485809664
1250461894160326656
1240432401005842433
1246432485065601024
1239256819278766084
1251113059638284295
1243374495588659200
1240090144281108480
1258202689843990529
1240430912233496577
1254399568151818241
1260610682044780548
1235030338386006016
1241697885416275969
1246221122217086977
1246777186897596422
1237878629746356224
1244394721100935170
1240825858711052289
1242278683756331009
1240831946013446144
1262453220812771328
1252770353673375744
1254924086859440130
1261108598882603009
1248041717053509639
1252959635558072320
1261629776420364294
1248573110510641152
1248364447501967360
1255904951009783808
1245014973757247488
1246182807937974280
1258909598351843333
1244355998296543233
1240770624324341761
1235883638748860416
1266865953624727553
1240089234767319043
1246815232527347713
1235736940080762882
1239726728370626560
1248371807389958145
1245520096371650562
1246200402133028864
1266826278746890243
1236508456871436291
1252431459819773953
1241790871433097217
1253290297288724481
1246652321066618880
1242408728168710146
1245462601204748288
1239728823324807168
1250177097190060032
1235604191927660544
1242283309914296321
1262691501177438210
1249789213513482240
1237403129068630018
1247702456500391937
1253454834583449601
1249072416044834816
1242842945922924545
1237709736210042880
1249130138907836419
1244277514333310977
1238923398341890051
1240016677175205890
1242616266634002438
1246843492866953218
1247253169018744833
1239722782398844935
1252207174962601986
1239654653513654279
1257096877306191872
1242863686391390209
1249472319401189376
1266039332298797056
1246622962112921600
1238090234350448640
1247715777815420931
1255636649863774212
1240070619586232320
1249133573975814145
1240828853565755393
1247889039656488965
1239850846248206336
1248214543395966976
1242631733536792578
1242846775888752640
1245659425089576962
1264993725295591425
1252259769148149760
1247510818050248708
1238300887908564993
1246895650505187328
1250254008138248198
1246628646384799744
1248727298083258372
1254010199872077824
1255450788996042753
1239330318856990720
1242890521007267846
1241179554309341187
1265808862969561088
1250132435968409607
1250632680611483649
1255228660656812035
1242158590565257218
1257880861170638854
1248613736522190848
1261362750107709440
1246685152488677378
1249074004448743424
1238721555376549888
1242791242917969920
1245987786823471104
1260880295194173440
1268745076634681344
1254894329769807872
1240226443432472576
1245153465619419139
1245800073591762945
1238188099114541056
1255538596963999745
1251192219400355840
1255154228567441409
1241858400851578880
1261127814776066048
1242250152322183172
1239108321342148608
1240091611679412224
1241848238388514817
1244549695864803328
1244763343707148289
1257777191036821507
1236318153220767744
1243411571037974529
1255634278295183360
1255619174182903809
1248617588944277508
1238596990121979904
1241315532957237250
1246005135265935360
1244038125611032581
1245198011157942272
1249681222780977153
1249733272084664325
1239022306334330882
1255640516072529921
1246626856754982912
1247327674663567362
1260755769307402240
1235818355426070529
1259367601626591234
1240035748474236928
1251170439063384076
1238928775657803777
1249130002790170624
1240643222914949121
1245874525033635841
1240761409484529667
1238072118606270465
1259501223339679744
1240787929666138112
1254526302478090241
1241362683095629824
1253174336695029763
1242837412654563328
1251187397284544518
1243715978430734338
1256701220015702019
1247291533105266688
1239239761631612933
1247716971069792261
1247851935862083585
1240466109809205250
1244404331278983174
1238799686267555841
1238627271776354304
1238835432583987201
1247765503398916096
1241772277684994050
1238175826908250112
1243025143254994944
1242921548350095363
1242922783887294471
1242948245837549576
1253844584523796481
1260281551578894336
1253069870855532545
1262899028544684035
1241098413195788289
1246076645041229825
1250216296932954114
1244341523120115718
1240490579164880903
1263173794404982785
1241845729666220032
1241222685251768320
1239680544167919616
1253176224471568384
1250608144063094785
1242391567513473024
1239945908944584709
1241720130951938048
1237917516380491777
1239305863686434817
1243343858747965440
1262167080381677569
1244421730841645056
1246273466204069889
1248058297414037504
1237397455588724737
1258329201205219328
1247640399851724802
1238694917964251142
1259206354788646912
1255148127926890500
1240737557236912130
1249668566808395776
1251131575372308480
1243955317588873217
1245028790398521344
1256369397230448641
1260760980814024709
1237523181084110848
1259197642694934529
1247849390213136384
1246576029600276482
1238409896615387136
1241864422903230467
1251186687289548802
1239671607632658432
1248494574722363393
1254055570212114435
1241448125950316545
1245002409023283201
1247324327449702401
1244308109922897920
1241308116895088640
1241171499647672322
1252006994237632515
1261068616793051138
1241458041909805059
1246303106981400576
1249177792299892736
1245403063822712832
1240787152889360384
1254523390729297923
1268531088500101120
1244105394345201665
1255303220567724033
1263246607753121793
1247697537538174980
1247716193483526144
1253367606062563328
1253777128190955520
1239943624701423622
1239341348567896065
1240493932020150272
1241070572345450496
1237919904424230915
1248356637708083200
1257669635018821632
1264473332981927936
1247212100449173505
1260909098134114307
1250193846174187526
1243211051157671939
1252753971539857409
1235581606263263232
1250550115212898304
1248631550612312065
1237902331531976704
1250242357573881856
1268168186006044672
1258148711164710914
1252422948398395395
1251184425322373128
1247953069490548739
1242275291160027136
1244009277091651585
1238471104542511104
1238614744992485379
1258810922476412928
1251187192598323201
1252348945382031361
1259951765925085186
1241113056459063306
1239005693073657857
1259833848214454272
1240445372776013825
1238186215066697730
1265305077209796608
1244002177473024001
1270160797365403657
1252579414912774147
1244105030522855425
1245509982340161538
1246909367103950848
1265429384590249987
1242629208112869376
1266482369827164160
1259420149079314432
1256337404526395392
1236071795310157825
1236777070019084299
1263276460627951617
1242626707582058496
1242283142351859719
1257857587262959621
1238993657165905921
1242436410004721669
1237098371741081600
1247710814515138562
1249132332952498177
1237810101907591176
1253469506778869762
1248760063986208768
1239025623714193408
1248108381518397440
1249900011485368323
1240122267465547776
1248207411577524224
1253094807939006466
1246773758288855040
1238532945201201152
1250471255284813824
1242093599648444417
1253366000512307209
1253484723751587840
1261008951237361664
1259949345325166594
1242853657844101123
1253102600607674368
1240498236630224896
1249481377801801730
1245837242343608320
1243998406655295489
1238283982502072321
1238440365117583362
1236997027193655301
1258762336434704384
1262972252854894593
1246431963717742594
1258735507149815808
1260560136747220993
1255635717868392449
1239593890921025536
1267145738938695680
1243816111038173187
1244922416473743361
1266843341930541059
1245090490015453194
1241915239098171399
1241852645456908289
1237798971885707264
1262432152278499328
1255902269100429312
1246204525410766849
1261739821485219841
1236525408419545089
1237317472719646720
1244008802275471360
1246896747860889604
1254783648479342593
1248761845944549376
1248764020741603335
1257759887326576640
1237676752056483841
1240519744723259392
1239512233899630594
1243342035114962944
1236731399442440193
1262103167426351105
1238255361330688000
1247653713210150914
1253463447091712001
1243679549944000512
1250762167734996993
1260019796147494919
1254903332998713345
1253652376696901635
1252299507083227136
1238791349966639104
1239224880664543233
1247901473331019779
1240623425561014272
1247126568062930944
1239787240181633024
1240624897283538944
1247697810050494465
1241149333304684550
1247905043606577152
1247717384619606022
1236301411958370305
1241711575238574080
1247875140471447553
1249352397127852036
1239161348753416193
1246816421226700802
1241592532582248454
1248065432080257024
1247708330866298880
1241374084266680324
1264755538946031618
1247159052536360965
1259994212046639109
1245017764278001665
1242632972068626438
1264226591896371200
1242563198169030658
1244308275669188611
1240494529372925953
1247355780879323138
1244342755800858627
1236776252872232961
1263270264642711559
1242291277112147968
1260963137949446149
1241844520549060608
1250862882495045632
1253468736612372482
1259522816543805441
1243914476551843843
1247575934049411076
1246696450332950529
1257613861907292161
1259381050909904896
1244780085116317710
1242093626139783170
1246985554723561472
1239012339703263235
1237088231063240704
1263834568030859266
1238694617362677760
1238567238766133253
1239005142810329090
1246246121145544705
1242561735707549704
1251983698469310465
1246766358320295937
1245664505792802817
1238805849239412738
1245686209629892610
1247530991112998912
1243300934899433472
1252005624533209089
1261854270506360832
1238622859653722113
1245199737223032834
1263434078826758146
1244007906531565568
1243294580390453248
1256476893727031297
1241482498040791049
1263830064166289409
1236098095311708161
1240590462207102976
1260658649174663168
1244334274783961089
1243817224890171393
1260219596189192195
1245555960820744192
1237919680339177473
1249673117846380546
1259688807672229888
1243298641806319617
1247855360809017344
1247213968566947840
1256918059136188418
1241154965235740673
1258854409385074688
1243721508461121536
1242172793531351050
1250703356722544640
1261428751230877696
1267499926738665474
1247935854074630146
1257043862486466563
1242841816791212034
1268115992913330176
1241862879663607810
1250349730388832260
1238225462066851841
1262955097774047232
1244341620901806082
1246050117670617090
1241470057353445378
1239291552503078913
1251667981375070208
1248590767020486657
1246449751488413696
1266600843429773312
1247987745395486721
1241174528904101890
1236820735450062848
1238981595035512833
1236683832549654528
1243747691177312262
1241038346442477569
1242052895387914240
1240277035223789568
1235608318111961090
1237026313975758848
1241324365138014208
1241488744940789764
1236060054421483520
1257128001940131841
1241373122755993600
1246274699220471810
1252764423787286530
1245466065880178688
1248740904887877641
1260761158782517252
1251300640770478082
1262161495045144576
1259175007613157376
1246095700556947457
1249775171126394883
1238886706104995847
1240003528166379520
1245279844541349891
1237875430603907072
1242938228757258241
1242963201366601728
1251889945058344960
1245025929937793024
1260227306943131649
1252415166588698625
1261145375274143744
1262189428388376577
1236417859112161280
1258442164482252802
1239218823900925953
1251077738095665158
1241285016103063554
1259219878332043264
1258402675349229569
1254768908415807496
1260037552440041472
1260662572086226944
1261390790443642890
1243009295777763329
1237401879157579778
1242363964098580480
1241161283241676801
1236748500530016260
1243028032903958528
1262098579813994496
1247613553227505665
1241503826273800193
1241165929259679746
1258937918678319105
1247078656566009856
1240588873404690432
1249819099120664581
1235639429596876802
1257071328580055043
1242567179427446784
1252368211024080900
1268861669473685504
1249438643552428035
1237673248256655360
1253786512472150016
1242906606586810369
1259932830315970561
1250466500256899077
1261763269745872897
1259459736992440320
1239043244190765056
1246175395927523328
1243930402076741632
1252005057664561152
1240443641887367173
1244352464062644225
1254559795425804290
1244563558060490754
1253090215985627138
1254898152827686913
1263275080739667969
1258907197892853760
1245463694835888130
1265306525515603969
1247554387532267522
1253286372875649024
1261272735537381382
1240324391919067137
1247956394596278274
1255178978136121346
1235547842791567361
1250174933751209985
1242187017129267200
1242069872055648258
1245464703712845824
1260922127693352960
1255035120622452746
1247192477091717121
1239821079750860800
1250495072916791301
1244382792177405952
1244353487800020995
1245845280601165826
1262137070090440704
1245840425921007617
1241910943493185537
1246407049950486528
1242601114412908549
1256719155325284352
1241172934124802049
1249434796679475205
1241143669048127488
1254096345339756546
1248009180637626370
1236445806426828800
1243176866527285249
1240858457823227905
1243436058123141122
1249882103174639616
1250154416205946880
1261616768671526912
1248118814014930945
1237799761664671749
1251972547215855623
1240456839210446854
1260031162837159949
1240844666083454976
1238886000849498113
1255179091243937792
1258840834486697984
1250640717266944000
1261855275511939084
1264563350375223302
1243664744336277504
1245558203972292610
1244683443360972805
1239031768726061057
1252287646795259906
1262660957513420801
1255312451677106177
1238885054585229314
1246780480139206657
1252438726690500608
1255678624344223744
1240002041298239491
1238977126914822146
1241098598143725568
1260022627873157123
1248055663982411777
1243580384694001664
1245924905889099777
1251275762533052417
1263252103868420096
1236788078632673285
1244340942259335172
1245855365763182592
1256204680159518725
1245922935178575879
1245172128024006658
1236352660065988608
1240076799218003969
1259787824175480834
1259950674340646917
1240389215759843328
1253326342256377856
1241948305233494016
1237595839947628544
1239341586221355010
1252976861539454976
1252558706279153665
1253332644449808384
1242568063507193856
1247554136528355328
1244992131896356865
1239632540786450434
1241024827458281472
1238621426124574721
1243681284238512133
1243345802073866240
1236139724227653634
1255217898961932291
1259688135006568454
1238541888040439808
1260951968136204289
1252049390325424134
1250467889121046534
1261037963582099459
1249484917706313728
1258921394701729801
1240387407964487680
1254855770513879041
1242562648073547778
1236684495010529280
1240403224445833216
1268991894127890434
1241098746236153857
1240461391217201152
1241834731240595456
1245552149200805888
1238574671379005448
1261015749923164160
1242811152276561920
1244713568009887746
1252068719360192519
1246448255543791616
1243611832574754817
1243722856443318274
1250855604408717314
1259647248809500673
1245920245031636994
1251901178276909056
1241098895691841538
1253682727032930306
1260222152370016260
1240318137809154048
1258925244263403526
1252968968366821376
1247203512179703809
1243823503851356162
1237002776309313537
1249671810226032640
1237094865294458880
1244154750045749248
1252937110992097281
1253501870213038081
1257016083921453060
1241727949071663109
1238816414489890819
1248047550931795968
1255953648582119425
1258506804234842112
1242566738732081152
1266462524154789889
1246695838849601536
1247159843502411776
1241375161720410112
1243006941355560962
1242291131095887872
1246988035796983814
1253702014565048323
1260955180226535427
1252079381926813697
1241910099544887297
1269833967374684162
1245857690678513666
1260952073664966656
1240704408410865666
1243226120285233153
1236064892542689283
1265047992739995649
1253175017849999362
1251989819384889348
1235614782457176064
1240696316843286533
1237866237675397120
1264255855035330562
1240460120951316480
1257497204979310594
1250857697420992513
1260657763698372609
1246415314356776962
1247774786974937089
1239173961734291456
1251216673744523267
1242232129402085378
1256607337093255168
1254142201984147456
1254166276932542465
1236935695069065217
1245144793874927622
1238963472152608768
1250008932447387649
1252448487142240257
1256428505656627202
1261967722050658305
1262376899432648706
1253333797078065153
1255583791810256897
1237003644802826241
1253867155243794433
1238525967280345089
1263152520563773440
1239357824632860678
1241482133077667841
1241377296440754176
1237005488006541312
1249087598078971905
1244400231753662464
1239182435428040711
1242609131204288512
1249707931223932929
1250529248349224962
1256416271295365120
1250166015373324289
1244304253830803457
1244358034278756355
1237558621354876928
1238858150742298628
1251288112623505408
1247869690065674240
1257128435597684737
1270330331531444225
1243669114008330243
1238150493446311938
1253704275294916610
1261016495477477376
1238191975851069440
1238121816515805185
1246049336137584640
1250500730261254148
1249784343930732549
1270565588948201472
1241098539712884737
1236848432637251585
1242178516143071232
1248711821168697345
1237004821250453504
1250381266698014720
1239989756991344640
1251060631823933440
1259259847624863745
1240856359312097286
1237234695533989890
1249088678028337156
1250545176382234625
1250038583085408257
1257444438940553223
1243994919942881280
1247098919772983296
1247895642883547137
1254894970722492416
1255091839281041408
1261288588282662915
1249089344431968257
1247776537266360324
1249323485844975616
1256607356412137472
1244330179037708289
1249087588289384449
1239502332959887360
1241543941713022976
1246471967567478785
1238249571895128065
1245558714255450121
1246983297927770113
1258717214221504512
1252450097008447488
1244618526238916609
1255572575612096518
1262358663949430792
1250218962371186690
1248084310697132032
1244331697258352641
1259812157086146560
1244075035117092864
1240692555391500289
1264192415965069313
1242509087264444418
1249316913915645954
1252965217081982978
1243347251923243010
1254416208784392192
1236849105768456192
1244328349490708480
1243116745461772288
1237903540544311297
1263138841994633217
1244735420895834112
1238573953221787649
1253299342498246658
1253353716595535873
1248707733223866368
1256606842903543809
1237007485300625408
1263136619613356035
1255145458915106817
1236355826551488512
1245357744170942464
1250388134178799616
1243349091855335424
1243957407048445953
1238812805916250112
1238546020663005185
1254513939335073798
1239852671269572612
1270026345066749953
1237459600024260608
1246086305358000135
1250384981182078978
1258095559111512064
1250507567467544576
1245188058745577472
1258695168418549760
1259629705482907648
1241412046979305481
1244734912562954240
1236064632344887297
1246113948816072704
1243641668169084933
1259972248255021063
1243643524647698437
1241442308471603201
1243594350329823233
1253729420659097601
1242265955998339072
1252582073753309184
1250384180678201344
1265282895998062592
1255093856309325824
1249827089748054016
1257311979049369606
1259406085649293312
1241753004837085185
1243644493460647938
1256625373883838466
1236064905679249408
1269948991833280513
1243592267652386817
1248333627068493826
1260641737783087108
1258095702745415680
1241751907250647041
1241750572501524480
1256233520621670401
1248333129007403009
1244754713062658048
1248331190312058881
1237292884635901952
1261720015193210885
