1260236112636846081
1246859640694099969
1254432438815686656
1246860927766585344
1255982166963564545
1241790578377064454
1257435170392748032
1247328235446247425
1240984386734039042
1250488375884341252
1245264499386523649
1240381798665859072
1239597228353826816
1243333201285742593
1247490354481451008
1246555982853033985
1246953700901490689
1236965499361206272
1240376925807394821
1259232827029237760
1267198637081313285
1244792816091443200
1238784579756048384
1239630574928695297
1238025067210125312
1246862749898092545
1235331044108308488
1247245804533882882
1246401108349681665
1239371865652703233
1251895139691266048
1269807477010436096
1256681881644552192
1242558329802678273
1246556033570521090
1242440583400108035
1254494547096338432
1250560801850757121
1245165439283576833
1253262559521714179
1244373394985975808
1263090834683068418
1248992236613914626
1258513460234604544
1244440333649403906
1239742202093461510
1249746114196242433
1262354155366219781
1248758190747062272
1246815557518798851
1234983212322963456
1250557260150996992
1256247422075928577
1263222177303875584
1236660805925511169
1245719134618505217
1242978107906236416
1240341357132210185
1238426430951825408
1268938495147388936
1243732203000999937
1242535584293412866
1247670892471164931
1246483183891333120
1243236603356753922
1239877669438795778
1246475451528290305
1241416090342825984
1262450850540277772
1259505628512387074
1237155512745185280
1249528948817563648
1262528054078976000
1240128187989929987
1248398771727163392
1243362644414758913
1245141391640010753
1262413514838282240
1239004628383084544
1239562514578452481
1251273430613348353
1241537934471442433
1246160764030902273
1248199522599272448
1246483519787982850
1250824418135334914
1240052908894441474
1238684551381164032
1262350534314524674
1237515565578612736
1249769097207975936
1236808600221294592
1242592140380733446
1258227463194324992
1269625346875408386
1248892463059734530
1248656278202789890
1266336334819573760
1242560934423531521
1247278374860570625
1254752922241564672
1246211068835303426
1244441140763529217
1247667004162662401
1241126013716881408
1239629862123511816
1236135923815002117
1237692943932284929
1246851690848047106
1247621149397340162
1235286923469520896
1243331921540775938
1244645901592862726
1242556379413520384
1251032389415034885
1268634913177325573
1243870085686624256
1242715636058505216
1238269855175970817
1245024746456170496
1240126503943385093
1250831602869055490
1235485280951586817
1238270463039717376
1237824646675861505
1238270064358547458
1238973380562485257
1245536302931628033
1237787085085474822
1246211351732793347
1243365336256143361
1261778095176024064
1241189066814754818
1238080506585022464
1243368107743137792
1264676792750784512
1238611397350744064
1242939072739500037
1236480867222073345
1237080355317985280
1245426608183312386
1247274811635773442
1263198505759379457
1246379747581530113
1247499662237544451
1240748730451734530
1242573421634035712
1243629215842545672
1251267359635116032
1243856420291911680
1240373583718879234
1250872667462344704
1246168968198578177
1246805878180806657
1247120192511119361
1242301480176156672
1247274258562256901
1243239311031635973
1253384996913590272
1246608821063241729
1240953890142597120
1242539425134866433
1243274883976609792
1241758211461517314
1243742112539201537
1249833207954014208
1259617820876460033
1240839444246269953
1247826167148797952
1238780423834161153
1257305554030071808
1260947410634919938
1241888614155517960
1255256783033184258
1241465289675603972
1240267047713550338
1255623229751865345
1248013165280915456
1248749405995520000
1248575668042031105
1242092042764902400
1246915374433677313
1244011230391664641
1254713834293596161
1259297432812367874
1263968423375245312
1247641236611219456
1241556548142485504
1234953666014187526
1239866932209356803
1249394920835645442
1264188405216423937
1248400066483605506
1237573836788207617
1250559851257880582
1249945776073199616
1239576224848121857
1247640944545091587
1242588029186908161
1237805202079703043
1237805356518117383
1237716513693609987
1242255900972384263
1252948616869810176
1250940941940281346
1249840620925050881
1238699056916041728
1257380047968784386
1241777475513966598
1238822555139616770
1237740363722428417
1247942218482102277
1238816632132308992
1246863656077406214
1243705315444568067
1248274248097038344
1247275056616689671
1242922411324039168
1246859872928501762
1237625067946770432
1246558092562759681
1242539412266856448
1235975644577779719
1244793616444375040
1247629674882248713
1240124671363817475
1245098358244626432
1240419782882742278
1251149899330015235
1264608863883591681
1247821675363737600
1235384594930774017
1243936796389629952
1250820400856137730
1252669580226580480
1237177139373326336
1254546199153127429
1244948330712633344
1246421390166831105
1241536482868944903
1241707779162812418
1253522788964544514
1247660686982987783
1240051587084685313
1237835084947955712
1244623964472840195
1254114989046104064
1248401099087724544
1241540036606201858
1237153273435602949
1250561839236341760
1236843912154755073
1246212619905761282
1240425969321680897
1243838912306524161
1263570729905373196
1247374557973032964
1238956299628548099
1237515325794422785
1238451041441546241
1267434410586095616
1236488647911841793
1242973975426318336
1238863235908018178
1245417413727916032
1249650252589797376
1251991719647854593
1247244599065706496
1261835747780419584
1242558296235692033
1254755031108247553
1243465310180696064
1247662240901234691
1242764159571410944
1238653812497399808
1242373089159188480
1260359462247956480
1243655188805832705
1241533581492707328
1247678578197659648
1248735001484521474
1245722596475363328
1245815805826211840
1243652238096175104
1257664844968460295
1248956589043863552
1236863664885583872
1235746922486472704
1239189426548473856
1247274767025127427
1247274885891702786
1250070266878844928
1237152824997396481
1238959145405026304
1256629454018957312
1246422370841231360
1246608256686067713
1247641267657420800
1249736242692046848
1243509991140519936
1244380075606278145
1253672497939197959
1240775677529468928
1255538023460212736
1242449348157472774
1238449505953034240
1247457871899525122
1261687828100063234
1252024240095793152
1246102859038560257
1250136123013304320
1266499900986064901
1242154216052994053
1241801509236506624
1247868278749396992
1247036620517396483
1240807928254418944
1242554633794527232
1244123041426288640
1247679045942366210
1240774851767554048
1251659389896921088
1238862786379333635
1263125121780367360
1251993857899794432
1241893906687635457
1240728773756104706
1237114975447113728
1242939309629603843
1241285536926650370
1260212332548014082
1241403548098797568
1244435279399837697
1260013186838749184
1260439241848430594
1238679964901355520
1242591651442372609
1239370685056720897
1242198491667083266
1236052212578648064
1238826031982743552
1268891364160405505
1250819857043595272
1248195210259173377
1263220861068345344
1249079272821665792
1244372713818542081
1254508381467037697
1242984776937725952
1246559467392638980
1242943664265015296
1243841665145716736
1238654330422661122
1239627676463357955
1246995280156856323
1262549712365854720
1252690944828280833
1238893790137659394
1241243375652737024
1244451814520610817
1263848120854724612
1251112299206782978
1253858985490493440
1252471017055928322
1249363059698741248
1241240961755287552
1248947797048594432
1242575565414154241
1242573039675617281
1246486055563509760
1246861339064250372
1261048581924020224
1241759225916919808
1254871230793957376
1237839392233803776
1246169541589307394
1243877542764982272
1258501659648540676
1264359603216801793
1239978789309943808
1240947691305213953
1241878153385181189
1244586584411910144
1237448459487195136
1238555716593516545
1240263582924918785
1235387116533637120
1247171039127355398
1251273216762556416
1264708905168445441
1238453972521885704
1265295584078049284
1253516304390205447
1260686353693622273
1244090424551182337
1247171060610433024
1237169853615702017
1258574885674237952
1242596971589795843
1248369654365642757
1253712107306127360
1240337626068123649
1246581221817270272
1235057259073306624
1240959473344266241
1239741367720566784
1247248438485491713
1241826032946159625
1239959567754301441
1256001262736343040
1237836479977660421
1259562013019246594
1269632455390253062
1237744995978883073
1245160631055122433
1247364879570403328
1247244532086947841
1235533110290219008
1237742760620367872
1241108873379024899
1241110269478277126
1260903071871352832
1249047547060072448
1236029756233183235
1241194052273541123
1254386115114602496
1248038092260413440
1238799500451500033
1261381793183219712
1243701373205712896
1235794089708318725
1235370829262667776
1240755826517827584
1240755885032562688
1244377920707145729
1250234817188450304
1243308168333139969
1245103286480506882
1245047264957075457
1262562507870351360
1239625079828418563
1247487753597661185
1248734309596508161
1246024958238765056
1234900713886670849
1237439176410357760
1242198265535356938
1237787086050246660
1238819951026282496
1262412818940399620
1259931927458525185
1238664743306645504
1236972805981339648
1250959906850705419
1252933656840200193
1238641410498277376
1238696129459638274
1245020754527293441
1241009221686169600
1246104324691890178
1245135862817488896
1265737384840384512
1244629086443577344
1259795222860648448
1242943107546648577
1253456278380298240
1265313051227684885
1237184085736542208
1245173809872863232
1235288137003413506
1241124486075879426
1260717954586550273
1238140698119090176
1249736650038472710
1239540632596725760
1238937456839458826
1240495615458631680
1262414593156055042
1239375159779303425
1241192348060696578
1243508087182569473
1239299743450312705
1245815789925609473
1242523767974363144
1252947168958316545
1250143181028679680
1257768980091043841
1250354800547381250
1242588011638009857
1255475613047103489
1246063374833782785
1236490698637131782
1236491100170473472
1246851952270508034
1240001854978830336
1241840046761803776
1239861617225056257
1259911581762273282
1244379482947018757
1243364816808316928
1248704659809861632
1236379900782809097
1262669406385160198
1239751187018199040
1237693506874900481
1236486530895618048
1250813562936856578
1254546942291558400
1245887109627629573
1242950885585674240
1253006683271462914
1258880931403902976
1253381378886053889
1261873141846102017
1246862135080161298
1241825463577841671
1238299586558648320
1237566685101453313
1237219950563143680
1264213326340513795
1252465454708383744
1257075404566921216
1239191731280756736
1250967895212949504
1246168362721435648
1268980684569350144
1234983331546062848
1240953320510029825
1236964066234716160
1238942130216804353
1237739743665889280
1238822017815764992
1249357990005702658
1238783183002402816
1242672906708140032
1246476972269670401
1250905500826374144
1252607095603638272
1242523754724556801
1247758084644077573
1238197570608017411
1246262250010292225
1256910309396230144
1244811526533505024
1260558386988494848
1238169531027259396
1239394568916938757
1236133937312919553
1240610229055864834
1246935277442076673
1238171962800824321
1238309907004260354
1246913767629377540
1269396761271062528
1250965634508369920
1242984525178843137
1257487112875769858
1246860940148170753
1245536687326969856
1245109661302427649
1250199201838964738
1256216618478125056
1245526496292323329
1239614317856784386
1245423792886812672
1246183280224894977
1242630603377455109
1247278083343822850
1249361392731332613
1247823267257290753
1245714466852835329
1243240058364313600
1250828599353061377
1239584433176489985
1260012359982051329
1242195743718375424
1250806196958879744
1240757349557698560
1237047189295304711
1246534076066074624
1239303465060438016
1237927625617813504
1239302265359470592
1240836507554000896
1270378719593541633
1240521132027117568
1235284377648746496
1252377880765460480
1238103179197284352
1237763131423830016
1244367933696094213
1238683599957876738
1254163693304049664
1266934509393625090
1242973479298883587
1255933007111823360
1255281046419124226
1262447095564419072
1235576410644889601
1237143124251750400
1239692017359360001
1242589664734777409
1242572161283493888
1238242402500071429
1243585068855148548
1252383893048590338
1241712313352192000
1237173797184319491
1243357617356820480
1245046718686810115
1258264279700119552
1241815189898526721
1251126817228042240
1249811827384627200
1242544840270852096
1235224878137126918
1239322818099249152
1250808792918482947
1244055468634505216
1248274142287278080
1245655916206145536
1250308751506026497
1244817675458613248
1240722008222117889
1250557488820346882
1252544063494029313
1261363342591037447
1241895283748937729
1240096106001903616
1244765184129892353
1245274337671872512
1249799273761439746
1253637616639016961
1244453229108346885
1262447490370019330
1244662124762275840
1249512649794207745
1238058486161977344
1262533044487049223
1255244846970920961
1245867340782133249
1253540635988156416
1237765129510543366
1240742040826195969
1266549650548539394
1243653752348868614
1239559874591293441
1241358448035606528
1241476394619736070
1263219586423455750
1254448346023985153
1238652030924840960
1245235033415323648
1240824580039749633
1247300483615789058
1246153490851921922
1238719143358205953
1265862245633884160
1244845091316994049
1236246726132056065
1264982292050698243
1263883952470794241
1238268687544651781
1240384786608291841
1254163929632256000
1262002357409320961
1258815671535841280
1245041416608321536
1237080937005023234
1260894734383538177
1246856932029317121
1240414468577820674
1240818445698174976
1239687697465315329
1242659926998241280
1263004174163345410
1243266981970743298
1237077205940867072
1247275979468406791
1236384549443158016
1238203971786772480
1242518112324501507
1242965743286792192
1237706976315965440
1243698699907338246
1237163779529605121
1246185081321992192
1242574560270127109
1239685918971265024
1261840009688121346
1240298555044233219
1263822522543456256
1262555872028475399
1244929407799746560
1250225423939776513
1253311794304765954
1251511728061534209
1249735114256306176
1254451972813606914
1257826934014251015
1244978022144520192
1252718919208615936
1239227786344247298
1240884161654804480
1265835977744007168
1266496183247257600
1244804455440285696
1235585408567738370
1241815286711562241
1236630812604448769
1261685861080580098
1259926071144841218
1235268797730349056
1245537131155644423
1238215633919193088
1241676481601982465
1257477958832459782
1245222781811396613
1251166824055668736
1243707131402035205
1236695924568711168
1258795441778540544
1239898176297095170
1258816282364907522
1236427699226279941
1254839313411510273
1243652796886458377
1238958517010268161
1235744954691002369
1246420758324301824
1246421749572481024
1244378351747452932
1246199875613704192
1267528804840484864
1239293928098140160
1244434554577989632
1254438585182412808
1268592137937043456
1252382825803681792
1237827033729769472
1255232845771145219
1241823540124495872
1262597095606886401
1260322815825383434
1236388415802953730
1248340912759021570
1259527249612746756
1246264884662358017
1246536326922604544
1238784083892801536
1237211133213278208
1240410392914001927
1246895137696948226
1238470443809542144
1240763620012720130
1267616495099686913
1243284861227581445
1247679336523718658
1247626400070340611
1250772674357465089
1244378211984818176
1242808484665741314
1250918756710146048
1240292951194042369
1245274776345686022
1255545697199366145
1254557493075890176
1268331988626350085
1241106870183624704
1240468977631080448
1250314459781816322
1249907490680119298
1250912256751292417
1248788449571807232
1237898789609852928
1237899350883196928
1238272467635970049
1246167432005287936
1236051106318503937
1252795038981128192
1238514000599683072
1264678161771630594
1237775336156225536
1238958399544602627
1245188624456527875
1250227011303411713
1242551749203963904
1237153491090575360
1242552524143550465
1241413891915210752
1241756634273234951
1242441453646819331
1252799896350068739
1247632922636619777
1257058997242396673
1236029010498420738
1251034065584771074
1240867119627210753
1248397361006534661
1235336065617100804
1250582691881332737
1266089624537096193
1248252566942728193
1234980188724678656
1246788726732267525
1239580082890514432
1248661295852912642
1253095248349270020
1248915707414396928
1247008222868799488
1245875612520243201
1246144849805533196
1237177545906442241
1248656728788516865
1237411522709774336
1246069479001534465
1240417321619017733
1250123496858030083
1242411348367196160
1258931964989628417
1267994340565102595
1260572545780256771
1247275182106071044
1237137019576483840
1262407199323807744
1240767636826394625
1262914447015903232
1255120216259993601
1239248879486263296
1246193001342402566
1244018410423492608
1247637420901896192
1251842221143396354
1236087761033220096
1238263659547238400
1253120689621647361
1270410563466690564
1240397377405673478
1255280048493510660
1245326892170911744
1263123778957123585
1242301350295281665
1263062557117603842
1244315620759482369
1251583113110708226
1245775099543932928
1250585326336253953
1245329635048652800
1244252945006448641
1246582009742471176
1247583090236690434
1250936930507853824
1255595384199688210
1263445861863952386
1248365288590127105
1248641301140189184
1244465918475931649
1235940343650099202
1238339633823600641
1255255227265146886
1254950165808427008
1261666715768885249
1251475255102705667
1260569912591998976
1240593029829996546
1241890136444502019
1244420143867998208
1238274902832164864
1241882777823346690
1266526592060268547
1255523771915669505
1239194455376363523
1243359623526019074
1248274068673003520
1253179881946599426
1237164791829008384
1237485564917661697
1248716780677353473
1238557919341416449
1255697483298230273
1239192529964318721
1237134017448869891
1239908589592104960
1242589732464480258
1237826455339442176
1239191615912259587
1238262951552995330
1255518978664996864
1242197531561537536
1242198646982090752
1244377694214684675
1246539468129161217
1237574560641200128
1236031746065543170
1268539861016940548
1262488039558955010
1248795462997544961
1243220663739056135
1260575586336063488
1242942184225193984
1242007807005769728
1258547030143545344
1239961663513731082
1263281023997153282
1243693870325661698
1244013834098151424
1247242846400364544
1253381930986463238
1241137090366234624
1238952716996575237
1242440914049683457
1240743764001542144
1238258321171365890
1237140680310472705
1245180964340465664
1242520197665296384
1242571917690916864
1248934805233950720
1242987172648693763
1249747783172710400
1260252648554586112
1235703903498440704
1237577690305015809
1241477427873943554
1235047336176267264
1252094708479938561
1258817747250745345
1243998121056755712
1237211965971456001
1240757491866185729
1246426718296031234
1250934578459574277
1246197299363172354
1249430434720763905
1237148710481678338
1245139528249159685
1257701165455888384
1260552418267410434
1240372358201868290
1250067291254984706
1247274217990770689
1245122576566886406
1258816540901810176
1247622554321326084
1240636742484381697
1250917259754835974
1238273968764784641
1238521701291393026
1245724943662358528
1240293375674376194
1238131501251903488
1250198334196920322
1247637204018573316
1241417829678800899
1245767848691195906
1261468945120243712
1245652057509384199
1246577945579343872
1243281236178714626
1238584043769344000
1237042525279588354
1255196959650058240
1269360935229108231
1245732344474095616
1245546843880206338
1241476361828605953
1249537616481001472
1235946116358770689
1242775333436350464
1248102456548040704
1239299007924576258
1243909569362964482
1237480556545413123
1247390300638720001
1262630271146438657
1258501268328325122
1236048615224881154
1257423241989193738
1242925508574294017
1237951552008183809
1241755376485371904
1244602773817221121
1257619376607580166
1255665348461957123
1241688900130791425
1237840079583756288
1240933146813743105
1264938339427397635
1237835222999339010
1243334121755234304
1259931256411828224
1245437819641901058
1236285773235867649
1252706061460652033
1244368120732581889
1241784034558193686
1253030214000693251
1242927113977675780
1241825407357333505
1240463555843051521
1246495817298518016
1262506639858548737
1236085349622919170
1241109880129404928
1249755481985486849
1259301743684399105
1237926633430044679
1239655039561580545
1238592337598709762
1242167901186113541
1236084808356442117
1239324843595698177
1244059497548730374
1249376245869051907
1241458165708972032
1241111603577327617
1249079265980710920
1267461138947735552
1259235649883910145
1238269359862226945
1260238845196500992
1242980254454624256
1242668610860077056
1263264655264317440
1252318623554772994
1266729086594023425
1256768353940779014
1237529703885336578
1237744704177004544
1243285657071562759
1239550995857920000
1237446308358692865
1255233860704653312
1239325020238893064
1250246525437050881
1252027784148537345
1248005985634906112
1234955412866244610
1255280121705005056
1238597440095256580
1257788556547895297
1239660840888008711
1247630834271768576
1242926257484029952
1259613032436596736
1248977374219296770
1239743245711785985
1238135555910774787
1240308623898816517
1245086566495780867
1258870779086848002
1260339121228320768
1255612537086844934
1241129333328052226
1235412157992443904
1238911728911634434
1247588234428854274
1240726717670592516
1240125220675076100
1238449142978023424
1235301154592100353
1237116236602974209
1238236316791377922
1263218800465457153
1264617330895716353
1244952697146572803
1265041090282954761
1245726245347823620
1239329662301601794
1237457131709837314
1244703912785072129
1260719980477321216
1245128591643459587
1237910928026488840
1235332721783771141
1239373551033028610
1245862709570109445
1254146820344877064
1243986359586521091
1247250360881876992
1242582223150370821
1269228640539160576
1262589705444642818
1241800310210932738
1259898940020928512
1242256734141452293
1246029032782733319
1241087869143392257
1246239507441213440
1241838885178671105
1247634376248176643
1253386275337515009
1242863035980623875
1240096101992222724
1262155255879434247
1238661810309533698
1253002967650897926
1248756003786633217
1259957891773145088
1260691198538403840
1237436152459792385
1236399466032377857
1243239090230898688
1238938402202030087
1246508826179915776
1240044384961335297
1242596515941670912
1246204854873337860
1243219258064211968
1247605725469310976
1253382665119698945
1252333823720816643
1241887976306683906
1235054501259771905
1237415182424510465
1254952973370896385
1256655313836691457
1238215912010002432
1245846881378267136
1246788042851069954
1261650194090860545
1250236821436538880
1251044277699960832
1247505699237658625
1238134966241890306
1246534066108801029
1260254730980384769
1249812865860714505
1246189329623515136
1244624220652482561
1263217478974537729
1247291626126483456
1258214729383804929
1250655904648871937
1241432948668317696
1242672865490677760
1247680691309031424
1246782667888177154
1246872006215241728
1257777360197296130
1250125512464310272
1262841021827887106
1249650652780859393
1244064422290694149
1250457501931311106
1253639204090896385
1235632628763684865
1240433734085730304
1239776137905164290
1244285408671936519
1246926751424446464
1240031668456521728
1242571936405893120
1238214482805035008
1240420459524562947
1246939275372961794
1236425049458053122
1239651109385404423
1238823317647364103
1244273267671777280
1257295300429037570
1242672963004096518
1250200625461301248
1245382051802615809
1260585465574457345
1238173401564545024
1241779262375559168
1262546142929223680
1264558388144463874
1248694630285217794
1242105292478992384
1245528220767866880
1241901385270116352
1266550921414225926
1235349186272514057
1237405603338878976
1257780688830504963
1241193172736368645
1242928832488890368
1237721433201152002
1241111176702054411
1239661046224293889
1240822075834712064
1253417280681046022
1245737052534177792
1245038152647090176
1245141353643859971
1263998100546424844
1241990625354035205
1247549878898765827
1235005435461152769
1238894523809439744
1240133087784325120
1253411995669291010
1239910657488715776
1260724276426166277
1270137298257096712
1236031082937683969
1237371346264473601
1236495388217151489
1245272717777154048
1242213188273344512
1242208640821592064
1245728615989460995
1250453853545402375
1238828910189608968
1249737416421842945
1246863446492266496
1255193618681339906
1242228126924627968
1245116432104521730
1256026475750395905
1238903193549094916
1247589240336195584
1237714612646182919
1264030167233490944
1242951629038661634
1250028104954904579
1244392813049122820
1252328555855450112
1246590859539349515
1251310792751960070
1235194657405120512
1236490473096785927
1235701456914743299
1247246615922069509
1248099891412447234
1245869126691643392
1249812807970930690
1258224993776926721
1252265756059856897
1240120834653642754
1238535470633684994
1246552405040345091
1237855714971795457
1239899592134623234
1266398473626230788
1242256521196646401
1245768222877585418
1250245894236233728
1245385014436560896
1238140979812630529
1237354318120001536
1265064607867113479
1250445791967223808
1237368709607575553
1238607302762082304
1259300132132175872
1239621737366552585
1253711949990449154
1245615212218089473
1242589335775477761
1244808731239604230
1243907364547371010
1267635274168729600
1246063123045457922
1244053410749480962
1238275503573917697
1250473512462168065
1245794028966289408
1236770557103833093
1240498158456786945
1249521724481310721
1246852273914994692
1250986995934990341
1237692998412099585
1239252507982999557
1241788154262290432
1251005068394070017
1267769057010466816
1241886839113428993
1237891184443310082
1240064489086746625
1255639788553715722
1246487950621388800
1262101664686845956
1242989851802316800
1242591022565244937
1258013550527877122
1251035425168412673
1252170543626883079
1236606572392046592
1236840058541551616
1246917087550980101
1239751862150139905
1241601503191879686
1237925414145789952
1235538586511925249
1249740437881044993
1237525034656120834
1240733663932878848
1240302690695086082
1237086688519819264
1243651370802184195
1235758159056252932
1253381669735800832
1244981985333981186
1244961171624595459
1240420253085073408
1249419550610862081
1249419875677765632
1241358669448650753
1237931005513785345
1270448124289564672
1249985496937349121
1246264959346098178
1246254407332827138
1254397831923879936
1261148375585624065
1241918944103075842
1250093039558811649
1254522949622734849
1258458223247536129
1248597526112075778
1241179131930386432
1244585192024653824
1253500077752156160
1257812817639587840
1237806395627573248
1241860317732319232
1237533393987878913
1251759496562704389
1240424128580136967
1238352387955449856
1239648224131952642
1242471996807696385
1236042563573997577
1247331634577387521
1250589226883862529
1244292720350429187
1249535197214900224
1255518242044592130
1248835620929253377
1242851672977793024
1243631281293885441
1246915562430742528
1263123073747861506
1266772315062362112
1241520951671611393
1255602603582533633
1241481473074618374
1243112203290578944
1244654927156260869
1250200102783930368
1244974378351071232
1245136680996294658
1238353771173945344
1242654475917168640
1251991506891812865
1240271375132131329
1244584279444729857
1245072366939619334
1244741271664689154
1240039829276164097
1240040018799984641
1238958445161742337
1254840819078574081
1242197170754932737
1240332823061553152
1249897607498956800
1235769924662030337
1249397474848055303
1259362283433553929
1255659565120716802
1238091575776985088
1245100090148237312
1247600280411213825
1262201484684546050
1241326310254882817
1245138636368158720
1240932199077208065
1240254258773196801
1236293668270637057
1265424599220699136
1244223962373971968
1238214616179671040
1242269969838153734
1244700203963293706
1243618681613099010
1261728831108534272
1241530151248240640
1252310423128416257
1262014902870462465
1243977737569796099
1241496801724772353
1237809852287778818
1242196746966630410
1255600863336443912
1237714588323414016
1234953076202778629
1248603369612218370
1245731734634840064
1242472910889070593
1237919538336989185
1240498977570766848
1257659168984633344
1249084171349303296
1239877522000658433
1247612010918969344
1240130585735110656
1260558894407004160
1241897495501963268
1258171796190302218
1236691490002341894
1242301892950138880
1246539481139773442
1249134041560997890
1252320820430585856
1236033132987637761
1242849099042390017
1239555710029094914
1258131315129548801
1242841221074243584
1253658898508189696
1252239418301317123
1241915496691380224
1237504008291373058
1248216828142333952
1265033399506534401
1249024051382812674
1242853113079508997
1245128015157354496
1246604911695089670
1236812905628262408
1241300184862035969
1245022892926140419
1245045814340341765
1242250006654062599
1248716878417182728
1249452750238363648
1243904620323319809
1251558418764247040
1246127778128420864
1256238669217873920
1249738871824420865
1244451915632652294
1262002176756498433
1247156047476899841
1237057129179164672
1265383545981321216
1237858989666267138
1263978642482302976
1244608973405380610
1249340679672733698
1237894593661698049
1241432150576107522
1263127422981083136
1248780766261231616
1235655618079285248
1270381716348125186
1237726180855463937
1241009703401988097
1237539387497279489
1240512705318072320
1238683891038392320
1244465856475795456
1254523554361757696
1239376053367386113
1239731707378614273
1242598510769442817
1236810297337417729
1237805127328768000
1246911983921889285
1237772062997045249
1238456864897224704
1248607151997751296
1266480470805676032
1254930741995110400
1256552370248527872
1241004121005666307
1242301580881399809
1245723316855472128
1244258074845745152
1249036646122696704
1269686163444510724
1239293738721083392
1256256105811853312
1259511116302082049
1237145825790382092
1248642750230269952
1239660924677566465
1248601721724600320
1242577957882920961
1242852752772018183
1248363694393708544
1243485504814960641
1245026749362188290
1240415090794467333
1237748548340535297
1254591449196265474
1239747300114620416
1237924207100657664
1243731072594202624
1263120801517182976
1246216158128340993
1249071664270376960
1236324679926919168
1249332987830861826
1249394549773996032
1252091975647531010
1243224119669374977
1247250802911195138
1256632418330705920
1241721971571937281
1241575068779663362
1240610301915082752
1239595593657434119
1237154099440869376
1256386610494668801
1234905560644030466
1249395933529464832
1237149548985884673
1237925111778476038
1249398621759590401
1266936187824021507
1241506942071136256
1239911203390074882
1238133132563558401
1241786904258818048
1245531435391422465
1243482669398347776
1247171586182074370
1254545193610723330
1257508176343244802
1250737938184523776
1248934294233350146
1238054883728723968
1256270765021958150
1252959684924973058
1250594536679768064
1236275218949328896
1248277164803469313
1263979518961881090
1237122858083667969
1243031523810516993
1239055671997468675
1244761881392398338
1249682323341262848
1247336785996328961
1261655238899105797
1246096227957198848
1251145131970842627
1252260660576124936
1237036163686453248
1240874233955258368
1254252251046129664
1242198022437711872
1239848703395016705
1260379351096479744
1257485300554661888
1244281727582904320
1236124947698905088
1242572422550818818
1237096737011089410
1263999318459068416
1258544039973945348
1260626679828971521
1253126311859695616
1240042601987874817
1258284400330113024
1248007867321352193
1247728914723635200
1241045112622325762
1253885075256758273
1262226132893601792
1243327443278184450
1238153013149208577
1240302573502038023
1261767933895806976
1237119124494524416
1237371048112390144
1241864361439834113
1249394263881854982
1242473523702108168
1254092381672087552
1250552833998536704
1235195610535518208
1253421714714722307
1251936153667883008
1247847796734078977
1249042964300664834
1242153427175714817
1239727505264738310
1246476619553869825
1252418720875438088
1241828012942929929
1253879641410080770
1244052475197284352
1248197392182185984
1239122409858510854
1261099452644896769
1250609022325194752
1253793572203216897
1236322680044994560
1255688143879188482
1240847975062142978
1248253953017552909
1239672304168251399
1242242238341468160
1266607522728808449
1250204601946644486
1237883058402889740
1257020225553420288
1246529676111163400
1247263606120513538
1240086219255578625
1235024566155530240
1238214275098951687
1246639329583214593
1246087757123989505
1236293022876401665
1250248132665004032
1240466354240663552
1245709304809885698
1241632361839767554
1249423074505773057
1240466801517105153
1245097803103289344
1241020164012945410
1247599399053787143
1238258597894725640
1253383734285545472
1255684923039645697
1248365599090192385
1238389363903430656
1240827348053823488
1252833407848968192
1256985519218704384
1253845099454349315
1262450588702433281
1250860116439687174
1243286375325147137
1253896968478343169
1250538377226727424
1244339097445044224
1251538341423652864
1245901354045968385
1237840782138040321
1248359830127030279
1255634193897476096
1245405025091928065
1249464499683368960
1242403592709066755
1247351120122576897
1259687685611978752
1245901067965128704
1252247899360165889
1252791600469639170
1240032234154995712
1236405207141097475
1245901046670557184
1252029148949876736
1249156831655665665
1262251457941831685
1240961441865367552
1259238030084276225
1241839277467672578
1238281266551758849
1235683436251275264
1242518680522633217
1244035970246348802
1242217201802842113
1245155905781587968
1241885055749849089
1237923484866678784
1246659785400991744
1246274846440505346
1240071542572232704
1245121731712483330
1240658383973363712
1239954030564081665
1258139654588706816
1239927045116788741
1244694375474565120
1236667734798356480
1238560042481266689
1256013625615147009
1251208100071321600
1251671930152812545
1235956954444554241
1240015405831327745
1252397525077647364
1258170726491750401
1249876820083834880
1248364781356175360
1244287297891315712
1244773705428996096
1239043682080296961
1241761462135242753
1253880694364876801
1239778321543692288
1239910665671847939
1250606499317125120
1252716424243695617
1237814499807301638
1239593312132247556
1238281740893880320
1248002715495456768
1243407476831080449
1243257577334624260
1238835753448333313
1240010569748545538
1246816695836119041
1247472059418062848
1248937751094984704
1244088987830177794
1256159187647762432
1249394628073271301
1248001686985154560
1244282687575203841
1244281245418348546
1242100579356348420
1242924459406823428
1238295277783650304
1235725989390569473
1248933236585218049
1255170112581242882
1254790762115371010
1250591600805281792
1258357528477474816
1257070310744100864
1246456469148643330
1240505768182415361
1255419646074859523
1254939970793549824
1246781299173580800
1239703464428609536
1266243522023157760
1239026225676353536
1240024465851011073
1238413492601991168
1259256310362759169
1245457918507524108
1237915637965561857
1240632354751864833
1237126238659108865
1253647410527682561
1255249333638791173
1250610029209833475
1237898738443509760
1249403694631858177
1248364625541959681
1245025859477606412
1238530744873607169
1265677134363856898
1257653683720015876
1238882411053809665
1266729328781508608
1259979593743728641
1238605853554597888
1252280297057652739
1239376588971692032
1239605839209652229
1237291167756271616
1252573885750546432
1269772475505823744
1239352286729719811
1242216841801617410
1240788673760825344
1244762504036847617
1237954687657271296
1245827081121849344
1258216673741594626
1260648057428819969
1258731757043580928
1248001457204363265
1250572598611783680
1242413998605324289
1240823401796829187
1251672872222953472
1248061055508664328
1256303889793630213
1248099030388875265
1239207446431883266
1246908041242566656
1240351311364853762
1243066275976396800
1249394846923710464
1253104606839812101
1255136908641857538
1258928720854867968
1255224398002499586
1238672092901621761
1253296053513850880
1238410983560937472
1270012998300700673
1250769857026625537
1239253188127186944
1239953002523394051
1263484415512055809
1243503347677704192
1251196505832259589
1259463345989660672
1243291237135847443
1237347336558448641
1242436350999216130
1264573260827627525
1242886395284393984
1253480857047834624
1249853750279385088
1248639764837908480
1240072189224853504
1258536274819874817
1245017764441534466
1241177758643949569
1237491681567608832
1247293820661874694
1247325049515921409
1241925190088564738
1243673091055783937
1253106008156749824
1269621233022271489
1249431442490306561
1259095058625765376
1255226981421060097
1242196574526230532
1247614092615061512
1249392149050863616
1255245888223678466
1246450479435075589
1239925982754156544
1239286461507284992
1242902739631382528
1238928535064109057
1237374517397381120
1236724938666541056
1237106491750047744
1240609890244198400
1251353327230521346
1244737068456185857
1244418249078517761
1237209706512429056
1245024526808821764
1249364301883867136
1255908110427971588
1241490194781650945
1240251518776999937
1235951669155958787
1245156491822280704
1248622517020815361
1264322356266270727
1244133850856542210
1238922031388860417
1236516735513214977
1249394172739686401
1241850985842163713
1261725840741711877
1248356982014316553
1243656964028141570
1243501501441617921
1250612617535729664
1241925600891277312
1253103922581037057
1241899204454342657
1244315750954930176
1247329662184947713
1240042366653943808
1245464054359044096
1242251545422508032
1241854985576595457
1261154254603128833
1235583024680570880
1245877980359987201
1247729654598795264
1245460476328316929
1238932142597582848
1256714221276008448
1246136040521416705
1255129779868753920
1237902433076031490
1236150749077401600
1239541807320641536
1238651102175932416
1247740400103800833
1237386956012752896
1237923468118822912
1236689081490452480
1245811212463550468
1241134090251894787
1250055023704387584
1237902421290082304
1239947957102919682
1270007801113444353
1244740836014919682
1260365541803466759
1250241128781230080
1247143167121555458
1259669442029654017
1242920721048797185
1237502704504786944
1236493012747857920
1239056992636985345
1247635300840550403
1258361346103656449
1244836354850205696
1260196115359698945
1251702386185375744
1246453445634281472
1237910776276451328
1243998094783664128
1246865083604631557
1246837958495416323
1251353017024208898
1241564847210475523
1242921657049788419
1246866045190770689
1252428559068524553
1251355540896219138
1244246604481208320
1263850910784028672
1251355262516113408
1238902704434536448
1244840248460410881
1248614584702787589
1242164332227592193
1241209450498871296
1259939518028922881
1246437736384528384
1253497750307713025
1253056471899799552
1249018607415234560
1247139885485604864
1241544211293507591
1242933828169187330
1242099986789273600
1254368942652633089
1249019070755864576
1241153199303790598
1238428089442541568
1247975604449873928
1250169880608899072
1250171403153879048
1248446305619398657
1248769745027031040
1236155399935533056
1238281813371629569
1247702828212203520
1238419600808738817
1235988155112869891
1253774084330192897
1246051996144107520
1247325670713241601
1242884915559108608
1248703934367236097
1256697296512856065
1252592086806925313
1258884615865016322
1247559495263420417
1237916500759121921
1248033713948147713
1265885276255195136
1252011700255182848
1259938882096967683
1237917453872750592
1266158096390520832
1250062048253431810
1239711958917619720
1240079609888231425
1242852174377476098
1247299560826953733
1238931041013899265
1258024134908547072
1238515418526089216
1241868382498062338
1253201548005519360
1258360992758710274
1247703341338988545
1244064644312059905
1244595153278578691
1246437755133079553
1242126062907203584
1245555623229521923
1242270466905190402
1239708516413321216
1255875057391411201
1243053572394188800
1240083391992811530
1245027695479730176
1235650704674611201
1267108439525920771
1250522250396282880
1266481454135025664
1246015869785903110
1244576314968825856
1248624087569592324
1241573249097531393
1241859491467014146
1244820754514038785
1269382176350625792
1248368372326076416
1242887803958104064
1241133187629305857
1237041805524426752
1253585724072505345
1244167253525966848
1241836370282381313
1239749760153784320
1245379366504165377
1245733684587700225
1247347508541603840
1270516312817754113
1240427123841654785
1258434990460764162
1250167249928957952
1237879273769205762
1237879996271611906
1263897590963343360
1252576030268821508
1248373455860334598
1236074434273906694
1240965420800184320
1245096965605658626
1242974824412127233
1245190521158602758
1242869458454089728
1237501933851750400
1250062941199663104
1248020739602755586
1239714646518640641
1258150915221176321
1256061499040321544
1245493785104171008
1245734977314213937
1235349857382158336
1248969143531065344
1246921833770819585
1256398284328845312
1241898826388189184
1243667487058808839
1253697080872390656
1244523062978129920
1266820794996359168
1239322944175734785
1236823031756062720
1253775068792082432
1244767962067763200
1237551086795292672
1238442684227952643
1263269780041150464
1248964864237846529
1249819122675974146
1253116079293038597
1237706974080442368
1243126402112684032
1242240065100750852
1247470938817531904
1237536521080557568
1244399833156386819
1240995690718941188
1240740882867015680
1248329123082252288
1247354758815498245
1237521622526906369
1252458541010563078
1235085526966964227
1245876830139269125
1246435171005579264
1238490949812174851
1245095291247869961
1250885771285929985
1239329206577881088
1261010651486527488
1242249788055326722
1243299962185822209
1259510241428987905
1248781552831664128
1242371474331230209
1237899645780553729
1263126517967720450
1238392300046254080
1250122303456804867
1238113947301134336
1235950122049122304
1235934085396250626
1239591290230181890
1257863395547779073
1252407499874922498
1246100707121549312
1251353692437196802
1241570735828631552
1249968675353956354
1238629856293855233
1238283190487388160
1240273837289279495
1237754676235448325
1249164899751809031
1270149823107301377
1239320872026071042
1238234115545149440
1245573380088057857
1239020933538549761
1248265162039136257
1251202674286002181
1239760788509921281
1235958149498187778
1240070905759510535
1237554187182862344
1247711338358595593
1242390523970797568
1248397210766565378
1259633374311874567
1243893963473420289
1268348414720389120
1261756181716111364
1244404067553681411
1248777455571214340
1251879875583107073
1245544620978778112
1241455211153108996
1245464273276547081
1239918459213041665
1237703968849121282
1261626711973732352
1246868125418754051
1240280721866055680
1245546507706736645
1236650382698459136
1244309356453265411
1239693958927826944
1260627357121069057
1243318751367397378
1236724905170939905
1262757835378581504
1239031044902391808
1239907508615090176
1243388756742131716
1239943594930245632
1242787903866109954
1237924211093536772
1248173940679335937
1263316184881078275
1235646369257459718
1240030983816122369
1260380960794820608
1248372664835526659
1246885567167483904
1256062010904756224
1252331961693200386
1237105481795198976
1237897967186530308
1237877760237785088
1244340124084822023
1239381961556328450
1257053569993396224
1235965124340600833
1263131184927772672
1242955017235070976
1251235624855703552
1260985408273383424
1249700291534032896
1235761295795896320
1250569247127937024
1248579306697232385
1246684125655969795
1243639809660387330
1242697718054694913
1241508309494005760
1263300765503885313
1268569341362155521
1253134277627252736
1239022603018407936
1260402073704767490
1249867433424359424
1244005677414129666
1242614169075101696
1254355310376103937
1258684330706194433
1256165533675905027
1268325537883324417
1247217936303042561
1254397103553613824
1249872648554807296
1238264937656602629
1242937862456258560
1235615062183890944
1241573216037945344
1258908883793444867
1241452949634678785
1243120216428679168
1242599403115950081
1252636602461011968
1253525835937714177
1262186758478888960
1237911590340526081
1250205641978851332
1250206143756079104
1249175571122266114
1238418354391658498
1248084078408142850
1245792137112887296
1252392088823447554
1255249523468898305
1239926293656895499
1246225549141385217
1265429850887786504
1239785407862226944
1246991244296888326
1266381139532558336
1247698728678547461
1250601047099408385
1242625514638098432
1240426053841059845
1261137649596878851
1246922738461270017
1237921701926776834
1238188905515618307
1262498819624906757
1239380269783810048
1260883118094942208
1240028512238612483
1254395878544224257
1240853094172327938
1242851342588223496
1244320327271882752
1238990699174952960
1263973762984222720
1247722776695320577
1253494014348754958
1243369242742927361
1248082111627776000
1238276619518840832
1236299299992068096
1236480466523488256
1237883210345791495
1237860055602483203
1256278194820231168
1245747765533184001
1237923648117313536
1259278860891361282
1241543867339505666
1241497410230255623
1239332913419825154
1248767238620041218
1243293243648983042
1247565963907784705
1260996931326746630
1262692849239367680
1265450419431636993
1236324567821541377
1236078194098348032
1266036639282929670
1242960244747231233
1238921938522836999
1239503994378170368
1261729635261452288
1241113350920167431
1258234331031654400
1266345576498675716
1247695662596132865
1238808310255583232
1239055347807125504
1253209495767068674
1236748226302300166
1259209772940890114
1245751447842586625
1241847584387457025
1244840821230383106
1246176421308960769
1257453125708984320
1245382400198291457
1246049089197756417
1244706944193093634
1251168318549102592
1258235750782570496
1249394659895508994
1249396968662732803
1255153092867305472
1257855398628986882
1247146921413804039
1248775623155355648
1256594216437907462
1238906187950759936
1266443570195677193
1246040544498847744
1242852044463116288
1240500922209447936
1237757425169698817
1237913380700241921
1245136238115540992
1252949937387700224
1251393785151578112
1251191456754171906
1254792251349372928
1240039087597391880
1242485020016721921
1246770378543939585
1247957171414974468
1240415451328532481
1242889208324218880
1249160212457586688
1244101071527710721
1269094604051222528
1244443122643468295
1252343036677222401
1245176412455284737
1237860657938059265
1254797780847144961
1247126507115499520
1238341412371996672
1246203777071235074
1243155521680662530
1245834671302283265
1252974952665489413
1262766343104929792
1254068587439915008
1269077315943833601
1236077588633858048
1251315675357995008
1253461478365151232
1240079009108692993
1242967210206904325
1255248555859685381
1242868244383518722
1250216100907945984
1251938423671324673
1241548320029507584
1244275504968077314
1263115792993980417
1253539342087323648
1246459744015077376
1244352116547870726
1248880576800710657
1240038260489027588
1245810318183411715
1248928709601570816
1245811264485494785
1255560438944862208
1243625335909945347
1246734119633125377
1241452517092986883
1237799438694957058
1259849654419759109
1258999293127667712
1247903777979428868
1244707270321192961
1249804363016671232
1245096362326347776
1248377755860783107
1235206667949744129
1236449566276358150
1253482757835182081
1240998890377285633
1254053963864969216
1246440534715052032
1252253764112834564
1267197480267067392
1244307744846462978
1265459767784374274
1244613503941513218
1238626340745678848
1244775919371390977
1238792128278474753
1236902343830056961
1251464030696484864
1251668956856934401
1236277824215973888
1254804997105168386
1237367601153572865
1244825981946298369
1240613907611488256
1241728913757351944
1239706604116860931
1264539246276329474
1248364830156865536
1254905389587599360
1255615683335000064
1240180768816717824
1249147663322398720
1258072585482514432
1238047547266129920
1244446062317887490
1239720329188192262
1237195694101991424
1244104912465788928
1240540683028611073
1237377222824034309
1241831400980045827
1244009508927610882
1255160668057210882
1239375317707390976
1242193500319383552
1261172871394623489
1237375020264980482
1242811353032790016
1237922992803524608
1255786548446089216
1261679813707862017
1244346849185673216
1251624813409587200
1239321173684559872
1263935631899734016
1238503081945501698
1251671505831964672
1243318728877576193
1236113986627809280
1270180401957474306
1240075856648830976
1261707913304948737
1248052911441051648
1257427564022370305
1239706650577076229
1238232113029287938
1242290281153691650
1238209843233796099
1242219908668293127
1239993653541691393
1248591266411098112
1250099580605206536
1259824008389890049
1252164511429201922
1239614384021934081
1261032285429735425
1247541934404427777
1243182559493791746
1236733335109537794
1266463319940108291
1250193536999395328
1237245664817549312
1266481908986327040
1268899635562766337
1245898998306799620
1256307130447118338
1255881930219888640
1236706894770835456
1247707846302748675
1242393257893601281
1250589499341627392
1245023443210379264
1242218643196387333
1250933138383081473
1252954569463803904
1260242727901552640
1236136766349996032
1244491387070005249
1246847724978307074
1244567359819579400
1246922829406314505
1259417620706705410
1253168131951992832
1255923340901969920
1250566436189351937
1236729011264512000
1246884078235910145
1258194406617821184
1243611493255520260
1243611517616033793
1240077687433179136
1247290448810512391
1236656012905627652
1238504458428055554
1238833116992753664
1256548107011207169
1247079073962168321
1244990827253895174
1247288089535488005
1252296967348203521
1241135436128542720
1248044212010078212
1238176770832171010
1248589972476747778
1238179818463793152
1236725573961031680
1243948610984828928
1243145495549300737
1244381776606310402
1244344734610591745
1246754628362010625
1242236677034254343
1242237100075950080
1244046520837722119
1244825945749544961
1240814085534597122
1262213724028514312
1235421708217184257
1260032646719000581
1250211759979474947
1247270945498284033
1238890553519017984
1247427294802608131
1260975016293945351
1240107774639591426
1238210330028883969
1252685263014412291
1254527945311498242
1265167942951542784
1235954143094808578
1244382168358572032
1245352331861995528
1253095356927283202
1241360956304887808
1247200992690679808
1242922930616614912
1239165256053768192
1244384650929278985
1235973957733531654
1251953880142929920
1238074147789574146
1242060661083037698
1240449526386876416
1253847575024873473
1248985390658260992
1251977434750226433
1262214830825639936
1267663733804937219
1245860156321050624
1240091173164908545
1262748403022192640
1252680529520070662
1253371019915677696
1251171319590289415
1237885112156450816
1238500273078906882
1252785887425028096
1242230039036530689
1265249574328958977
1260328987710107648
1250064977832140801
1237388568605032455
1238092585383723008
1243193588948795392
1247344055857676288
1246051453149556742
1251950379568369666
1261564198481510401
1244240437805711361
1238046197694201858
1252324102397997057
1269654059436462083
1243000798184783872
1253696918569603072
1241846916541022210
1248967022333104129
1263170846463574017
1249439332777316355
1245167514767720450
1247433084225626114
1243636591568052224
1247851524224663552
1239927866030280704
1237424423340322824
1249802450263060483
1237157409266847747
1254142167146266624
1265165550617067524
1260244994872487936
1236820564066648065
1235212909426462722
1244382330929676301
1244236334698508288
1236795107665416192
1240236464211984384
1243342809085759490
1247579332475846659
1236149472905826306
1265000457207975937
1250065605782372352
1243722014789074945
1240623538299641857
1235981001148547073
1251469552522854400
1237804437109907457
1248560351093952513
1263940945436909570
1265740619877621761
1263640527376994304
1260299185628286977
1238788094880550912
1258288465109753856
1247304439414886405
1250172608416530437
1235729227389054976
1255288759622479873
1241947919848275970
1250933667003863040
1237376328187490304
1247266890952724489
1252228240514732032
1251666361463554050
1248553086345510913
1237040770722467840
1251973672983834625
1249679525446811648
1255493863130701828
1248553027822333952
1255011988809428997
1261021860050894850
1236748483576631298
1240408039666171909
1244618839662505984
1252366347176013824
1240112589327212544
1250193102222082048
1259902817818554368
1266463487380815874
1254030978403762177
1249702857135308803
1245170723989012480
1243577960474513410
1235987106713022464
1240343625491533826
1242510084548235265
1239729892155101184
1236997067073097728
1259169337182687233
1249435456720318464
1253057837074350083
1250060401011765248
1242118920947064833
1254042540845740039
1246841887480307715
1242317131989073922
1256586118100811777
1249009486603452416
1240348924713619457
1247163080829788160
1251630636890284035
1254166718982823937
1240458325222928384
1249342094168264705
1257742541811744772
1238802418319732741
1240461084416528389
1262493899999916040
1240673682290286593
1237865491093315593
1257449462370316290
1253479769938812929
1256722463389560834
1239031361660387331
1247994736155205634
1237200461758857217
1248051110474059776
1258047569655185408
1255204373891858432
1259820526551400448
1251534029725278213
1240409387581276164
1238209369352912904
1240430928687779840
1238210206586277889
1242933434114281479
1241318447453278208
1251172649155338240
1250757431547891717
1240425408379617280
1251946303317143552
1255249863597608960
1267932843398828035
1244010464499109892
1265344245331869702
1246290524891500544
1243949184790794240
1245898521670291456
1250096618734522368
1248029637017571328
1262862792127905792
1254905177561280513
1255814754754584576
1243179936309002245
1241152997977096193
1251550890735083522
1236817152071606273
1240121991794962432
1237064146274988034
1237202822967570433
1240449802430799872
1253699951550480386
1264912387238498304
1241411677591080963
1237795994936455170
1243791970482470912
1250158179692023811
1249313637996605442
1260077480720961537
1237938078968426498
1236080600580161536
1248031634982658049
1242892967095959554
1243205062127689733
1238617977664294914
1246816906922860545
1260038910211534848
1237011567083958273
1248667492412731392
1249818565517156353
1238331632559554561
1239221411362848769
1237006992717352962
1265580445531594752
1270407632499683329
1249006150030438400
1241025872448163843
1270407687071727620
1258381786117267457
1236092053584560131
1243537477677322247
1237910108795011083
1242307032532824065
1244565245680586752
1238250409170477057
1241945475080695808
1249393355060056064
1239356953010331654
1239905476772614145
1248798290902233088
1258603465800069122
1243690799080054788
1253109189234360321
1243532295824343040
1256696723776376833
1241162581034893312
1259823945295040513
1241438445236609026
1239033452198080512
1239675679702233094
1237847999788642304
1253078425276907520
1256365282811142145
1250569559175770117
1247543636948107265
1242561583022292992
1243528542438199296
1246173711054618624
1254926359975133190
1243555672337375237
1243555815296045056
1253477833156055040
1247236686263857152
1257446976746065920
1265761359519768576
1254903196742561796
1239527869887414274
1235766343405834242
1235741716168290311
1235742584867299328
1267841481005502464
1245876741387816965
1247307279843635200
1247313461027246081
1244683741420761089
1255448751315070980
1236083013160747009
1241163349565505548
1255077447638417408
1247936549628583936
1250061157253160962
1260299178686767106
1235948874088550405
1239340156819247106
1252656932357365761
1237846690175967233
1252781648543977474
1253700803220721666
1244396176079826951
1250883316095606788
1254810987955453952
1245827884251578368
1237845522016157699
1240077197257433088
1250187061761650695
1246922053820780545
1247993367939764224
1238094440885084160
1237870789095030784
1236999202338635777
1241765451031547904
1236716958718087173
1249121631508803585
1242202974904102914
1241118957362446348
1259992612540485634
1240059190896283649
1238522788144701441
1247708985370849284
1242183420240855041
1235733698420629504
1245077429254750211
1239793829018034176
1236059025516769280
1245808002399117313
1248666047621795840
1237387787134840834
1263115062765588480
1245531855107117057
1246623879189221377
1268138866659282945
1260000152867213312
1256700697355132928
1236081609289367552
1252425094971850752
1237801493685772289
1254908887830089729
1252003901294944259
1235293355866763265
1250282207375028224
1238491430869483521
1265468196682940416
1258401163852034048
1249882308607455234
1262166051304988672
1243531739567394818
1250883988593561600
1250732995268546560
1263936779272491009
1259997507653963781
1266446999265652738
1250948299143684098
1254800257059299329
1234952928814927879
1234952933147578368
1252759932681814016
1263294543618871298
1259174319952924673
1248119063026548738
1242348430346915840
1262483739059290114
1263639739372101636
1248826906662797313
1248381891742289924
1248395514925596672
1246814946689761282
1260791426029363202
1238209930223591430
1241835957717995527
1253086464092639233
1238793076941950978
1245393311206080513
1242837904784871424
1237908552607547392
1244248691944443904
1244709939270029314
1253878309525520385
1255204831297445889
1241028304590770176
1242310030709403655
1261206088059412481
1247265062060011520
1245167034725531653
1245166229507186688
1250852969232375808
1238626610393350144
1235652849364844550
1265725922205786112
1237885769299021828
1249489997247512583
1254888489419788290
1243924086243430401
1240708465057644544
1242605171026407425
1243001500781219846
1242055880360812548
1260039687177211904
1236093478691618819
1243229257758842881
1237156625502425093
1239717526063505408
1260921416783888386
1250412830811213825
1254902804096978952
1239223782167973889
1256615193137819648
1245898407463522304
1240111277583802368
1257740505485631490
1250730588098768896
1241765052614610946
1235421926429990913
1241187004500586496
1245914289245839362
1264252485348270083
1257281000369008640
1262495703781330945
1245093983757438978
1252758743705702404
1240319609930240000
1254822721625743361
1258736955719811072
1263992662270541825
1241725393788420100
1252251700380995586
1238980687916654593
1250851683355299842
1246280717379739649
1236343547277836288
1242237573990318081
1270354286707462145
1256308279593984000
1246773071232598016
1238625425674457092
1245687118044823559
1238627385852997638
1243312159687421952
1266795109322051584
1244986647940341760
1242268524632047616
1249393604147150854
1239233655681277954
1250430508766355457
1246831588698132482
1240021596129165320
1237691570259996672
1238964723200208896
1248165816929001472
1235205132641542145
1247574433516175361
1250843791281528832
1246077757014052864
1247901936990343171
1244710717313429505
1253458020073443328
1243185596018933760
1236140421962780673
1241163106413404165
1245856962782171141
1244350699082842113
1257866222798098433
1252227922783612928
1239180579469434882
1247921664786157568
1248579742107918336
1243009153230143488
1235001403816513536
1244354166568505345
1236901559725887489
1242641380939350016
1250011751954944000
1244479868475265035
1266599185022881792
1235343369850761223
1238507000104988679
1244597533835436033
1261023167348432899
1250848301227954178
1245288245014990849
1236058077079760897
1243614958627291136
1250878224319602694
1257401285684465668
1246545580551217159
1249398618286587912
1256209908988547072
1240626525042626566
1250045475195101185
1253463696216637440
1245564148790034433
1252430734213541888
1246586410687217666
1264950684916633601
1235557924807815171
1246546569165451269
1264543562550648832
1250978530667696128
1238108016605626371
1247811306771677185
1244355260170330113
1252728113441767425
1261321164296720385
1254408354224640000
1244352147438870531
1245815193017421824
1248635270381162502
1243232211123539973
1239321127882817537
1243181402327257095
1237868149157945344
1245143592752025600
1246829537385762817
1244736648363024384
1240367995685425152
1237388266611126272
1257048952328904708
1240457964143640576
1239967624181641221
1242601420760719360
1250403650389843969
1250161424778870786
1250850357435076617
1238117329134686213
1247007473258676224
1238543189893619712
1253036369670275074
1263213145071382529
1247724871548841992
1243687145900068864
1243605662527107079
1246003969362624517
1238195379222568960
1262210940453498883
1243665323318009865
1243686060288327680
1241331439532195840
1235963525446725632
1239497950549749760
1253745095477792769
1241159683504775169
1240489193366859777
1263102593523310592
1246233036728995843
1241834354453762049
1255282669836996613
1261682693600940033
1249299019349856256
1252284432729415680
1252408580155699200
1246471530353213441
1240350909252632576
1258788062789865489
1250930580834922496
1236138190752428035
1244300957871157248
1251948789679742976
1240407888306286606
1239990624780259332
1247902623153315844
1237404227372290049
1256345530701053953
1250181575725236231
1254193525337489414
1237701808065306624
1246232884760973312
1241168682371383297
1235985859196997632
1244300824270049281
1242611545789599746
1242611748663955460
1242172249110708225
1236438778652352512
1255949395809505282
1250171697929617409
1243688951052939269
1256293368591798272
1260329000456663042
1235206194517741568
1238888261868814336
1263291803266138112
1252431344598040578
1263535302863392770
1240624632723648512
1239283513150619651
1235981256023781376
1253352451949973505
1262074903450263552
1248876301492137984
1243020000870440961
1237800034068037632
1237011361470853120
1242611075834621952
1244401829632327680
1250788696359665670
1236354547964153856
1244596298835206146
1240486035475369986
1242181227404234757
1257014180688912386
1240101860800954378
1241427133844590593
1251274519765016576
1250381705581658117
1244355002363252739
1239476081574510592
1238481569603620864
1237845332127444995
1253333922865221636
1268051621092700160
1254975746134679554
1247240043825152002
1269018953013243905
1256343932834926594
1247577312641630208
1264777706039894016
1263932923213942789
1238789232564592640
1242563118573801472
1256045597280305153
1251917133346418688
1239276264835424256
1266534234455498760
1262992555412766720
1239638447415087105
1237909568123998208
1254082732021501954
1245665616901611523
1264936556202201088
1239320959171145733
1252813283477778433
1254260552253280256
1261001928198283265
1240479255420698628
1240481860800708608
1253760178501095425
1260885290413105152
1256292249966649344
1255943242161573888
1236215839872950272
1252443399900270595
1257441950157996037
1237793837667549186
1239991696613466113
1246232517922951168
1247741951123894272
1243314822860726275
1266438199787819011
1250846736509173769
1240455146594881536
1250847188789452800
1245413591873982475
1240644124551925761
1247554461435924481
1246598820533866499
1238243912814297097
1265238128949952513
1238978804778971137
1245498564429701121
1257426936860684292
1238543775322030086
1247345596593311745
1240458069626228737
1238209372687405056
1254242373351149570
1260428241489268737
1238177442428342272
1238148659218468865
1245915386400268290
1239984699088519171
1248056167336681472
1241098803194867719
1250785627894943744
1252900832070205445
1247200673046937600
1262437271904665601
1254893625558917120
1264292475633623046
1245484829967351815
1250403369816072193
1235040717145280517
1262218674599006210
1239030389143937025
1238857651213217793
1257741676140953601
1261705413831077889
1243154709646651393
1251177839677800451
1264375063467356160
1265823543872442368
1255941570551046144
1247492366820413441
1250528056361418753
1263532820418498563
1241473568820600837
1241473611170529280
1249320712344649729
1248714181987221505
1237732566746226689
1243213109751353344
1243156184770715648
1243103879132307456
1244298141773545472
1260427968591077383
1264600079387721729
1240057914527752200
1252843912097443840
1246563756475396096
1251178246059720706
1245685609773109248
1237733744825577472
1240353986370306054
1238117873790353408
1263535605461458944
1261442801532727296
1261059351864893440
1242462523116392454
1252356418235068418
1241473882663669760
1242993126937178114
1235564842104348673
1257738449135820801
1243534615350063104
1237204573791584257
1241346649999507456
1239027227813195777
1239418276771516422
1253503284498911234
1239890141470240770
1243205934270341126
1256920530147475458
1246593600886124547
1239013490892984320
1265401504976035845
1246568095965229060
1248024123349127173
1238195758865752067
1247962838234206208
1251965236707557378
1243350416034861061
1255571348908396544
1237561118349877252
1243309281656610818
1238067747583598592
1244718081500491784
1242310661658554370
1243716900145770496
1238859333313626113
1237796821491167232
1241059444185849859
1250783097437773826
1264434008571678720
1237791347849015296
1245336075431706626
1235297555451387905
1263836063342231560
1246413585154220032
1238151738634506246
1238860798497349632
1255915001715408902
1239353831080763394
1259287596129308672
1249391220897480711
1261302201441554434
1238888036798267394
1238118357704101889
1239354887017816066
1237390266945777664
1250498408575614976
1241850549143732230
1252727779608715264
1245079056334405632
1255909325912051713
1243666400369094659
1245093884193054720
1243760797710499844
1254454886860759040
1244446806311874562
1242799785209364482
1238977556281528320
1237799762717552647
1246465224141672448
1237493385440755712
1251277979956785153
1255588472842305537
1254887219300532231
1251145057094127622
1238244207652937735
1255548102737567745
1238151906540879875
1262361499332415489
1254036601983897603
1239359350956834818
1241337573945028614
1245172265874067457
1265531532418125828
1265531570917707776
1237310424321753090
1238195104793452545
1251916935379353601
1247910526228840448
1250158987368112128
1241909756383690755
1243747185914785792
1240645096888045570
1259173108453445632
1238580492322177024
1240350798963527680
1251324892592693249
1258425763273023488
1250892729455915010
1251323333246963717
1243207711069782017
1243114065595183105
1238809938157322241
1240693007910764544
1243914653547233280
1240785485573873665
1262361807810973696
1237940726937288705
1238067654436564994
1250503010754670593
1252713194247905280
1249785320373182464
1260887886569910273
1237311585409957890
1257356736949825536
1240711354438135808
1254502579096166400
1260889846039695360
1246828563690590210
1248709135258042373
1243556254611619841
1240781621361549313
1237939574573277184
1242183740518006785
1252778508562153472
1247309692587651072
1241442986887700480
1246048655112634369
1243352616140181505
1243918021619482627
1242058913735942151
1240705552138862592
1243669696026759174
1244618604794036225
1239308871061180417
1252048126657134592
1247105287695347713
1250220427810660352
1262214911930834946
1238195930471583750
1242913389535518724
1242611651976855556
1243204594710315008
1240706756730224640
1244461245237014530
1241753328201105408
1236358481399218176
1244395909108170754
1250220171068870656
1243750256900280322
1256020406345109505
1249392772869742594
1260243542770925568
1255588823821619200
1237906451307343873
1239309310829694976
1262542776207622146
1246085233944006657
1240707923174518784
1258054208726552582
1265531622914428928
1247303441875185664
1242513226639818753
1250543138365739009
1257127118355533833
1255575157323771904
1238981631320436737
1240708821447655428
1244731776020480001
1243664680779988993
1243346552585891842
1239310675240980490
1240311904918220803
1237944817293950978
1249390806592557058
1259475419046260737
1245411275263393797
1244744422807547908
1245413858891743234
1249390071322681347
1242259895233249292
1249089811295531010
1237495241554436096
1243204424757018624
1254416887791980544
1237907857313599488
1259972112133115905
1242262177479884810
1238148575571243009
1248564736549150720
1261489261574000641
1241481882275061761
1238813763383459843
1240313079298170885
1256580149312659456
1246082449475612673
1248313170353098752
1246745472297025536
1243752044684550144
1249392935193452544
1238549139916554246
1263710259174146048
1253732885078708226
1246112840123142145
1237732033939587074
1242266106628313093
1237736588643360770
1250541552025337858
1254515277909409793
1249775741216206848
1256019399452090371
1245186061044781064
1264766312036790273
1245185003396497409
1259971514612531203
1238976674487730176
1242261531317985283
1244757182513647627
1244732012415639553
1245187147369525251
1237975885665501185
1244617416455446528
1244734401570844672
1236061742666592256
1260729111615606789
1238815864075571201
1244869744139939840
1261289341478936577
1263134914427437056
1245357807936974849
1238811965172129794
1253804873969262595
1256431662763773952
1243591738847121409
1237543760440901632
1237463870341595139
1237464733546053632
1256577489226399744
1256621534254206976
1237941886305947649
1248235993242755074
1258465813150994436
1238123923071479811
1242145602093359105
1238129413486784517
1248334560460517383
1244753867872534535
1248569954875686913
1244752314625396740
1253730550587830272
1261290400540692482
1249830425205313537
1255091148844130305
1251362461829287936
1237947699204444160
1237947050291052546
1248336330427371522
1238122726826692608
1243241166855864321
1261721282690854912
1242139112053903360
1245756394155974659
1236854272358264832
1249830339830337536
1236855563658690560
1256229078195208194
1248235614773837825
