1253027859721064450
1242191797822074887
1237624738798854144
1243266898365734912
1250797619963625478
1238319471846096897
1245741382603505664
1238973990124826624
1270213766563667972
1240416843262840834
1263467599326859269
1241808506065498113
1254494780446388225
1262220839849771015
1255779935228252161
1265131122897403905
1263522638774915075
1238644033867730945
1240141017644482560
1257707898475548673
1242446341579694081
1252091972799524865
1246583429145247744
1238639410578632712
1255695853202923522
1238821090127945729
1243598179737763842
1254431169321598978
1237072832292626433
1252674427206189057
1257653222682001409
1246937320076558338
1249839856823517185
1242507209566806017
1240435247772323841
1240435730339581952
1248732251980017674
1250833353860960263
1245063743513464838
1257767585808089088
1244813758603673601
1238307518402658304
1270213041909628929
1257089442768138241
1245179713762529280
1246513288743190534
1241823404149399552
1238639083448123393
1249729241350094849
1239581052114477056
1253055287428288514
1245089630355181569
1247573034078175233
1247665942940848130
1241105718872354818
1263510939279618048
1250199601283502081
1238910572613251072
1240984312490704898
1245743912075042818
1253706212899581952
1236128026947182593
1237412049602383873
1238239308223569921
1238649176285679618
1235411807013044224
1240123830657572865
1249897388476641282
1252644491921686529
1243698306771009538
1240305383815733248
1240097896479031298
1264888562543218689
1240098907104968704
1241536191721340933
1248013582794502145
1238952321553518594
1237049358828347393
1234911979921379329
1243508815967989760
1258918367244804103
1255697730476756992
1251146488693944321
1239402627953315842
1258284838202859520
1255321390317780994
1244317731882663938
1263383161112858625
1250195204855992322
1260338724937904133
1265994714404225024
1245086774101258247
1257019507408855042
1239063704823619587
1268575921767931904
1249885004588625920
1238639049759391745
1263194374999064576
1242167574907027462
1252731316417617920
1242986435071873026
1243622595238518785
1236475559850455045
1238310677099483140
1241017329229717505
1242585588236201984
1244645589750603776
1241132408747036678
1264047013567451136
1259610681848016896
1240301180938604546
1253427405705801731
1244060821719855110
1261413250291253249
1244798462790643718
1240773682936635392
1238610138526814208
1250207273680605184
1256736706708955136
1242473789390192640
1241816612472344578
1244994596305764353
1240416368085929984
1245446357911035904
1247549941666516993
1255994945938305024
1257304388927815688
1248977030756081666
1242803620862742539
1241883117536894978
1244012234315104257
1247666797593100290
1255537628671287298
1248938174522560512
1252922811322191872
1242486089690079233
1239963374642839559
1256295433313411074
1243251354648240129
1247275916264452101
1260723423287754752
1239599330526363651
1266173256354205698
1237610912682409990
1246130883029065732
1250103959144075265
1238141852341211136
1245711216363831303
1236500338783420417
1238681861972545537
1236826729387261952
1256668874499645444
1239391685857116163
1260574030987476995
1237044170222710784
1247289378617069573
1248682734433730560
1239748603704418305
1259242503565447168
1235365214532579328
1268812093614145536
1240824417049026561
1241769892006813696
1240631826319843328
1239525259377872896
1243391045041156096
1251762666445692933
1239198627727278081
1240298471703351296
1251539139201249281
1248327844863692800
1238361955573825536
1254947601390227456
1242851482027909120
1246131938554978304
1250310617572900864
1244805033612447744
1241521492082515980
1239974062471798784
1258062306191257600
1244425405785923585
1250454671736606720
1252602380711071746
1238274020434419715
1245802967955050502
1258073827914985478
1250455253314613248
1258879975249326085
1242864339490570247
1247760730071285761
1241902867314872321
1244776209260646400
1250581090718420992
1248260331236884481
1266118203522064389
1245546854571483136
1251332199279923200
1237144847267627011
1248646566296064002
1238596568078581761
1242156196649459713
1242282557623894020
1244758394327703554
1242884385998766081
1242073589840596992
1250540367579172864
1238270688194068480
1243725329530748928
1252797721234280451
1241934739445035008
1237467436817006597
1247289802774515714
1250230054770167814
1245805483472105472
1242946432602177537
1259244192859127809
1246535093180653568
1254966120970362881
1244036432995459072
1239995301592797184
1254764555978395649
1239346917231841281
1236669814862725121
1246457859673645056
1239681431057715200
1252426800258375681
1270212724270735362
1252954853615316993
1235833812392669186
1257265727737942017
1239736361025929216
1245346005991796742
1262212328533221376
1241535645149007872
1237916353903935489
1242902102051086340
1250215112469819392
1255333899749806080
1247998989947015169
1259611466535059457
1249327295518703619
1245827617288146944
1246202634740158464
1244643639642533888
1240088012119314435
1241499341782728710
1245354234452852738
1237507289571119110
1244073262080045057
1244885335659753472
1240504072123428865
1236912534294274048
1251626210817425408
1253437066387402765
1237915333006102529
1242289003778498565
1237200599193657344
1266150927385399302
1237391171745284096
1242633723985739776
1244045773320437765
1248619403932909572
1237335057267859456
1239699667312619520
1242227969583714304
1258764756678303746
1261727540781211648
1244406207374340097
1239678775157305355
1239387838535348229
1244817495086809088
1267632273135935488
1240256445066731521
1237720728746819584
1256630939112923137
1238626857995640833
1251353773169094656
1264026419140661248
1244061244350439424
1262767763363450882
1242468105378582528
1247654571201134595
1248072119520505859
1264000761018699777
1257762341489344515
1244655987803422721
1262092533947080707
1243126980918284291
1236494536819515392
1252247000617226242
1246519440788856837
1264014179293331457
1249858443038646272
1244881083751116800
1244313682538115072
1247999010050203648
1260658137687666688
1239587682902138880
1246171164772311042
1247192801403711488
1254069069772402688
1244404520261693447
1257062214508392455
1248002020864376834
1246657555977236480
1235776010060251137
1238492179024273408
1245477650522689539
1253285971455508481
1238887222176292866
1253173486576635904
1243714397022945280
1250948171154497536
1239669938165555202
1247209364315869185
1247999181475602432
1237394147461312515
1265764680322211851
1258138273324519424
1254096677696352256
1245842541662081029
1246034740014190593
1237024680474824704
1245552358073012224
1245857286465048576
1237097872589574145
1250606816570028032
1251171237071593472
1244383372123803653
1258191076793475072
1235394870942068738
1252623214431395841
1250668540954320897
1240676021223002114
1239377588512083973
1242608574985121797
1235932510317658112
1243259289768206338
1251970221499449346
1245812286364753922
1253690949676552193
1237657582229164035
1250542201324609539
1248803625591283712
1235544751262371845
1244142614837952513
1244382641484435457
1247991785101631489
1241138133439307776
1249437231665893378
1259541049300733953
1247212892094713857
1252497960379863040
1249820755950534661
1243369792528158720
1245922255038599170
1246542788436639751
1259999052399357955
1237423984406339587
1243230805016666112
1252441958037012480
1243006783313985536
1245667293511778307
1240072141774651394
1243295155240796160
1249323751902248961
1244381030800216064
1242473662080520192
1264715260990283782
1244594512506298368
1240656366777352193
1257611244267352064
1260036917049122818
1253767869747298307
1249880021482770433
1262120142630268928
1254883755795329026
1242482185736728579
1247895215584579587
1239683556189896705
1242606485181550593
1244387864852541442
1256272901030006787
1252441488782475264
1242301748062101504
1250737001915199488
1253332738368667658
1239007011393744897
1237155741754155010
1247360184932073474
1262942270841651206
1263113586525835265
1238096032904417282
1243014216853778434
1245209153569796097
1238997171678195713
1253698410194108418
1241836362602602496
1240846794369773568
1236304095352442882
1250178581596196871
1238072345312575493
1246889454792355840
1241905140808003590
1248086472865046528
1253329054280769537
1240109208969924608
1242638701177589761
1246289946413084680
1258937170712309760
1245925480701685760
1242609509786439680
1246615663386509313
1245017436040105987
1236796945710174208
1241467506923048960
1255902688191053824
1249345685847265280
1248581617091850242
1255489187240972291
1241847995097845760
1239030946600562688
1236849719260909570
1239018021445865472
1266060753766952961
1245670279763972097
1246567138334253056
1247556089866006528
1252080811949654017
1251950226530844680
1254165318521536513
1250946229145665538
1245686085600059392
1248396642358677504
1262537341278748673
1245077368827531266
1246568177296969730
1264728427770400770
1262924655658237955
1245669021464346624
1245250320365686784
1245916852468867072
1253842022206750721
1250473202142281730
1249706207356620800
1263618309632724995
1243663801842614272
1238858009281015808
1240101688066936837
1242271016082198529
1246599737702309899
1252776164265021448
1244330410978541571
1246083432159096833
1249014239823630337
1242911371886559232
1244730793982922753
1252584775099047936
1237941163052748804
1248232303144456195
1249190084332617729
1256621376611459075
1245182936388907008
1257308349424562176
1238549915875397632
1238125775792062465
