1258873759081119746
1237443640869433349
1238060537176604672
1244220993540894721
1251997398009872384
1238712995854901248
1262390182751481856
1244449497889099776
1240063859689500672
1238911700050546690
1237281672351096834
1234933348243562498
1245721166309982208
1237930242964164610
1247631309176004608
1238609996755210246
1243869242702921729
1247273356321308675
1266007486928244738
1246611008409436160
1238358390147072000
1245090123877941253
1241107233301319685
1237697623630495745
1238217140223819776
1241550873433694209
1258916309745754112
1262526853824360448
1258300431685554176
1261352857888055296
1244218798259011584
1236101620066332672
1240835251812937729
1245434079383883777
1240434443317325824
1246859610927124481
1246179099858657282
1258350701262094336
1249836896852815872
1250068314921013250
1244422119846481922
1244625919643471872
1258476773542633472
1264235671180492801
1242207009392467969
1244624727332831232
1247821529724981248
1245122869572632580
1257979534118436864
1246506447334236160
1259558082486644736
1235303461610287110
1264690276129521665
1250394159665610754
1245110403878830081
1252232841032798208
1238956537332326401
1242754353678749696
1252721769212977153
1238700576155799552
1255199564124033024
1257804435146903552
1262458319723208705
1269417319094202371
1265028763303260161
1262490329653141506
1236038026020745222
1244806076266172416
1242027493428736000
1237886141983887367
1242540709154095106
1240772359881199616
1245087601037651968
1259294135535775744
1245537061265948672
1245066884229332992
1242492808046542849
1244643686278930439
1243334241343229952
1239685771193442306
1250235660625158146
1251680739713781760
1259585738485751809
1252752435992571904
1248438395988324352
1239453944830705665
1242990169407524866
1238969123964583937
1248680794652114944
1261401594102337537
1257391438469480449
1264527165154099200
1240839288599859200
1262814149740056576
1252273811396984839
1246479813206040577
1235671482317053952
1236806806225276930
1263562737055080448
1247272769361936385
1237852588235579395
1246720140688965632
1238204520129114113
1246811516457955336
1269749945030017026
1262930903497654273
1249048371094081536
1238142735967813632
1243496027887411200
1263053553628844032
1241045023979909129
1258759348567764992
1235318260255674369
1248869845699084292
1244360377179217920
1252213777845673985
1236779223521669124
1264528172277805056
1244061911936831493
1249516579970220033
1247242420141592576
1264189962548895744
1250067844534067200
1251348990223941637
1251513099393421314
1257997234811154432
1242211469405667328
1244373489857040387
1243253572600545288
1255086313373564929
1266105822851092480
1240745953029545984
1252306133102080001
1245041432248881152
1247635269563580417
1265708571255279622
1243699345918173189
1238266320317231111
1263637798273376257
1261397434938331136
1261397655218991108
1260358094644809730
1243911723377098752
1257678023320625153
1252275432726110208
1235588863416061953
1236782371212603392
1260724760100646912
1242574964588494853
1246244346023772160
1243075930941251584
1262907689325268993
1259963288361803778
1244012328087179264
1244015533193867266
1243514991078264833
1257379515321507843
1240748411470712833
1243303136955174912
1238446724013854720
1249683561529122817
1245885858365964292
1246421709755998213
1247820471451693056
1260700167919013892
1265311837534523398
1241731858456440832
1270430298363363333
1249816210662928384
1243305125348859904
1255769165790666758
1247609331647950848
1252200944361750528
1254833692167585794
1259502217050062849
1265266913640419329
1250964465392267264
1262501621998723074
1252569150024753155
1237450328838193155
1239333403138371585
1242258021364969472
1248953032005615616
1261946713331417088
1254002380733059072
1247338566910386179
1237482251736268800
1260010871339675649
1269433957264875521
1242577840010407936
1238879378764894208
1260339660846399490
1243935541130862592
1238558381343997954
1242040128945754113
1260268862521704448
1252084352193900545
1242945613450350593
1240745555417944064
1245431539900522498
1251209405913333762
1242821512232665089
1245200707478847488
1235725155273408512
1256488856347607040
1243128112017268736
1238135838837440512
1243284822279233539
1267463803593265153
1241889179849629696
1265558199060570112
1252737493163794436
1237419607578873861
1242521036597473280
1249051135480135681
1255196541851242496
1242115590900330496
1264994789214294016
1237450888689655814
1244789519355916288
1245135397774135297
1243288525992349696
1256670183801991168
1260057664631058432
1255529192747401222
1262464347634360324
1242413893449854976
1261324275887341569
1235138638675136512
1235896056434569216
1242185127922368514
1240204506815741952
1259158792744439809
1244030330920722432
1242941256319348736
1257786966730510339
1248971582988484608
1258482762677391361
1253076371997425664
1239754642642423814
1236561719809454081
1240332469766950913
1246939016710230020
1267068523089743873
1237654290438782977
1246537582151897090
1235703170246086656
1250910828565540864
1240735656374079488
1239332033517797377
1240767129714130944
1241916623159771137
1249412447586390017
1258551057132646401
1263196079060930560
1264306039333302273
1245428458035036165
1244223827590160384
1237524271401852928
1265042567437172736
1243196862758346762
1243197212231741441
1238711944967868416
1248276786242256896
1253709455310626820
1242849951031406603
1245452053859663879
1250725194953605120
1263185908565762048
1237455535462592514
1256912277799874560
1258116274229518337
1240600213586350080
1243901500251705345
1245043631372873728
1249744333663801344
1246384743584759808
1246155902589296640
1268664389047062528
1269590869381971970
1239867694754738177
1261052168263675904
1237826167551516672
1253412252721442816
1265359724553347074
1257414997929594881
1241311963994566662
1240041445974847489
1238203940405235712
1265028761675841537
1245448771670102017
1258143977083109378
1238086405097742338
1266478185115516931
1260268860831412225
1237451432359534597
1246188005515296769
1258905483097911298
1258681768007344128
1245779036145700868
1246160192301076480
1258528579815477249
1258206271376969729
1235303084286521346
1258333358335148033
1248200127199744001
1263869366023663616
1239783986722897921
1236014734899638279
1258281669385216000
1255822449175941121
1264523805189459969
1248718089212121089
1242842865480294401
1237472204322942979
1264052650947067910
1262004054303158272
1262387189071130631
1242223091738185729
1261426228000686083
1264402403752906752
1238283308238352384
1258890028866035712
1264527929817661440
1263628798529961984
1259609732949725185
1253172352906661889
1255995739395837957
1238273905212653570
1238180615402467330
1241345256035176448
1244026450602340353
1250691125595254784
1244027305942540288
1266167957144690689
1247467534963572737
1254727411872260096
1245066901249822721
1240982284557320193
1237512222487621633
1237863578079764480
1235808411083653120
1258377460997070849
1259515929571938304
1246877616252035073
1246435527131312128
1249479944494813187
1242242536804155394
1239252796790255617
1258007006792777728
1258501457931907072
1269420417640542209
1243262473882480640
1242043515590279174
1265708573092347905
1253120054687944705
1265354660451422210
1237250710280028161
1240715503162871809
1244031143776858112
1257645922428882945
1235122443301289984
1265093656912048128
1237892501664460802
1250945764119007236
1244358340991426561
1237448903789809665
1239737009125670912
1242221099691257857
1268970449679134720
1242931851909648391
1237509367433494536
1240435201408458757
1236392721784475648
1262528050765475841
1246918280415150089
1241114613246287877
1245828457352888321
1260228298942152704
1255896051212574722
1244956404911353856
1257661622614732801
1240010216852389889
1245514253156696065
1251085887229906944
1266834530188570627
1237797794435514368
1252397164468113409
1251859481144766465
1269773759600308225
1254769148481032201
1237279675925377024
1258723961199824896
1262485815806042119
1244738567206776835
1251371350993899526
1243656908705353731
1242840734375522305
1254735886941642752
1263914464753131524
1254409166136975361
1262878324021497859
1265073248615698438
1244101852133756929
1248204784571756545
1260228381783863296
1259200305117487108
1245569416458354688
1268689012853792768
1258216336892755975
1254760452661354496
1265153350162452480
1238933124245004291
1243293910669103107
1264697099209388032
1240320197501825025
1251883035991162891
1258336027871191040
1248313373315534851
1244813508568588299
1244813648343658498
1237907721556549633
1245871630737223680
1242892318295969796
1268693063498633217
1244536134308368384
1248906920074903552
1245418496227512327
1246573288559607808
1252011179733590017
1245455952385540096
1240472606794489857
1242230115918139392
1235003210290647042
1257801084241956865
1252325506214588416
1240425968730345475
1245154955801047040
1240791622033563651
1262554761053843457
1251439434718904320
1268970097625960448
1262365615983136768
1245722753786949634
1258159651910225924
1242229809511628803
1263913484531699714
1241794775973605383
1262380343300063241
1243861055887073280
1254740287123062784
1237932579942289413
1240038046562746370
1239783035916242950
1260346228409282564
1241853493864005633
1247999058804764673
1236821302348066816
1258156590089338888
1253368383954976770
1238108575219748864
1241431432607731713
1259615522561363968
1238290727374934016
1260759833931890688
1246941162809823236
1244074265844031498
1237876799419191297
1239230408161722380
1259607564569935872
1247270267992367104
1266110661425270784
1268672558859198467
1244136169975230464
1266068605948456960
1253488631173591041
1262878325233594379
1257880236164894729
1253830717424971777
1247188932778917888
1262501619972874241
1266804056250556417
1240012050488856580
1244477894971330560
1244930509588791297
1238924488248643591
1241062825210130433
1242916382964166656
1244743005581578245
1260228711691026434
1253722194171002881
1259909380344078336
1251439437315289089
1258189052966309889
1268696904575193089
1257590957966528515
1269984395387179009
1257065307438559237
1241446247090786304
1259954029687382024
1241490266516832256
1260003301682286593
1260384245081669633
1238843358057058304
1242792357696847872
1251173972194078720
1239604444628766726
1259995418198528000
1239635074410328066
1241300134576697344
1242842462739202052
1260228352075579392
1259176585774739456
1255265975882129408
1240246255181234179
1260004130518708225
1244813549333069830
1242230251943493637
1245464827386093569
1265152909962096640
1261320142723731457
1261461099389444098
1249185232865157120
1235729946842148872
1252992443894693890
1242614700212465664
1243636156455178240
1261746656804028419
1259588189561462784
1249400262671941632
1238837699655675904
1242963268672593922
1243678837902368772
1268706227988635649
1261471375497269254
1238625901014855685
1245749155374477312
1258854753888501768
1259160279096668160
1236059798724112385
1263187655250108419
1235970945539543040
1237509377734541314
1252364789839392769
1259771177330933761
1235207684040937473
1257555967996297220
1245868940326125569
1245519479829868545
1258169049449717762
1258190055899828225
1257921568153444352
1240020426027302914
1252394706379485184
1261403578721112064
1239515536687542272
1266391865386889216
1264731409006186498
1265764250628296706
1243317308946350081
1245783567545884673
1251546925301747712
1237162470311149573
1251084178029973504
1266903861299568640
1242847267339591680
1264402903613267973
1263958617667108872
1260700169487646720
1246259228056203266
1239701606989467649
1262874618932670468
1266393193131753475
1257736689713283073
1249355359019585537
1240457744559345669
1251191693195522051
1237375721938583553
1253097644328734720
1243156830471290885
1245812428622962688
1263774419257896965
1256291245397356545
1259606858794438656
1263988335506264064
1243673490642931713
1249817586524717056
1237271864130535424
1263992959776759809
1244443586885824512
1259906608395583488
1260679676382633985
1237192939257937922
1262920610658897922
1247354501637591040
1258491801444507648
1258494355683397643
1238332772307161088
1235663038822244352
1243575314816602125
1254823491804770304
1248427834881667074
1263593560563052546
1241849675453534208
1239045060731289603
1259586715796344833
1245464832461156354
1268987558853214213
1244706759933153291
1246442052897984514
1245019995303747585
1267926527720726535
1258330915178196996
1242839389190983681
1239223097259167746
1261063593145118721
1251844557161091074
1261321224174669825
1239722953920708610
1241349912991870978
1249013460844843009
1250398980904714240
1243003585463554048
1259847878152990721
1249822475778764803
1269374384319401992
1247344229245992960
1246893357797867523
1240682111633367042
1240682338264236040
1238145812988821505
1243568535479164928
1261733215938715659
1236575247169708032
1251121224287215617
1256705635284062210
1265742043944452096
1261310972393906177
1238211084672262146
1244733763055226884
1260245738258345986
1237482531609612288
1256289678778654720
1258726032863105027
1248641761007845378
1245840859851042818
1258148200550207488
1235964388680650753
1240033496967643137
1256741375942500353
1242997992304652289
1259837480251076608
1256609220176338944
1263840686216019968
1245483875192705024
1238069583959003136
1269985071760576514
1246838301358796802
1265744900886315011
1243148412414984194
1242907941038161922
1264661727532257280
1237190125832060934
1269615368416440321
1243300749980942337
1239456090632474624
1252995041582182400
1261330603359776768
1237306939668824065
1242565320574935040
1254379301820141568
1254413965339299840
1254380259304189952
1246880511131365385
1269984573200445442
1268826858411438086
1247686073410609152
1244991297213140992
1265752233167257603
1238208382999371777
1264650265078239239
1241845455799160834
1252005372107382784
1244381181187182593
1246231431375917062
1247344822823849987
1268872412411592717
1251588877292318720
1250180110491271171
1263592025934319619
1258839379159769089
1242605372738863110
1241467038700371970
1260791398804094977
1258738093680660480
1250853995565981696
1261013589508399104
1239787290752401408
1262873336222228487
1261442638651236352
1242609914880708612
1251885968510107649
1237934524790644738
1261000651330531328
1255603563449004035
1259382497437237249
1260330415224696833
1239013231357825024
1250788305794486273
1254034240062324737
1242641163640807424
1238579699271565312
1236436208357642241
1258470025045950464
1254377791556116481
1259226052834013188
1264814310745870341
1259578239690948616
1236401505231679490
1241371084278071304
1246249663390498816
1240684602403905538
1242176053931630592
1243531962456985609
1244343324938571779
1240650087254167553
1244101286003462144
1241425909430849537
1268258707084922885
1246044453393051649
1244598684937080834
1259581599907282946
1239173431108739072
1243951224543760384
1261494591016091648
1261091416341655553
1243951240276557825
1255940579034304514
1267936473497702404
1238165390833922048
1260347915614261248
1250895368440684544
1246567513590300676
1266805517395124224
1251965801936158725
1248555380801748992
1259578244174614528
1245675041708269570
1265653742290046976
1261060090976710656
1255589526552133641
1265073250612195328
1243956743681585152
1259822841182240770
1241845457292333059
1269278367188205568
1238854758385045504
1240709365968941056
1265823704287756288
1240482281141276672
1267922478610997250
1237493096553811968
1262028391831789568
1261063591224119296
1249785099157213185
1247720449338945536
1255575160431808517
1253625071391969280
1259974108747628545
1264543581093666816
1261428163910893568
1244747410750033921
1239128203651842052
1256895428236382208
1261805180846309376
1242799955254878214
1244732098105262081
1240061888114950145
1263461395229806593
1250542624618004481
1237909211826335745
1253854986565541890
1239142713263624194
1259971837888520198
1239284066341597184
1238977381018329091
1259974109791952898
1249828972860506122
1239311530853883914
1258723733608562688
1257975947569094662
1243641672476524548
1238549132052180994
1263890875882536962
1242266138957971456
1243647737264058369
1260727548327100416
1264813686897750016
1257971061423038465
1258466033880436739
1256437204370493442
1260729806691409920
1245472002707775491
1244755193834754052
1262827935486050307
1256576270676242432
1254516330591588353
1249826798294179846
1260729419406159872
1261086136346304512
1248534331821301760
