1241555439638253568
1237579405842513922
1258408867521859585
1248344230763925506
1237852793630679040
1251480670096035841
1244390291198615553
1260614889871196160
1253673491724939264
1237511777832714240
1241737454593495040
1248816004299468801
1246810545111564288
1245071694865317888
1263057878941908992
1266084438309470216
1235269291550920709
1245745504388030464
1252385892402003970
1254954791396159490
1245049432325881857
1238198038788812801
1258127868795772934
1264276220713275392
1265928627306315777
1246706424341827584
1236663514221215746
1247259726175494148
1254133690952810499
1252608195912257542
1242770601900683264
1253031097660772353
1238447604746407937
1251594607047200770
1250794318207557634
1246580287544401922
1248835350732079106
1252599395738099713
1268517080753737729
1246167508966682625
1241405491953180672
1243697260543774721
1246166993876783104
1241753907744911366
1244263519417241605
1246706164542451712
1251597865736114177
1237360362258866176
1243331163063816192
1238955958551920642
1247483923854229511
1238761884519747584
1244794023312797699
1238590077149646848
1246853905167921152
1254584388471394306
1250481157222916098
1250241226571485184
1265266356104179712
1239036486416203776
1247940291417591808
1246180955141943297
1236161874821070848
1237522422976221184
1242588552426373120
1241816398797639682
1256213186870738948
1238142797095583745
1242922352129826818
1246994644296183809
1239371338420301825
1248436860852015110
1243601711249358848
1243506377324191745
1243284723113304065
1255876161026101251
1262447860668403712
1252403671213543424
1241772739955961856
1255223060988342273
1266541431100932096
1270378349395873793
1255483089767337994
1256005221899292674
1251497425086361602
1240098843489959936
1242225187589951491
1245545104338755584
1246916670104514564
1237610023456391169
1246825505694892036
1262887619098300416
1253919243982307330
1239858522856329216
1260213105600221189
1242760671118462977
1236486062618357760
1263876385946435587
1247366190739177478
1264907634458726402
1265987323348553728
1256006496934125570
1269074081174949889
1246901318335303681
1252553527806889991
1247403225092939778
1243725238313070592
1244440888778076160
1250449957909299205
1245140494725918721
1244792255476613120
1241787689126498307
1248217572337766401
1244916368081924096
1237589596843565058
1238536851327201280
1245821158412431360
1247363636961689601
1243744840191561728
1245816657202819094
1245449871206813700
1242208532361027586
1242744572142329856
1252603605867208705
1259295835768139776
1259246008971689985
1243507661909512192
1270512334558171136
1245325969004605441
1244656104900112384
1247180732067459072
1243383839369519105
1238450855927517190
1242596547709284352
1237180002682183680
1255545487433834496
1248073526176665605
1241357568137736194
1246262799438921728
1252672836172427265
1247283052247748612
1241702209647239168
1247865297039572992
1253810490028982280
1244372226343911425
1242275677531000834
1238295878114385921
1239190085008056321
1254462444430376962
1252595003810934785
1237176592872456192
1237066862061641728
1246864477146034182
1258846939279437825
1238302713798103040
1246646820698284033
1240768917943001089
1238236710879756292
1262803335733825538
1246811588662878208
1247242427913711621
1264957847261065219
1266335168291377156
1242531627999408129
1248755770293989382
1241936338993197057
1248016522712236033
1237856605946793984
1256685499688894467
1247622967627927554
1255534718931566593
1244642919514079236
1244405693836406785
1270334856703234049
1237572509576224769
1248744889115967496
1247488407779119104
1240838472841166848
1262564129358983176
1249371607262470144
1254451468083490818
1243325747466567681
1239613390244511744
1254953590185177090
1250578079833088000
1260152305560834049
1241707064877101058
1256953662787682304
1251269702036447234
1238058603858329601
1246562491557183490
1237738377690177545
1250561188729102337
1240304380802457612
1251493925552078848
1258487278361628673
1254952658470703105
1238268209675075586
1251124775340122112
1254954781635940352
1251209734646108160
1257488515069288448
1252211053594845184
1256212974315896835
1248992736067403777
1256216949756956675
1242879894712922119
1252604033786875904
1264710685583343616
1246474139009003522
1262705839728742400
1243878016977195008
1253071185501392901
1255324084482846720
1245048179986481152
1243515347266912258
1256331479744827392
1265830219363110913
1243621589666664448
1256667442056761344
1241105479079727107
1246089355996868611
1259433824095739904
1239573842844098560
1263061340983263232
1263720502419492865
1251930841867063296
1252867304141938689
1246068422519259136
1253048281644634113
1243699694984990721
1251612665539104769
1260719305420951555
1242283345540714499
1248039542029987843
1248222186390917121
1249083501003059201
1236073518816784384
1237081879351832577
1263444117939421185
1263109072691265537
1268245735990050820
1262107505775316994
1236371134880374791
1264706734943330304
1246218841300107266
1245751028940709889
1262689204636725248
1251736550204940288
1238829403959955457
1245066744412192773
1237168159867748352
1254971005086371840
1242530645626236932
1238862954952605696
1262079126086668288
1238303371850846211
1264472049340362752
1235343891177627648
1263859909776506881
1236051255484653568
1239261216406679553
1254483689406377984
1255853040571158529
1252319681580617728
1250374772686553090
1247972096443113480
1250455579866345472
1253346013269700615
1240050595559624704
1256089198844575746
1265988996603183106
1254148917459116034
1260008323216101376
1248574872105758720
1235459623647416322
1248239899205160960
1238593927109844992
1242501223200276481
1266897912874840064
1242648910184792069
1241896799453040640
1236447245706420226
1239187816556396544
1240628756252971008
1251158745817600000
1240094469560598529
1235526518815764481
1249741524377784327
1248093194891509760
1246875781785149441
1261045029201678342
1239618105602723849
1235904686995247105
1256247800389648386
1237499759570505728
1258886243649294336
1239195214167904256
1262564864121282560
1267492473485615105
1239639777235931137
1240043931125121026
1254435312249589762
1268599036019441665
1240592634776883200
1264184663960104960
1240992321983975426
1246062772003233793
1238647220003635202
1238537223781392389
1237076103845609475
1248574282365644800
1253158336574509056
1237842362082062336
1250829657454399493
1236264541471879175
1246219169126850562
1248278839534419969
1255789403777257475
1253741107915218947
1240134053468286977
1242103149499998214
1244590273251999748
1240741934081159198
1257261297831497730
1241784417078718464
1262534144736866305
1249326409413255171
1247517788777975810
1264307837326569473
1267820279402651652
1248426280275415041
1246699384831651840
1244315650589417473
1241397048274010112
1240947899904798720
1252980344195776512
1240267182237536259
1255316715505946625
1252604608524029955
1249403365416722436
1244975895720402946
1240270999783866368
1237054598336196610
1242280548510453772
1242930053949861889
1246941532499906565
1251779992784187394
1242587306248359945
1250084473934360577
1241030029976440832
1249372466499194880
1258525928939941888
1243164040584736768
1265018478110670852
1250991527737909251
1251568051050422273
1268870354090577922
1248813677576441856
1239409486210707456
1238308870071582720
1250963215779069953
1246495525421146115
1249356722067648513
1260236882610401280
1248647363935207427
1260871733982236673
1257414102080729089
1242590362939658241
1251506705793417216
1247527749234774028
1268587049856180229
1251155864083329026
1244372891099181062
1264629346700070912
1263474431747334146
1254195608782548996
1238172954569125888
1251160498550091777
1246140944958849025
1248747637521743873
1250486454645481472
1248277871644286976
1240738344432218121
1258477819069378572
1243248417587027968
1261192269136302080
1259309044319346688
1250206368868507649
1245735723237597185
1259869582778683392
1253348183901642752
1238556555789959168
1248093185374650374
1259956117884583942
1236412375173136390
1262491111425277952
1241387971351326723
1254480802878050304
1260305663131103233
1262910843802521606
1245734060489691137
1240381358788284418
1257490332985540609
1254781464316502016
1253309412149800963
1244701646795485184
1238794152197992453
1242222135696855040
1253642687707742208
1242852520243929090
1252085759064125440
1265324647396057088
1252319680334790658
1250795418675556352
1250254227059982345
1243265488664301568
1254134370111311878
1259922459505184768
1243388371629535238
1238970319429402636
1239368560582983681
1244318644747866113
1251129996862685185
1244702179874738182
1238498230347890689
1258219880194674688
1250580389934088193
1268284991324241922
1241196195193683971
1245441969263915010
1237820323120254976
1258064494913294340
1246422824601956353
1243161884255232006
1255614444815687680
1242982651348365312
1240091610467241984
1260891557064069120
1251151667384381441
1252303003593441281
1247430395571982336
1241532578806497282
1258371685658615809
1255501938373910529
1253343026140852224
1238320689637142529
1245041998794498049
1240759080886472704
1239753770768240640
1248573159638536192
1239611004432105472
1242764000422768646
1238614049144950784
1259261557638402048
1259619584728010752
1257794249309007876
1250837729539211266
1244959777211416579
1243365018554363904
1260396288044085258
1258703332430024704
1249869771522428928
1262034718306054144
1248321322716934144
1245428663627235329
1254028816508424194
1265644449398493185
1235944991685595137
1244720710037254150
1239367659873017864
1247190643593474051
1237512033412603905
1258534743320064000
1249737006835531778
1257637681468669952
1264287370616229902
1248753409110560771
1247131884578054145
1240396592349413381
1252428644783251467
1256962564233342976
1246522470775095302
1264610057418878978
1239949350291283970
1242089318061146113
1252310110401179652
1248752263537078275
1265968506396389376
1265838934828990464
1242575899989606401
1244539405399920641
1261631850142994432
1247769465527226376
1246052021217529856
1254761498410455041
1253499070502633474
1255538507663265793
1235188694056869891
1242085564163207168
1238905586173071366
1238615906135298048
1244994380202684417
1262839467871801344
1237931001675943936
1245709761477312513
1259905400859693057
1240723660358459392
1259070019427852288
1237147780331843584
1238983917845327874
1242410576325808130
1252316570988183555
1250521801572126725
1252981107060092929
1238415202561003522
1270141864264556544
1248657529942478849
1258864835573559296
1257856315365511168
1236101496661516288
1241305142986780673
1250205942182002688
1255999224031916033
1258224380536111112
1241214506673594370
1249822743207559169
1250897408944492544
1241854310201331724
1244992551452651523
1246137441293160449
1247143065426558978
1245379862036131841
1238404218517696514
1255119780790652930
1237046757957173248
1244306951401549831
1239727334137024514
1247950411950145536
1255565339817127939
1254400680443498497
1238422977055731712
1235374178997501954
1238662051800760320
1255483230364499975
1240207581890707458
1270320623559086080
1262932703462203395
1246812311488040962
1253879683046952960
1238951211233153028
1255565791824617475
1251883848767594499
1246140444821651457
1253527147202981889
1239151502658281473
1238433266744557569
1253489661290467328
1248781600487333889
1265066889463705602
1240963209374433282
1241616824455909376
1250462827627909120
1266398866942971905
1248031394640678913
1246140724887932931
1251177047965253632
1251337710519955457
1246427022135615489
1243676680444678144
1251490826561126401
1262096506204688388
1248936841782472705
1252986335368970240
1251187952887218178
1245455099851427841
1252319678237675523
1248939342271217664
1249394653062979586
1249698840845967362
1264881926973816833
1246892326057885702
1241154993924780033
1237222329530429440
1248689641965989893
1265103909317730304
1243261692915613696
1247193435150442497
1255525596827996162
1263819281592209408
1255126977125797890
1239694269805461505
1254546276185780225
1255780989714010112
1245313879489548289
1254830489774493696
1245385986571370496
1248249642342469634
1259611163337293825
1253496813186940928
1239199005202055168
1242082903414235138
1266076638623793152
1258546305627897857
1248621680752078850
1238618161576120320
1249436208725360641
1249296181634764800
1250206663031820288
1237041926387519490
1249799551688597504
1242868535279452162
1239305692982493184
1243678321327693825
1263914458289668108
1259548898571542534
1245383718409297921
1270103880118960128
1261676034644205568
1247562672343863300
1263918790225678341
1242105826661281792
1236309284037758977
1262500277858549765
1241256772494594048
1252222751026434052
1255273673663135746
1261325569565822976
1244737291848949762
1235714453129359360
1238669428444794880
1244408413871845377
1260272313431457792
1244064939091857409
1263132842390949890
1253077393805377539
1243629814495490048
1256014560638763011
1250118946784710658
1248697656307863558
1242343148321492993
1254235387758854145
1241931859073937408
1238108636926349315
1262988097526083586
1262085506311094278
1239950650856833024
1259944260876500993
1250243089085730823
1251576177363427328
1242451486577233921
1246940442912006144
1265829639764746246
1238617998832926720
1242270953930919936
1245646714863636480
1238069605530243072
1254026767569993728
1238924132101783554
1237765933197910016
1269768423178985482
1251196039257874438
1255523219576152067
1247986502153506817
1248003141125025793
1238926779169017856
1252423458014687233
1245645330642690050
1251305750128885761
1244612032030277632
1250207730226401282
1241559903933739008
1260282530122563590
1250554225425334274
1250899478720249864
1242604169661493248
1245349532617097219
1239711624870723584
1256542615589335040
1260877901270077443
1246440704244617223
1245341765244194816
1241151669620084736
1241021267014270977
1255245963599450112
1255897344144486401
1243660116999712771
1247231031226306561
1252008175412396032
1257071041349853184
1252439822343405568
1246653860581707776
1255568814881767425
1242272645552488448
1262893528608276481
1261481540288012289
1242959836616306691
1243862230317305862
1246774529822789634
1253017437269889025
1248415864870715392
1262695299895693312
1250214185914548230
1242626218949820419
1250461932093689857
1248214223605415936
1251289243936268288
1263956830063079429
1245347752021762048
1241542916750880774
1269022289590456321
1262427333434257408
1243656038173356039
1249869900576968705
1244038253491228677
1238836270023028736
1247638812513177600
1248058178555842560
1256917075999838209
1259253066819346433
1263059304460025859
1260393839682113537
1245393125251657728
1264618692563947522
1240678793246846978
1254811847900966912
1253121451860922369
1251486493501280256
1267468696404086790
1241468094935191552
1265832248156315649
1247997889525227522
1259543392238919688
1251843070766845952
1261420244590948353
1259448923145601026
1240014974086451201
1253566919828963329
1242266866992758784
1247697984277696512
1237506282258604032
1240033575417925635
1240794154478821385
1243147909325115394
1237918257794949120
1247511633502633986
1243180901972008963
1243180994666147845
1248051996223045633
1246449239011491841
1248952450628886529
1244038146616102919
1242648920901156865
1258344891198906368
1246444287811821570
1256061579906428929
1242399879244152838
1263961489393831947
1248354341502754816
1253696867034107910
1239222611801976833
1245826589792915460
1237880103914352640
1250607716889960449
1254989690954014721
1238567955455070209
1263058312435818497
1258529661572616192
1263817929214373889
1239381030764777474
1237506823520841728
1252012625996775424
1237552271807746051
1262762186281234432
1261315614813159425
1247690864773693441
1259940674767634432
1265804256440987649
1236997624777113602
1246433908431949825
1246522931209003008
1253093629851324417
1248687077723643904
1236998094467801089
1243638475561238530
1244708057554268161
1262749578064826370
1267783275336040451
1240703267098722306
1236716625702924290
1240357636077506560
1258250365503442949
1239955846404030464
1246546165409218562
1246907886808285192
1265435079289044995
1258145364793794565
1265122339970220035
1239246329471172610
1248626947380269056
1251549526424518657
1236996863896805376
1243387114462437378
1264054484021501953
1262883534408224773
1254023810300461056
1254626274544418816
1254538123259916291
1253133276614721537
1251631734279544835
1242931375726039047
1242965533382893569
1245091314947043332
1247006399600766977
1238282422120259591
1242954200033759233
1251737385655840768
1239547757372858369
1262693749634842624
1251627690500784128
1243034963211104258
1238870932518813703
1251626335014998018
1242185178635698179
1244739980515295234
1247353456530161665
1258971972563865602
1241851646990319616
1253879799145209862
1240448219789869057
1247591506799714309
1242964137258496000
1262366410954678274
1260750824537567233
1247130896462987266
1250489369934344192
1235789284260687873
1249411924086923265
1240152695656374273
1240625852586606592
1253351156962729984
1243613224722935815
1249179636011057153
1238928348849614849
1243191621732175872
1249862938325852162
1238919958891020290
1243758935749861378
1240804243008901120
1264518157261246464
1252296440421986304
1248372338627727361
1240076308195028992
1249111242800689154
1246777658408656896
1245754530375118852
1240056289503465474
1252349960776867845
1258395443345719297
1238900480224317440
1264644746217230337
1248173859309748228
1239152466278711299
1243944533412458496
1253828882077290497
1238837369870180352
1240686934474678273
1245677925703258112
1254414262732238849
1241927480748978177
1261245202049744896
1262557285710258194
1247006342235160582
1245479479323090950
1250874136479649792
1241979036173295616
1237058534824689664
1243345537262329857
1261677708481835009
1250975025257160704
1242186823629189122
1253685794478395392
1245027870617022467
1241510365835427840
1260695937581813760
1244489537923006469
1262092139367972866
1258016472586207233
1255153764589350912
1246444636488568832
1247357618403848199
1251525089167912960
1243635706293075975
1246290387163103233
1247713780668280836
1245925105617653760
1238871404805853185
1250880878772924417
1255616596225204225
1243761507898478594
1242405236746092545
1259841172106809345
1248214586295279616
1250712066748551168
1239720681732034560
1238614442591518721
1250790504427655168
1253784918506774528
1252430594727751682
1263945207009214464
1256971634533154817
1250893603251126273
1244899154691751936
1240176015097413632
1239590631401558016
1244329214746165250
1236617429616398337
1258190901148557312
1245501421019172866
1256336397872427008
1242290045551284226
1235985916478525447
1252248394053169152
1236995616317767680
1246975613082238977
1250856005136760833
1245857441717211136
1244402797682057226
1246620933651083264
1245054751877689344
1248687832476065802
1258438413780422656
1243478036013555712
1250885759185440768
1248068165336170496
1238254320572907521
1246890493583163392
1258404138163019782
1238569588834648065
1262880157624340480
1247132956298227712
1238832155385630720
1244772266195517442
1253033840777531399
1251873832782233607
1247469482756296704
1238528332473532416
1255954082436722689
1241098057372049408
1254804710424543238
1246887351349018626
1241768219028979712
1269261151193481216
1247989989331415040
1240705868716376065
1245570455114670081
1252288590740099072
1255250884273016833
1250189298147692550
1269097139738738688
1247875885946023937
1248382115323899905
1237817402785701890
1250165650917601283
1241495459908157442
1266709361700810754
1239005532696064000
1244297807487479808
1253473883249926145
1259996066679832577
1241060102511132683
1240843862270267397
1245519712676700162
1247006454072172544
1243322436508168196
1237706947366977538
1240249418852548608
1243309014773088256
1243972300011159553
1252344972826701832
1250160594147303427
1242632440197283853
1238524621361745925
1248634197704609792
1248900209578516483
1250892145785012225
1240440238876606466
1259286876172795905
1254037155762102272
1245911961801502720
1245826716272144386
1240101353533386754
1243942952122146816
1245149290286264321
1244243815411712005
1252426238167138306
1258016010424274944
1236993352807088129
1237847430235697152
1252346455781552129
1244747619848663041
1255946803289239552
1250079824892375042
1247994898206392322
1235649635319869440
1243660176512757766
1251284730500255745
1261514020588335104
1250735478992785408
1247535679287865345
1249319769842556929
1238072990945947648
1254042930492342272
1248084765133213697
1250887402979307520
1243603377948409856
1250883396504637440
1245797376037699589
1247912768855998465
1249669651648458753
1237375987408568326
1248206056087597056
1244387681670438916
1236993533195796480
1250855144226512903
1249010590435155969
1244594005314281472
1247933058440986632
1270364686949724161
1254452996185997312
1253373546941857793
1252409439946080262
1248011603569606656
1241040208306622465
1238146947346771968
1247993618197098499
1241141955041669126
1250152014698422274
1248558745132679168
1243534670974930948
1265728736445464582
1247953237396914187
1240627673656897539
1244482903964364802
1238846620957057024
1250049126009536512
1247007100146012160
1251183013716688896
1256309085571448833
1264999894965800960
1252252521999015937
1267913568919453696
1251600991100731393
1240693850735181824
1246546068684316675
1240356020947476484
1250077945344995328
1242319127785725953
1239317025190825984
1255216905968893953
1251625663271968769
1246890055735685121
1238567851654631425
1244146929338142721
1240687949873741825
1246543992248033281
1238484002274717697
1250895500401836033
1247005758753030144
1247873034347823106
1245487755494334465
1250489840057147392
1253466186106441729
1260243208891707392
1248381753997193217
1254034791890145280
1244482444331569153
1250890952979382272
1258345372520452096
1247005411636641796
1244152110712848384
1254696586573221888
1245021950126235648
1255269477551407107
1264622839405125635
1250850270235541505
1247006784306413572
1250891300003631105
1250884286066155532
1263533828141993986
1252407257549074432
1243180980715819009
1253682366113026048
1238993168567349248
1241069278553690113
1239006370059476993
1241160943360507908
1262954570818486280
1241932467277303808
1263948413672005639
1237988859281104897
1239153431262179328
1258789448927584256
1247741034022539264
1263942012564316163
1242458211401314304
1258364842211184641
1238145779421806592
1252584705473593344
1263551294607851520
1243521672893906946
1254244408171651077
1250527021916094467
1243989316088598529
1262252925864329227
1261240450834407425
1262849099709255684
1265655341326520320
1266027985162899458
1247006171971702785
1244768494337642504
1250886202514956291
1241316335814139907
1244484106714591238
1244246058206724096
1245411379856707586
1251629461415624704
1255268208615067648
1247933607638949888
1248382063683579916
1236438204506673158
1270395731183091712
1254817909857280006
1241315782526672896
1251215501860241412
1263430485633634304
1245334575980646400
1248805822534123521
1241167749629476865
1249347255682940938
1257737149828513792
1254372162196180993
1251919601245605888
1248395165795880962
1238255817985536000
1250888346462760963
1253501143671586816
1237595092577185793
1246978997965205505
1252713929983299588
1243942818478993409
1246471583880921091
1244963397290070018
1236849538238988288
1264764331004178441
1236434419671498753
1243180927112613894
1264600691252887554
1257331502796410881
1250893960895238145
1257355226555854850
1266479453284204544
1261670071652552705
1250882074304798721
1246099411471654913
1250163153738125312
1269834328386781184
1251257374612037642
1249325215907225601
1235391239203233793
1247496112778416130
1250893765482602501
1261497545160904704
1237318242600919045
1248561163580956672
1251634134419718145
1238707847824920576
1256569517959979008
1252655986978029568
1268859396764901376
1260020695536332803
1262055582288224256
1245674140792754178
1243209897656946688
1241097722402406400
1244398686379094016
1245678291736018946
1244824381513240577
1250468511631249409
1239989124058275842
1244748657729196032
1236305112500514828
1238061964410011649
1250887167318122498
1250886613204381697
1261443168744222722
1250888588717416453
1257989023878045702
1248029283462918144
1245216000674607104
1248710192231047171
1238580258389012492
1249707718446845952
1269279601592844288
1251122128621047809
1250881416981815296
1241437404302585862
1251922595093647361
1243605164562493441
1251919580102000642
1244332972989394946
1255570170682228736
1237905818865016834
1254503422478467074
1258021425807527937
1243346735595913222
1243180969177354241
1254473738369798147
1239309768902180867
1238966906666782720
1253304134679302145
1262326503255281665
1254501501256577024
1242913721640521730
1251213584366997505
1243203428806950913
1265104640812756992
1253925647715614720
1238145740305768450
1254215293418831872
1253352367287918592
1256415843547783169
1245674182358245376
1247497338647691265
1247896379956944898
1255590714844553220
1236359818904064000
1249315287100514304
1245667787466584064
1259813817741082624
1253878040549097472
1241077777211760640
1250343731980451841
1254422537179725824
1246044258244624385
1245355690513833984
1250895099158048770
1244731795314180097
1236064463243169799
1249773984717115397
1260375428423979013
1243016497934581760
1238858554284683264
1250882267544780800
1239964775951421440
1249636408832253952
1241165844547358721
1245359635973976065
1243717923677638659
1265480492738129922
1253352098625970180
1241443236297785346
1241079288981524482
1265655057279827969
1239314391499243526
1262826669871677441
1258033734496006149
1249777911676186625
1242264951898677248
1243751460908814342
1237490771709661184
1239148321140355073
1263072887004684289
1263066476673630208
1260885813916839936
1243646983488839686
1239309676128411648
1239499687750664206
1241442836672917504
1254512845926150145
1248569694707240961
1265281227038306311
1258109019719335938
1238550767541370887
1237947308463063041
1238547055091560460
1238548620187754496
1242139287891726336
1243241490991775744
1251359889600974848
