1235173319839813638
1236695254000193536
1238202741463400461
1250491446391644163
1260602571221274624
1242301074003898368
1236603260997419016
1242569489885147137
1247488761363079173
1244374692930228224
1252930845616164865
1244418948277448704
1242941375102017536
1243698808975917056
1243674238113837057
1244058439334219776
1237854483738066945
1244670401118113793
1261610439097671682
1255509836139302913
1239811584681271297
1242845080228151296
1242503131637915654
1252687985855922177
1252551262710697984
1267989158288601088
1264177883561459712
1235022347070885889
1254489535880269824
1242541829356126208
1253742053466476545
1240838004257808386
1242779170809294848
1262123120405745671
1266822651609317377
1236602567905497088
1237018508422254592
1262528023351484418
1236105729842581504
1240968754894381057
1250955867916288003
1237856008103325699
1260689472448008194
1243858431112552448
1239551356043694080
1257689984905228288
1246214495841570816
1257302509888188416
1251893887788027906
1248296124034809861
1238450128870084610
1241529853159112705
1240595206073974784
1241836628127240193
1241327391840112645
1236639461896859649
1251931908969238531
1243580934869442569
1242555383652265985
1244375499541004293
1262724560920682496
1248073573723504646
1236597966321876992
1243280191335608325
1238077901674819584
1250746242163978247
1265986606898520064
1238090845842219009
1254432691493060608
1257647970486493184
1251518763817750531
1250572305593511937
1264216294678814727
1251679083240529922
1238958129020391424
1252234215619309570
1261796766749523968
1246481425840451584
1255546046719184896
1241779253450063874
1242754559665152000
1244941649341489153
1266324934600646657
1241735640556941315
1248227088076849152
1246935179471527936
1243870834801983489
1255480357459234817
1253891733902864385
1245120449266233344
1239870807305846785
1252028656265854976
1242467643874889728
1247110006681501696
1264894503426686977
1253811212988690441
1238636543058812929
1243601378070663170
1261838265801474053
1237138919013187591
1258516362005082112
1255821167170072578
1244802583610433536
1250561193426722817
1245845787550060547
1252944013017128960
1246398015251910659
1244411313016750092
1245034392373940224
1268622839264866304
1250750001522884610
1239374355211190272
1238677185659056128
1248840143659810816
1247487215812444160
1259888887868067848
1238297599209332737
1239406842410938368
1240957401878220802
1243518023794917378
1256947679080460290
1270000501480992769
1248839780072374272
1241780562718789635
1248248320050343936
1243337904128172032
1244674937400459264
1254019572778373120
1250935759907012614
1248791465419059201
1252646715976495105
1240974476436701184
1247658630914113548
1268578361795805189
1238131140457873419
1240093390953480193
1250119434334801924
1242572246536916994
1243278819424899085
1249051462027677697
1238103064969609222
1241126897741938689
1239196526641057792
1250802853775585282
1255876479348379648
1252372244715593728
1254546561025146882
1266414822465441792
1245849331778928640
1269303857592578048
1246609671173046273
1260313822021156868
1255082084982493185
1246581843350126593
1262737425656418305
1241419679186509824
1239858782798336003
1247603805769867267
1264231931924881414
1253441991855280128
1242213514812555264
1238822692624752642
1237837387184640000
1252239990811250688
1264744303122923523
1238273203858018309
1253900995823833088
1235576410015756289
1261738774259777536
1245196764778565633
1241717730832777216
1243251262738575360
1243734132003405825
1262528435781611520
1244033054303281153
1252238132482674688
1247075181564170240
1245275621711843329
1264891507057799168
1236784690956251142
1241836816115826694
1260056564112777218
1270070536098451458
1243619792654868480
1251931141214535681
1244940700904558594
1261291779187453954
1247279185455915014
1242278989969883136
1243973450194190337
1265393760055197696
1240798307347320835
1250920279913742340
1257303003071209472
1258876023749435392
1245452073233264641
1256004785003692035
1241692766540894208
1257435952420659200
1244978694264741888
1234913023518744588
1241009335100215297
1242198704729268224
1260205468724666370
1237533038214430720
1237071559384281088
1255508843104292866
1259887339217788930
1241702198813360130
1240069672554430464
1237467291996078081
1237815130211188744
1238662560301400064
1249464028201717763
1266678892988977153
1246473840835940352
1252238629809934339
1247573136859693057
1260241488237207552
1252873347848826881
1257359119327145985
1245890011104493570
1248723251070631937
1238083786400768000
1240094184054370306
1245346871138234370
1265985741525524481
1246527923869360128
1249404860820328448
1242027098623139846
1243883151577026565
1265820942304935937
1239213614122270732
1254404971925307392
1243131917366710273
1253347468370116609
1263907513289842689
1241460364463702019
1244643140163813376
1260250776728817664
1244267499052388354
1239735091955466241
1258216988339515394
1240597973182144512
1248963328577351683
1245534687487045632
1245531444652408832
1237581937771827200
1243942461124366336
1245051841815228417
1266798062158184459
1252237218283835398
1261338703349284864
1243652751638364175
1245340445212848128
1240596108121907201
1241784207346728960
1251853556367458304
1246862097935368198
1242247798587904006
1270676436907511808
1244048733999939585
1246496819535896581
1255185306904649728
1270087464514977792
1242947701966139393
1245452261083545606
1257746256677539840
1258153082946535431
1253668168125612036
1254435305303814144
1247483842631532544
1249733517321228290
1249125945832886272
1264705693988290564
1251232966602342400
1264176810184650753
1241743299725197317
1244682265105444864
1245764985206300672
1248840002777350144
1253156936222212097
1250817610016608258
1270061415366352898
1244439021566246912
1240267521355366400
1236009608671608834
1246122639707590658
1247286195069091847
1267886571153432576
1246196834072236033
1245867340077522946
1248571813216616457
1251569134518915074
1260604009934655488
1243484994498150400
1248261189940977664
1238645642613919744
1266731447186006018
1252923437846323200
1245526712387067904
1256378265654235137
1250987956724289543
1244958465749106690
1245124583738523648
1238669040832389122
1255165678925107202
1255988568314568708
1245713046116409344
1248230868835057666
1243253471396204546
1252316374103359493
1246514562813366274
1257833957720129537
1240414040838586373
1257180919624085506
1264204543929266176
1265831103711055874
1254060237910347778
1256286305845047296
1262155137512099842
1250427304523624449
1258804719759261696
1244807447027560448
1248965077736308738
1262549875725656064
1246481567628869636
1254810205319290880
1254197896645402624
1249815131976011782
1240999189284257794
1244810588364189696
1252907905319407617
1242208151971270657
1250120323720269824
1253349016051515393
1264615724783411200
1265830574956175361
1241939497958486016
1241794000882929664
1237076324591730690
1248595061153189889
1264526652215906305
1243508506994581505
1242660674112798720
1249445610459201537
1262844833544187916
1255958255609827328
1242777230838763522
1238635796661493762
1258082023710883841
1249126039575461888
1249336739111612418
1252195634666487808
1242857068186517505
1240752862180921347
1241464383638773760
1251790264177496064
1240446344885657601
1249859969660399616
1250027316710866944
1242929978716676104
1250023613174087686
1239519444126359552
1250122134116057088
1248989326165319687
1251130515677155329
1242517665526267905
1263503750913765376
1244025327720022016
1247605815709782018
1238081995349135360
1240327802773213184
1263997247735443459
1247302511993774084
1238307619229650945
1255512416261148672
1258453458388168704
1258452231566786560
1238514939993743360
1257663383391948804
1238908035147476993
1246201036362186758
1262531590879674373
1246218128314556418
1266397808019615750
1238271400173088772
1241358683210211328
1246199584378048518
1244456114244194306
1241392366101110785
1250230488905777154
1267433549982044161
1259619651027435522
1246207234557857794
1241598378749935617
1252748659466424327
1239250049458200576
1239386198025666560
1265040992329228288
1246193061639659521
1237807218302554113
1253443855996923905
1262408107071807491
1250896860132319234
1259917948975792128
1248644603349254148
1251852549512183810
1235703395547254784
1237917139094339585
1239364750246662148
1237693398464765952
1254240506718105601
1237128555974270976
1241510049639530496
1258179680475250689
1244373355798675462
1253453235999977476
1261983895333019648
1237860858962706445
1268129055712464896
1237116325484470273
1250918782920462339
1244414845560262658
1253481168260997125
1255888992786165766
1240430931124633602
1262437887578169346
1237932766160990208
1250231943343546369
1261051183927627782
1257057269096656896
1241504732507779074
1251672675560415238
1252753041087922176
1244087211278118914
1255298562642116610
1252737074819747841
1257098005141811200
1249770684982726658
1238287032306278401
1245942923608424449
1241269477964161025
1243709593815048199
1257655102602690560
1245442730597199879
1238567260127715328
1244478051926323200
1243874607498747904
1244165029643137024
1243488589519958016
1239524367593340929
1243136505469710336
1243139349866336263
1246069698896281600
1251847357077098496
1255380368955518981
1266541681110892546
1250536033726300160
1255565984959729664
1247333588741369856
1257883235784237056
1262312987035082753
1258379377085231106
1258069696009641984
1256060834775777280
1270096136766918658
1239347855921479682
1240769214954291200
1242906623837966337
1244767982603186176
1242191755602247682
1255469155089879040
1260669240492859404
1241398359665119248
1242933533997498370
1238421709960753153
1262431899550658561
1248999590101159936
1255899647866011649
1251690105603063809
1265781879199973376
1242228972991234048
1238293216040026113
1247060652486799360
1260507002867978240
1240472828568375303
1258896982296363008
1245443645135863812
1243224259297792002
1247517679843299334
1259967972384350209
1241864468205899782
1254929965994446850
1236987105550782465
1249250195591888896
1243586390300020743
1248583913976586240
1247713853028347904
1239447957994385409
1240080089980772354
1236284320098275330
1255513262638186497
1237819772940824576
1236272832012865537
1243622780454699017
1249025752307314689
1246171047927390209
1267062615383171072
1249782714372198400
1247292100028387335
1238456459505123330
1242217184513994758
1262510600854343688
1262139484512149511
1246431031529529345
1267760876884541441
1260252835075239941
1255249828961030144
1253452355959492608
1263234367435964417
1242065515780149249
1260176749759016966
1255133174847307783
1247182564785360896
1256689691212034050
1248264235978821634
1258499887546675200
1259946605165371394
1255640881316626434
1239547377297620996
1237040323987152897
1258538370931671040
1250119663679426560
1250839666607226882
1255635646846308353
1247684118332215297
1255134235939049472
1237336605813334016
1260280663145660417
1255137414344925184
1239641229211688962
1237913772372754439
1253366373696274434
1241432368583450625
1257322091017199616
1253643705992523777
1243341712669519882
1262758701485584384
1243343824627392514
1241323840703209472
1252220132740472832
1247650852648759306
1259984725797752832
1258137740991963137
1255100976152956929
1269944610429820928
1245461696409370624
1240790949820878850
1246438506328731648
1247697177893318657
1251014340066582528
1237400622531596288
1243656502092738562
1237858483581538307
1261589461747609600
1270008282166497281
1238604250877431810
1253094564774150150
1241942800943517703
1237130116666396672
1238088620638167040
1241854119578664960
1246575420117581825
1252065861046874113
1252239623603892224
1242918799214444544
1246099363203559424
1243214036671610881
1242073207638720514
1239467638981570560
1240828427114098689
1235028838460968960
1255654258055286786
1239950609073274880
1254297232897171456
1238005796820209665
1248096222176477184
1250200099134849024
1251840357312139265
1237402788210061312
1252508671814389760
1267622398972645377
1239365360316448770
1258355557372768262
1242283250011299840
1239367350039842817
1242907976006066177
1266960524979339265
1246940658285326338
1247711475499708418
1239545841809010689
1244814558000275466
1257691635615436801
1241453394197450753
1254148277068595202
1246458504593932293
1241312151106699266
1241450072170205190
1251488747528564736
1261709623771435010
1262684359901040640
1237902102447431681
1266110230187868162
1262379071872393218
1242066332063014916
1246098485285273600
1256706995148783617
1238445171576115203
1239163380780367872
1252338601146249221
1240327307937615873
1245773812748169217
1256290649856507906
1248976761230168064
1239709658689961985
1249033669387452417
1239658844080529408
1245514382215430149
1240675655760719872
1261971444222828547
1242201737609519105
1260389375159996416
1241506426247426050
1247710219448324099
1240556224548044801
1252621913765089282
1248625167296688128
1259941669404844040
1252283616396226560
1247697454557995008
1242642410217316354
1258652060863672327
1254924442372890625
1239045643487846403
1235726125436997638
1254928002795929600
1243823666682564608
1250765236723998723
1239203421825257473
1261028520693772292
1239767781622591498
1238282924971249664
1235766232357486594
1253746028974669825
1251231979800014860
1264265393067175944
1248804582110531585
1266146684893044736
1252764525532766216
1260266231699066881
1238808600287551489
1242161216673497088
1259885386731577346
1248584986162343938
1261466560499257344
1245020830280679424
1246907799201878016
1242918057837842432
1256316002524000258
1255837316825874432
1252255153144684551
1246248835581698049
1249471629136211974
1238621005859491841
1267507698326700033
1253220613696741376
1247295737844596736
1255216764792823812
1244234914071023617
1252951880621268992
1246909380542509059
1248517738164862977
1235518336013910016
1250932546059280385
1240626373263269888
1245144910396882945
1243970894181138432
1252503735164530690
1269247337827835906
1252698808238198786
1250054647814983682
1248365261708840961
1247288932280262657
1247290915389046786
1236738609585192961
1251881311108845573
1244043415106568192
1250771137577058310
1254708222629425153
1246048807634325504
1252429172493783051
1238092330902654976
1257803477130100747
1237803446662762496
1246617093811953665
1257721837158641665
1255178675005382658
1247270602756558848
1242077195448782848
1244872220956033024
1264373460219965440
1258190184644071427
1246936390123864066
1244353138024472577
1246577511976390656
1246772561628860416
1237382838233829376
1237918547046793217
1243723510222147589
1255885805119250433
1269318231988285440
1260701482413969413
1245844771244929025
1241847577777233924
1252005631294390272
1243612773432557568
1243690643022581760
1243414839340367872
1251213950726934530
1245481002983702532
1246868062097362947
1238368942269198338
1262833208355364865
1258406828754505729
1242184642075209734
1246869129811853313
1242066292212936709
1270007139566710786
1248824717991174144
1241760558648614914
1238777950092365826
1238618514321289217
1247265373956833282
1258854439080902657
1238787625474981890
1243179288490389505
1251488629404426241
1243065792415105025
1237189140292272129
1261392821585575936
1238068388657840128
1260245865786224641
1270438673960534017
1249014929719537665
1243345933720526854
1269369826876837890
1266460932173160450
1253799157581692930
1250928781004550146
1265437643397095429
1236137018318602241
1238093320116752389
1244767736489787394
1239944869881221128
1247559385301372929
1246409976081313793
1241445134656471040
1243372262843133952
1239386317609467904
1236574694402404354
1242568084839370754
1242894288867987457
1239967116981202952
1255873483571187712
1261441640956227585
1238228822073511937
1244305448989274116
1238477137872551936
1262093652622483461
1238889444658331649
1242639045102092291
1254166984654233600
1265108400733655040
1260226685728886787
1261390689541033984
1241473313836134400
1239006900634648576
1236991137639956480
1260889269410959362
1261450812766724098
1239358141869035526
1236256333130797056
1251961478560841728
1251877360544231424
1238221028951822336
1237800280319721473
1252977588009607168
1241928491609862146
1256309130333171712
1240927145892986882
1254940656658714631
1251784339853017090
1246921924061679618
1238460252053536770
1249672139592122368
1241071783744241668
1250518566279024645
1239013810784088071
1241905763381059584
1253274596935114754
1254906340524339200
1238837315994181633
1238283242949746688
1253780106138587136
1250036775843749890
1264302227210018817
1246247616414965760
1247955853451366400
1250041053492793354
1244045989700349961
1251335169635758083
1243678666976104448
1247811681499189248
1239828603979915264
1237688172458500098
1250517521217847309
1241543127795740679
1257702557662752773
1270105263551504385
1248199736961761281
1256721109136834562
1250079071813410818
1264613415525457920
1243721341255196674
1259280438885040130
1261016309049024513
1264731001210757120
1256739900591923200
1265087736899403777
1257756739228831754
1250157948325605376
1241847105964126213
1267231505316806657
1255816603310096384
1264374752849932288
1247531787430973440
1240353559260127238
1244046285457559553
1239856801929146368
1242457180290322433
1250191318804058114
1238541330965581824
1240443820896063488
1245144513011744769
1241490119577780226
1245481343095627777
1263070572680011782
1250079308653170689
1254188053184348161
1245840162598289410
1241907229521051650
1241834168734158851
1241629465576443904
1254138347552997379
1257081515344662528
1251950162156625923
1239433775249063937
1247895924673662979
1250883350157541376
1240112142982041600
1246909583249022977
1260661959890001922
1260745013387984896
1245336467565658112
1250502484780634114
1257737580650598400
1238979467994976256
1265261024820813827
1263930818419920901
1248042782134075392
1244873644301565952
1244399081159643136
1239175904665972736
1246565037629718528
1262747456497836035
1263074328599572481
1266054005358243841
1244401638980419593
1247198239880814598
1251916374982754304
1243953533847773184
1253092402237186054
1237160907836461056
1260662445464567808
1260959841457188866
1244400779378688000
1235569447710179328
1235763895840788482
1251673029098291200
1241364717983203330
1257445310219116547
1251982578111971330
1239279033462001664
1256587383388221441
1247497605422211073
1251279439624835083
1254168506653970434
1246920122591313920
1243610276836106242
1247909523844669440
1247208613908819968
1259466437518909440
1244399595872010243
1239275694049374209
1243175365712936961
1252656996446343173
1243668883233538050
1243717114260860929
1252248544972595203
1238197474147344384
1252451259904405504
1254166713676988416
1243256764914700290
1242638160204570630
1240404084429029387
1252780542212411392
1247720572135538689
1255589058761416707
1259872538001379330
1245470250272993283
1260888720498180098
1248378910204547073
1252781942094868481
1244460304777596928
1243753818829045761
1262335167970054144
1238149088220250118
1253504980398546945
1252730263668432898
1245916317204406275
1253356801644519424
1257127558925168641
1238976406421471232
1250546772402999297
1243539590679539713
1258059076854046720
1249783763447484416
1241971730324873217
1245055550116765705
1252581411435012096
1244328267177431043
1242997548559843328
1237903963158126592
1258055601667616769
1263923101684895744
1243591756224045057
1248567578257248256
1263927428180836352
1261285418663804932
1245473659269066752
1236846775992008704
1267193355429175297
1248569840421519360
1242265574262145025
1249829830042030080
1253727828685832192
1243595563486121989
1259473922640285697
1245360178175922177
1251643602184409089
1245469647077588994
1253730031270014976
1243592946261295104
1248335203539587072
1263895300785176576
1253805395610664960
1254414616383406085
1260726607628644354
1258463420971696128
1238548327416975360
1238548876690366466
1238551614870478848
1261694407495090176
