1251893952648810496
1263752516656869376
1246163742859169796
1252906670755364865
1247330601033707525
1269241892958502914
1243130130530263040
1245312719185641473
1244359121857642496
1239582083519045633
1239622248606162944
1245123370263416833
1242985141397590016
1246715341004300290
1239348962311749633
1249793077721604097
1246182944651296769
1257299319172009984
1250971328875827206
1269239581280526336
1236807233591181312
1245104708789903360
1259796721011437569
1265817261480325120
1251473804095782912
1243380148470034433
1239292823649779719
1238055151816105984
1243653433338576896
1255647293073752071
1257440598467977216
1239196371154087936
1236984693767233536
1250809327524425730
1251003893942824960
1255228210297606151
1238947704492916741
1243856260379955201
1257136328984137729
1239345118722830347
1239398040290709506
1253022427828883459
1258902869249581057
1252551770179620864
1253815957488832512
1240601216993890304
1250239807139217410
1262578319817572357
1262380935829434369
1249719364053581827
1244625042882867200
1239265096016240643
1240377147132444672
1249845452171808769
1239408672448622593
1241807750570573828
1254394123286708224
1247463674098393088
1247152883163955200
1241827073267728388
1240136735025254400
1262506116698816514
1240594292172820480
1239961240472113157
1238649212247646214
1239022456939085830
1258411235227377665
1237816207623049217
1246482650778537984
1243984895124426753
1239553545092968448
1239738941273780225
1239201786298281993
1238238287715696641
1256954114224852993
1239550295866310659
1241013626175184896
1245606084024225792
1244972813162856453
1242111866819805184
1255850659955593216
1239051847287046144
1238138477608349697
1238644718684250113
1240776894057984000
1252197522308816896
1252690411837145089
1237926443306409986
1240682611099545601
1235200028475568129
1254047436009603072
1260261299709259777
1242660758573506563
1237086589492355077
1267441923649728513
1248572533382807554
1248608527012130820
1265997106206126080
1240571523246755840
1235832107240325122
1251127609704034304
1238143202873524226
1237717780776042496
1235186010587369473
1241882869364133888
1241122787395330049
1269064202720862209
1241189028260651010
1238139413173059584
1259077391139450880
1244014835903401985
1243705244795707394
1244435619398508544
1263560967734034438
1268944174470041600
1236386226740969472
1251135091197325313
1243325521011912705
1243941463945248769
1250579030123991041
1250801062698717193
1243251752285110279
1248037885355397124
1267645007395201024
1249741925986504712
1265682924378210308
1240203660229062656
1238640455442726915
1257517571517095936
1237826931732688896
1239371110996738050
1244604046683639808
1256955231361011712
1237140254458548226
1241045523055984641
1248676191277588491
1266366692214444033
1234951964938657799
1249795890954592262
1246029855633874944
1244423087820603394
1237016729315835905
1252721283235799040
1240756472679673857
1246802298648526860
1246821531809910785
1244297240161779712
1239883672456740865
1235190386236194817
1235750294367203328
1266530002675412995
1254450778095452163
1255238349113229319
1255512445826850817
1238350403076579328
1251127443563446276
1243702437116026881
1245883923202269184
1270453173346500609
1248187789620981760
1245269240241889287
1262590475124473856
1248746891766095875
1244217343724662784
1270459127500812296
1252643239951204352
1243332897832144897
1264246324209356806
1266241610938937345
1242810168708083712
1253442671764529157
1244264632140869634
1240802143457738759
1248647833802194946
1266092925609488385
1244833028058353670
1237414679586242561
1242091080172089349
1270340001168068609
1270054383150129153
1266248110562410500
1267442039546720256
1259659782778171393
1238462598305271808
1258203275699998721
1259857661694279682
1242466103747465216
1242109215965052932
1242969250479910913
1248221515268722690
1237529010088710146
1266542692420460546
1249738461541814273
1250968199203561473
1243391441637797888
1252718713264132096
1266245270892736515
1246402994993868800
1259236214248439819
1243941191915274242
1257415795514265600
1237247446255898629
1249027971215699969
1262083120976801794
1250745044094631936
1250811761114124293
1239747629023707144
1249063672191819783
1243737062383198208
1249588749408796673
1235415356396597249
1244919109277700100
1245267718825226240
1243378498963509248
1249693647207104514
1256405641947684866
1236339801881743360
1239337142792392704
1241033085992538112
1242761538940932096
1257327044523896841
1243783249601716230
1240723559653261312
1253446765107437570
1246387496121966593
1250822469218455553
1260202731228233728
1244586204613541889
1270061640894033925
1239322948995080192
1241700547041865728
1238272895958290433
1254587515606097921
1262152537727213568
1237217322647117826
1262155778816970752
1245721429116702721
1241030737928900609
1246945199852589057
1243939290368835584
1237168789034356736
1237890415421874181
1244055310991572992
1237823683571453954
1250537739105243136
1247585174017236992
1237615044289945600
1260312673020977152
1241429024544567306
1244375152269430787
1251308202844655616
1241815734830931968
1245820053024583680
1240764014315147264
1248038827672981506
1239551848056532993
1247396956030320640
1242975101106167808
1250082158926016513
1246554008623480833
1245098090744471553
1267441786143866880
1239603978062741505
1237329839453081601
1237050445845000192
1255166548219777026
1238521857411817473
1251046653454364672
1245175428853227521
1246783941580926977
1244587075237826561
1247231645578600448
1239658667974197270
1255660202378100737
1250830449489960960
1249035715939315713
1237888119631822855
1251734735430266880
1243106157591515137
1244057223480958978
1241133528483598336
1267442303829975042
1243788594919231492
1240063338933075974
1237070293933477890
1236179352401907713
1244844816149684224
1241480916851216384
1241420171249684481
1243712226432823296
1249039242300456964
1236089795702657025
1241205185780875269
1246017784355721217
1245041865013026816
1241789086223958017
1246817036694667265
1258530393063489536
1244831708589051905
1241192528671584256
1238638218284797952
1237807217073696769
1237726358765264899
1237912864377225216
1238001524040663041
1261463932608237568
1241208228974866433
1240272810209132544
1245436199692623873
1238129751312793601
1264143913889288192
1248928602059571200
1240281841216688128
1257328073135075331
1251233993846075392
1259968915993702405
1244921726967914497
1265366860259897345
1249660444475904003
1248608639302025216
1239449395751464960
1253373247866966020
1239384986706481153
1265980611367403520
1248951491202875392
1255656493128601600
1239843631965618176
1242160679114727424
1254066947299463170
1247979634144264204
1238455259435094017
1243934095081705475
1239643564553928705
1258866652382363649
1255614677754826752
1258772965052858375
1247213768884584452
1241533869423288320
1252791368302329856
1242103394380255232
1236881117468340225
1260227745457594368
1242853737254866944
1249846048056582146
1235718199871787008
1236723157165322240
1268901224700620803
1268940778405089280
1239611813475618822
1246438344927727617
1265385913921744897
1245311576174759936
1239773436681039873
1251233936778412032
1237096926941720582
1260322891339612161
1266252039626960901
1245533102920945665
1242656801897807872
1235681784307695618
1238925659679985664
1244827163263713282
1238904577371627523
1242367798938124288
1243002037589155840
1246753937039994880
1238903818861101062
1264549207207219200
1240853034529443840
1251672892007464961
1245908362577018881
1239161085174874112
1260655840689664000
1247254266567364613
1246133216832094211
1247699545234051072
1246222272324612097
1259659260495114245
1236720283505045511
1235603351498178560
1259441558014824448
1243586593245536257
1257328399250571264
1266762754775343105
1255250613497102338
1245262907979563009
1258177645403144194
1255860454615912449
1238272443342561282
1246257465781620737
1246255905928347648
1254010897380622337
1236278808111722496
1245467432602537985
1258560781790175233
1239928072301838336
1237918477924667392
1246451682638209024
1253831841162891266
1250028883262484480
1241206718819971072
1247683064014176259
1245028836259045379
1237118813004607488
1244608367257161733
1253467410746744837
1267837299095752705
1254097688250978305
1250606479721324545
1248939191536361472
1237527270945771520
1253636928437735424
1249740132980264967
1249687413976416256
1246818503539273728
1237886347949441025
1263974268070694912
1248247378949206018
1237105483867213836
1260656179388116993
1241855261834448896
1238002095812476928
1239541458459385856
1239763300440735744
1266465836639936512
1247733029621170176
1263243479343300610
1239766623810138112
1245378261510750209
1240994846736703490
1244042996913442821
1248622761099976704
1251686540704714752
1256200993018122241
1242015178625110016
1252336020621844487
1239026902398009344
1241612749823717377
1242103050665410561
1237101311105077248
1240804513965105152
1239510436464267264
1242920688110964736
1236237048320872448
1254805442020233219
1240472325881049088
1240222879121276928
1253691130648170497
1253479697305997312
1256225402764345347
1241691583663267840
1235196121900896257
1238920469887287296
1259078845140996096
1249624159631613955
1239951341318963201
1236510428890640401
1239684614983168000
1237921178037166080
1259238608529240077
1262929211301519364
1266718896893169666
1242752073386639360
1241856977237692416
1237665477364781058
1243300110118854658
1238040647518638080
1235257188396003328
1235976174137982982
1240357804160016395
1242016304128831488
1257855338377875456
1245823455964078081
1246779333840158721
1260547643996082177
1245095006534320137
1241458503400783872
1237874343297736704
1239023077788471297
1237287414122627073
1240793999784456193
1241525066464137218
1266068107904323585
1237506607245860869
1262187514170945540
1258573346377273346
1240847691866869761
1248628426703060993
1261094472257069059
1239379720841682945
1251673139043500035
1249701711901581317
1241862228669800454
1246530683020943361
1245310407822184448
1235723350514663424
1264619090943057920
1239249409319284738
1237553529465663488
1256364090169143297
1242233208076480512
1241138980009189377
1238041299447623681
1241499159628255232
1241964115184189440
1250582527183671301
1241684468311654406
1237555019773140992
1266076339901206528
1263646770736832512
1249819662386434049
1248061744616017920
1238495964316471297
1265224587568189445
1246886248192585730
1241963471077625856
1237682270921805824
1241572042815803392
1241847386852470786
1249847337083711490
1237200147769176065
1242093838979813376
1241859319055945730
1255248456291155968
1246780727708078081
1240964417115828225
1268721162479116289
1247109933285412864
1264910069013110784
1249473218206928896
1240595298109599745
1241685411182850048
1237600348769882113
1242405607027736577
1258778564427685889
1248811481128452097
1254409337545592832
1254410404710793216
1262493899781804033
1235879493375528960
1236277912854290434
1238401975030550720
1239932962994556928
1238049373281570816
1254080801614041090
1239774160122937344
1245176100956835845
1240812610020352009
1236283963594997763
1238648843580964864
1236793595295866880
1259712946533478400
1239353217424785408
1264009285358551040
1269442432053149698
1243688070878244866
1241493113589436418
1266465389216698368
1261404700085088256
1238074665135943685
1241927833791819776
1247270047841746950
1245150774012923909
1239202319302000642
1262846247058264066
1247534423848845319
1268708233503440896
1257760201610088450
1238489853710553090
1261099112897937410
1239321849802129408
1242645293696520192
1254803901573980162
1262688365574586368
1262212868457586690
1261268676403245056
1260917364276760585
1248047929098670083
1252952829804908545
1243720400103706626
1237869021644460033
1261760933115965440
1257500511194005508
1257501148065533954
1245828185805033477
1264226002366062596
1238992251574980608
1243143514587873281
1246096052387807233
1250503320709615620
1270392175273148417
1241170611885551617
1239029015391997952
1250221534825807879
1245347441337139201
1246840650169016322
1238177844733317121
1250765292147441665
1242637808214388736
1251965208509263872
1247580600833368065
1245079978728984576
1242181838988337157
1249301990607327236
1240685643434319873
1248043795180146688
1240451572871696385
1263117434732662785
1237119035927662603
1243638580871905281
1241766146791129088
1237621587916046336
1240403640113934337
1250520452574908419
1248104474473910272
1235651567291969537
1262075786103791616
1247740793911226368
1269654148871569408
1245675370029944832
1255179201528938499
1251906143770873857
1257674494400966657
1245485974362165248
1251904150981480448
1247205316099538947
1261621729283182594
1238571693129564161
1247925023828041734
1244718673606193153
1255548349404545024
1258927412190105600
1269476137304035331
1240653145564422144
1261243608721735680
1236118782885666817
1250889115165483017
1255268600979632129
1250015729572810753
1243691642521075713
1265472704486027267
1237870798456512514
1240114643546365953
1241607455815151617
1242813102795698178
1256466777166483456
1270349411453984770
1241089440979865600
1263098651112595462
1243145407720493057
1235241424343494656
1255455430693789696
1253328185535561729
1252997628360634374
1250974954503487488
1256015445511081986
1238981955993165826
1246417082545291266
1260452873961431040
1242266604169236483
1249088322628091905
1253501829289324547
1238631285154877440
1242307857292419073
1241170253054443521
1259278759661907968
1245668731738566656
1256606636044673024
1240687517440937985
1241423346803318791
1252892047222202369
1247724379582205959
1254775641896972293
1251298863547383810
1251969544945643520
1238221477809467392
1269378440681205761
1247888714690203653
1245156680322756609
1241076987852140545
1238854637698134023
1238146655280562177
1244096629575159810
1243666346384261120
1239970175627063296
1251274033884258307
1245296871851143169
1254502534728814593
1237556137450336262
1238190887286583296
1249883544811442176
1240351139914305539
1237868706903941120
1238165668257607681
1241067908069052416
1260928535432232960
1235568437230841857
1240857711606185985
1241904798963765252
1251964208520011778
1235249694332375042
1239185483403493377
1245809284140675079
1252781787593560065
1253298804264222720
1238861188215312385
1252715269077819393
1238705956499984384
1242798695294402562
1263616910425493504
1245750612698021890
1241052215722344448
1250846031442513921
1240861298235256832
1265945039777091584
1245673473713803264
1241442346841116673
1238539958568333313
1237905139681366017
1245668780887494657
1246084825481654273
1237032625480572928
1242181353862463488
1257337620369113088
1238537522126426115
1249638748024975360
1252582592303546376
1235276619562053633
1265083539269332992
1258036162003972097
1237731555788890115
1243018792042672128
1265085202537287680
1256260395133796358
1259473555680616449
1238809578726359041
1249827189220167681
1238545076667768833
1253804338130157575
1237027472509722635
1238399796089704449
1237033604267507712
1243245277924020224
1265280829468614661
