1236260177101361155
1248465115369725952
1240802162181115904
1244024810683973632
1250747297467596801
1250860215085543425
1245734520487325696
1256056574637899782
1242534560233111554
1244971181045940224
1262535629025484802
1246209933667950592
1250021138853318656
1251153002519355393
1247818217256390656
1244439306778927104
1238757754191429632
1244218666717196289
1255514327609757697
1236826529256128513
1244802401963368448
1246213039310995458
1245112818262847489
1247281499445002241
1252551836831289345
1243700660463337479
1255908836206088193
1236261293285412864
1244363178059980816
1255186060319109121
1263667778189475846
1238102656746479616
1242469438768787457
1262079012408614912
1251516092364853250
1252402495705411587
1247284771400671239
1250485571472031744
1237262443283468289
1247547083743203330
1237582992907726849
1257830457057705988
1241552761126354945
1250586403743940609
1262735284489207808
1238947945082470400
1259910598864887808
1246092864641282049
1238238234213257217
1239089375620800512
1250796650492198918
1246005099870195713
1251240566127497218
1255592975066857474
1250804963523153921
1242303068022231045
1247014365292789760
1237486278674964480
1239600512535801858
1239725203292327936
1246582760703131648
1239348108443688960
1262598457006657536
1243980096685441025
1262223171039768576
1241875768768172038
1243599913130344451
1237763732652113921
1256671724298436611
1240206930544668673
1255810973530759170
1245070740484952064
1260609514627268609
1237164016239329281
1244217843849273345
1240398224432730112
1255235502221021191
1254491513637175303
1249519910482567168
1239437925575688192
1239370844071174147
1239739802808913923
1244437375331246081
1246556411909287937
1238661855373144064
1236282299911716865
1237854757747740677
1267793145758134272
1242322773147598849
1249528606755356678
1266336325822799874
1242776838822387713
1237515186736484353
1262787047682686981
1238216734731046913
1261861766797176835
1253273954921451520
1241528170991493122
1247818231492026368
1245710286188920833
1240053662413701120
1262822761078153224
1247631262250131458
1241462354090606603
1238903463771283457
1262820632347148290
1262791222911000576
1238557047131643905
1242535817609981952
1239194467619557377
1241889395495616512
1247760183524122631
1242525943786352642
1255167991890743296
1246178260230209538
1262422089069408257
1238058453475692544
1246511038599700482
1245890715802054658
1242558795957616640
1242527714659180545
1246953430746370048
1249760346253991939
1253610340094533633
1246200507510767617
1258044018606444544
1264706791998455808
1239493919248957441
1251612426379894786
1257651342400684033
1248746370892279809
1245064810393489408
1251995555083046912
1257820458872864769
1235195412962828288
1243384133411209217
1242207201755828230
1248462824709357568
1258514484903043072
1260212884686221314
1249794142567309315
1238785283648258048
1255820995690205189
1239052557202284544
1243655586358743040
1246183850214031360
1247545570337730560
1240048729945788416
1242663878334578688
1236049243086913536
1245061125386928129
1244950142903554056
1255530292556767232
1239189516180750337
1249076452366192641
1250033490164416513
1254751602839375872
1244291397693452289
1243275530713141249
1247621504763912192
1267989559431880706
1243696647047168003
1241032717053112324
1245035937568108544
1246799900425232389
1254050167885565952
1259110152311132161
1244652038564315137
1240945971372134406
1243376984144699393
1234920771308412929
1248206163709177857
1246720564879855618
1236261922045145094
1245639597368815617
1239619069013381122
1246426577002471425
1243334625088491531
1251098466937421824
1248576172541325312
1243379872002715649
1245872375230595072
1254873062673088515
1259240002397093888
1255728235737907200
1248749849190768642
1249793161246973952
1241534126001455105
1241937745318199301
1237416878726930435
1247516098313977856
1236459204979961856
1246149680943239169
1249030733915660289
1250135448141336585
1242105843228827648
1253433958290698240
1245804663036948481
1246855933478699010
1252039095964090371
1266320901135532037
1246611120586207233
1240836030451912704
1243325970842517505
1243696994427834373
1238680237501751297
1251593214836051971
1239881284903714817
1253611527942348801
1250627636935757824
1245539592473841664
1238959751272292352
1241807004257193985
1247588845354352642
1240411704921591808
1238266900616011778
1240939211328573441
1255234192230830080
1261338911688835073
1247644889728389121
1242384719377031172
1245537427269263362
1244363554184200206
1248440486022569985
1236701976735420418
1257821060101218304
1244269530488213504
1246208723942617090
1242418918637080577
1241552645426483200
1266345996415635457
1242616349249155075
1238303678928433152
1241868107179851778
1239268450956124160
1257485677194809344
1258414263879766018
1249728170066153472
1238553715445039104
1237051106695548933
1256406625222524930
1244801530152321026
1238340264793604097
1238588129793191939
1259796161734610945
1256670677010206720
1258077403735359489
1239300529051877381
1244801827012579329
1250207310137430017
1253313525054914560
1260357015353860099
1239962540643250177
1238583101091184640
1239687671825432576
1261745347803693057
1244912891523928064
1257494389624131584
1266087608230334464
1239873549252415489
1245065886433718272
1251347465242120193
1237573826986127360
1258205969051455491
1249810132298616839
1246180157502734347
1247548803235880962
1244807236398047239
1246202721591595008
1257810715437674496
1265495070649843715
1254450041001050113
1241532944864460800
1241733209458688003
1253614210862518273
1243051241405657088
1247375078498721792
1247917625994293249
1246262119470940162
1239083604094980096
1254916461014941698
1261089397757431808
1251674111383867393
1263472577663680521
1251779310182117376
1243304910353031172
1245728971901358081
1254124050403807232
1246486179467362305
1250123349675716608
1260552954584731648
1237465487879086081
1237179030199296000
1237475562735702017
1251720586960818177
1255008910706118656
1242386915367714816
1247443825100042246
1247627899450122244
1248217271442563072
1251471293125406720
1238215419980328961
1246821276091584523
1247486454986616834
1260321974338891776
1265997481730596866
1242853297733677057
1244465880215494657
1237172019629867008
1239620776338296833
1237901019582853122
1235585873535778816
1237854074730459138
1249219801995563009
1252799104159268866
1256224798935584772
1254495991409057793
1247544875282829312
1246210937104863237
1258208635412533248
1241903111276560384
1250194240547835920
1268975345094590464
1262124031064641537
1243938485125419008
1256356221843656706
1237173353636597760
1247621597814538247
1248777450252898304
1244219328276373504
1241126795421810689
1240713266571046913
1244622835932450819
1265089947045965832
1253428748675768320
1243334715978977280
1252734374543536128
1246954163097010177
1244971047763562496
1258947843777331200
1254444390451380224
1244395789771735044
1238673828152295425
1236386258286456833
1251370226320629761
1245451523678756872
1260259714845282310
1243620944297558017
1245658834779041798
1250831236446199809
1255148506534170624
1260439922776985607
1253002802017767425
1268308096616628224
1240263571357007874
1240135698071597061
1242673144151846912
1257364935899824129
1238647372621721601
1244833107188101131
1238946501646266374
1237429583282155520
1242102373234900993
1255241555230818304
1255857249819471872
1237264274902388738
1240302857586343943
1251991999286304769
1238001689396948997
1245766620330569729
1255532089384087552
1247609946000117760
1249751237903466496
1247632514132434949
1263141610860265472
1255986131000348672
1236458464479793153
1245128931143045121
1240399780313956358
1249262750460719105
1236815390065524736
1245043386538700805
1251605877477519360
1266773317710761984
1243333684289249282
1253144054352826369
1236294212255088643
1264272975760670721
1253812531434532865
1250086799990493190
1240329235958575106
1243975079496765440
1255707094390620162
1237852006485839872
1245136482744045570
1245118769132904448
1251293261811060738
1237609763673792512
1242505434298232839
1267720486462595072
1242245028224925698
1250082180065308673
1247117950571536390
1242421670691790848
1247248524170928131
1236960119856025602
1243163143108546560
1263545466723225600
1263279413380165632
1244030453260128256
1237341934491963392
1242224060601425926
1237841717895651328
1243505326734938117
1246243481078685704
1237808639777419267
1242590757199937541
1258863468402421760
1243696735802793987
1238105782069202944
1246219738986041345
1244675517011369984
1246876970853466112
1236281946310955008
1237166010089607168
1254016573398024194
1242756466240561152
1247637098749923331
1242598020643827713
1242952341579616256
1238279678521151489
1247117705632780288
1238606469714587654
1254390154657255424
1247383880006537216
1251130995048427522
1238655868134133761
1242560857915228161
1241853152816660481
1247484331100119040
1242743164584296448
1238947947615748099
1259139231244529669
1243301821852061696
1250227421225287680
1250628312927547397
1241872418244907024
1237213504547012610
1251208751039877120
1245042267477495809
1253751311012634624
1244367719438352384
1246794561449533441
1250483995382554630
1252802318212440064
1239644030155329543
1244705211282870274
1248435861202427905
1239626498211971077
1249657128626913282
1240612968980787201
1241916662393311232
1246957471702421505
1240066054069592064
1250458031650996232
1243219822198038528
1234933808069304320
1235347971144921091
1258863004310999042
1245179325772677120
1240945502570655744
1250323445562236929
1242950959778738182
1249159115735269376
1248859977625853953
1237895442337116160
1256009804847472647
1241996280546689024
1238868368536502274
1235154048870944768
1238595378263527424
1243892653625917441
1250625110798712832
1244817286810271744
1240734074806906880
1258889670823481345
1260013797068075008
1253380479178412032
1239904420684496898
1245716199008284673
1253313522861322247
1259898212908961794
1260409782776848391
1248573646102282240
1255509696544456717
1242301392586506241
1242651004480389122
1239390551310503937
1239642406540230662
1255607666325573641
1246424739649933312
1246206719908290566
1247138916089712640
1243325973858304002
1250459566137098240
1237229399516291072
1241716489947877376
1250479191365169160
1250479377487462405
1248195145507495936
1246221968870969345
1245748001588436998
1243288783371591683
1239301628135645184
1240745203323023360
1236284338301546497
1246007458801336320
1241799509467947010
1245190726922702849
1242250430891122688
1260736313428332544
1250626626636918784
1257200709654794241
1239294928418717699
1241886354419703811
1250022560428969990
1255593282576531456
1256221781347708930
1242555125346025475
1238240466975555592
1262588097965035520
1254525527626579970
1245830236823945217
1243495314981601280
1250027028813938691
1260199284680593409
1258006518466740224
1260669362362605569
1250066291571949575
1236333093021237249
1241559802460897283
1243516124328755203
1237472598352633858
1242033580945129472
1244315347177459712
1252333962350952449
1261500506654081036
1251945453278629889
1235593448494903296
1238656845251780610
1247599160607604741
1241699523497472000
1235334040011538432
1237746946686758912
1240619708044529665
1247842120662241280
1253457223868723211
1237608041010221063
1239361147519852550
1241444501127921671
1258162558789394436
1248996654956580865
1246506823999467521
1241756676228894720
1270414972800192524
1250493060183662592
1241692040582369282
1252798353609560064
1242734476377063424
1251168235011137537
1256885642757275648
1251172733150466051
1245893271261454336
1243197238890856450
1238497283273928709
1265246503137955841
1245834230166433793
1247254003152564228
1239246397062471681
1265963174672699393
1240035794359902211
1255193618966622209
1238497843834507264
1244700032856731654
1247248404822069250
1252123021659308032
1249661197781282816
1250626873203347456
1254768053075787776
1245310840036827136
1237900541570748421
1250142985435721728
1254283617876017152
1248264718600601602
1246575651890528259
1251354197171281921
1242107634355974149
1242041640157667328
1241865392290660354
1265074261254983680
1261767688935751680
1252800105658359808
1251210831792144391
1253942491407056896
1265498524046839814
1246839924344721413
1250519443660300288
1252215766897868801
1244477888201703431
1243881879834636288
1238111914766602240
1240787322406408195
1235613339893587968
1261067831816466439
1241030641266888706
1250086190516224002
1254365771603619840
1238291023002042368
1268973558073561088
1251114833757552645
1246185263187013638
1258297332774211597
1239367517044342787
1238670548487548929
1252557747142438913
1254936622409355264
1241880950398746624
1248683258470162432
1241155673704083456
1248970557086994432
1242021126210977797
1247526117725982721
1244765872922771456
1245875689494020097
1260410295387934724
1239389763922202624
1266149896622608385
1237918129633755137
1246453593701523459
1237397482642046977
1256940146907402240
1239025537173139456
1237683584313569280
1248980601753010184
1247673349746065411
1239709697231511552
1248764709127573505
1248704206405537800
1245880383973007360
1255900601013207040
1249227122041860098
1247213293950951424
1253494015389040645
1236710542645092354
1239380040724500482
1239381726125850624
1244997413045260289
1260799808303960066
1242622175359664134
1250626491949424640
1257921106104799239
1245143249188257794
1250188999840403457
1248788908541972480
1250595001530306562
1264921564866318336
1241338990868996097
1247653272980197376
1253813928695603203
1261738846024347650
1247764557591797761
1258160213305307148
1250489205106585602
1238427976754176006
1251883654680363010
1246754198034821120
1238883774512979969
1235924169214373888
1244339889543446530
1249001209870135297
1237896571179548678
1248430742197006338
1253491930085851136
1246918124777209857
1255632007339618308
1254835956395520000
1238232801033371648
1242190710494965761
1260395175182032898
1248602592046911488
1243543872720044032
1266600554962321410
1258130174887034882
1249427652030627840
1251175209429762048
1255521891240026117
1245023117459615744
1240075090223673344
1248703955544215554
1263306303721607168
1249073509025951744
1249075990128623624
1255733275185774592
1254240551106461696
1242615341232140289
1255631495731064832
1238273184966860800
1247619965525659652
1238472178456240132
1238901566809260032
1252769157378117634
1253035902596796419
1235977655507390465
1243565851674116096
1246871211444969473
1260983380155478018
1250842797399310348
1243864275137056768
1244767362785705989
1253196960091320323
1238158457179721728
1253480328334839809
1253464308840910849
1249253978703040513
1237501465687724032
1239955166939537414
1247979554645233664
1260192081798201344
1237521150474776576
1268974907712471042
1239001443123761152
1247267830376140800
1259371642951733249
1246456545841422342
1247320205367431168
1252379248704155649
1239707905743564804
1252308733541126149
1244279642049122307
1255158381993746433
1247139391232970752
1257693206352932865
1239078632691294208
1237525419097653249
1238836173403013145
1237915288089309186
1239362333790568448
1268893004749774852
1247987567431213066
1239516392162037761
1259603366679805952
1266156835133960192
1249237715381620736
1236898367822794752
1248587157742256128
1241921295018872833
1263300067924066304
1240080330083774465
1246449778533314561
1242064289487302662
1247144070297853953
1237919201051971584
1252231070487121921
1244071498308075521
1253515979939811330
1244921978273832960
1236301855313014784
1241543915100147712
1252575027456860162
1243141161436483594
1267145731330183169
1243389107042013191
1253664485862244352
1252428614211002368
1251173510497685506
1258255760947056647
1257702784939495424
1258178667492118533
1245401431177416705
1236977394583515136
1245154296943063041
1253452437626728448
1237365746847617025
1241577978607304704
1249141712586448897
1236649475998973954
1258159117291737094
1236748309169086473
1245690714966671361
1260631712561860610
1246625087752753152
1253829432806121474
1248506948036804609
1266810203451854850
1262380944088014851
1243998840858050562
1245349658467106818
1256290230967156737
1245023896287490051
1242086687716638720
1262380080254406659
1246813374647873536
1248622823775457283
1257327629486751744
1250492025314607107
1246017584346079232
1240021874404397062
1258380874825052162
1243074280709111808
1260523348548882433
1239531067989733376
1243322388508532737
1248366327779205120
1246571780594114560
1244490071975354368
1240077219197792258
1243613623265656833
1239708312872062978
1239714428045725700
1248354927208009731
1251829352502878208
1247081123416596480
1267812046424375297
1254925465300713473
1247140409882693637
1267198003108098050
1252221826006122496
1246756886185234432
1255167159594037248
1255127972899684357
1237510108348899334
1246526403706748930
1239701126439669763
1241454065810386948
1261762485792788481
1239236766810456067
1239588249397530624
1239379157563445249
1238995036634853377
1243527913137471491
1238229556030509057
1257473215615688704
1254902890357043200
1239045084336848897
1236642725476347904
1251349764349796353
1249332127008722945
1236283733717798913
1265961545160409088
1250077293055225857
1246260042246037504
1251173112361693191
1250435843308654592
1250210129636704256
1258497702071095297
1253775828422406151
1244581384125120512
1238561135487586306
1239016867680980993
1243709934958714882
1267982116329000961
1237373110766141440
1256714621509042177
1244402696758661121
1252574736137273344
1238211351580946433
1238401896496406529
1246831922715799556
1240995456223719428
1243526868969697284
1258921743084859394
1244860476422488065
1251526717862264832
1260320939461525506
1239360802005692416
1241115580347961345
1246588200975556609
1254066837781991426
1237923509604700166
1238423698534805504
1248285031426068480
1246884265486438402
1251235843416756228
1248822703198556161
1258308039473496066
1241367946624225280
1244146234111262726
1241454304394915849
1252977869439057920
1238845171384680448
1238598477027868672
1236732632563625985
1240762504147603457
1250592739546333185
1247136484198670336
1250405042827509767
1251906590082547713
1239375331288547328
1239225363487756288
1238791943720755206
1250182039799808008
1239925475297890305
1240089247681589249
1256063084344549378
1250063645985460225
1238094575044104192
1253120860631846912
1252342655280799746
1244405659908616193
1241798467825131528
1246971734818983936
1249022197290721282
1250454773582749704
1241426329054126081
1239216957704060928
1237200131461648384
1249481625391505408
1238267224932179968
1243374600001671172
1245461207596838917
1241314372846153733
1248590419681783808
1253319810940694529
1245702736227774466
1247613543853314062
1250983936555192320
1237757209704005633
1246553399488847874
1235926932715458561
1238077089363918848
1254792819522363392
1256718113879592960
1239271635405938689
1240460957714972674
1240320294860001280
1268712366302167042
1258942582794735618
1238502520391155720
1259840587135627264
1243684639488827392
1247121521308577792
1258439384761843712
1261444631893389312
1254803481170530304
1247957599334563840
1252260566636343297
1243681480544583682
1247705363861901315
1246828202980507648
1263947699713425408
1244386970551410688
1248979924003819528
1249134680999440384
1244713928078299138
1254883078625005573
1250854611537330178
1239841783254843392
1263937821796163585
1247694082119516161
1238230085095657472
1240363291488198660
1239015695154905089
1246849485541695489
1262833522819162118
1260696212891721731
1245516065435607040
1240486715116130305
1256038712498098176
1239170622070145024
1243720733995536384
1240813669866496000
1263963148127797262
1252391797445128192
1252280046666072064
1247961826974973956
1237795579692015622
1244100638453239809
1246405994613219328
1235238151184093185
1264703408008806407
1239678641111478275
1240622480194224130
1242120451947552769
1246871735233908743
1251809428560580608
1248628408864714753
1242238169111814144
1249162582168162306
1243299537139249152
1235426658548674560
1245809809514889216
1245481844205912067
1244748662573539329
1247899538091700225
1261761649956044800
1247955951338086400
1249697107872751616
1253466767478972417
1236022251897663489
1257130572540973056
1247558937089642499
1238704052202098689
1242613357468954627
1244308356724121600
1239315918586593280
1235965436484898816
1246882886009196545
1258942734813061120
1249342561472466946
1238371488580984832
1245877044765954049
1250350169444323332
1248588410425614338
1263168086963818498
1253820662856237056
1258732323908059138
1235773398053277696
1238487713881501697
1254717405907083265
1241453221236916228
1244708487000723456
1250893147414159360
1245790339274813441
1248688485193715714
1243711469054832641
1242283253412872192
1251547122920566787
1236057142580346880
1246619070524506112
1244047173878190081
1238845807631138816
1251652640368459778
1239008407790784517
1255552045744041985
1246842412133240833
1245454697848332292
1236741201291862017
1243684367018479618
1249022405403652099
1251779734603776000
1263809254076620802
1249013357497257985
1254905925569314818
1251352425564385280
1253038801091428352
1238992517279989763
1253473682300850178
1241173789561454593
1235766184575983618
1256537539965595648
1236616049052786689
1245814053794197504
1238150085093056513
1268701957339975681
1242968280157077506
1241043135892992005
1263761536843218944
1250156686771396608
1241483254097723393
1238528826830962693
1236302046359322625
1252537839880998914
1246894670484996096
1243315390580584448
1239459312524832768
1256645193211707396
1265104749361274884
1235985232748253184
1247147414349283328
1243916326915145729
1251278842104340480
1248629235528466435
1247960023344562176
1261998333628997632
1241379008077598720
1249305926340927489
1263681510361698304
1264599260970041346
1243925784542228480
1251889603990208514
1240404540874252294
1238565893694783489
1248081989762244613
1241102403270848513
1239014587711787008
1242637288749875200
1241725372787556352
1242601467506286599
1236620610228404224
1237599274042445825
1247531443590320131
1237385500996091904
1244684156157730816
1245017557792423938
1253211039510016000
1245858020724109313
1238331699471224833
1254075771817254913
1246404325225750528
1246290459846225920
1243002653379944448
1240459435488751618
1241184936620630016
1257913954145382401
1269987806664970240
1245167419452260353
1243556340020240386
1245475984478015490
1240060751223676928
1249393316581572608
1255285872355926018
1241448825660870656
1243015767655940104
1238313248988037122
1247985693814657024
1246047020365873152
1237060902870028289
1254531350876618753
1246231909228785664
1248380445785329665
1247964817610231815
1247553096093503489
1247553355318276098
1257797712931631104
1242634311095984130
1240387766850125824
1239935412711407618
1239009138992189441
1270077651676532738
1250419844190744576
1240684255212118018
1241103534994731014
1252253072363061249
1240841645916073985
1238207057574211590
1262441520763994113
1253703581255061504
1252680190465134599
1263641842970746884
1242296796849864709
1239499684718264321
1247308892197072897
1238540671528640512
1240461249298776065
1243924426942492672
1251215816877539329
1249174486211014664
1266922473855082504
1238206931497390080
1253531177572540417
1245668963226435585
1269278424826294272
1245333745588150275
1246460198459510784
1257331943198339076
1245857341293002755
1239220014961614848
1263929140341809153
1262939683748708353
1259581738906529799
1244729824985440256
1249559125341671425
1247124650733248512
1241062330185760771
1261147207073480704
1265340999536193539
1243995391319818240
1249709720979607556
1239009076668923905
1263317631983136769
1246920137288167424
1258442157398122497
1240587140502781955
1242838995630989316
1253501644995809288
1250156222592036864
1247934348650831878
1239359371685113863
1245170544611405825
1240241262130860032
1241583045917827074
1246464926316560384
1239180106486222853
1250884252377505796
1241378794226753536
1251177012271755264
1244328547558268928
1251263537806180353
1254990322310025219
1252724025987674120
1247206745090461697
1238063082640945152
1244349258658185216
1241369550253436935
1236704202165977088
1237844578574585856
1251622426569572358
1253089740108247046
1238853245231157249
1250468070017175552
1246053014521200641
1251296459485478913
1258059766947106816
1260751295302025226
1242800374358171648
1252354716626870272
1242600766134681607
1237009948720185344
1244097191456780290
1248561669908897793
1245683145841786880
1245096879978921984
1263540648944246791
1238854528604221440
1246563427641962496
1237904519683588096
1237843377300750338
1237904637765857281
1241148136892108810
1249776990959407104
1262851500742782978
1244717280023511041
1240159616690008066
1247303828573208577
1257329365693628416
1262339364094435328
1238244441330155521
1237908883731099648
1238248824759517187
1244618388015644673
1248930386622722048
1243754111771836422
1244619580141703169
1249780949853835264
1249390230408499209
1245297596001853440
1246728134092902402
1241090355023548425
1260348409027985409
1244755654939729923
1239313514977730560
1241071652781338624
1249784834035253254
1249775740121423878
1242062813390127110
1248313803550441473
1242062251475025920
1252965347612819457
1242183354952409089
1259475435584397313
1241966085458591744
1241407583572934656
1241143427259129866
1252780617923727360
1253730742066126849
1234923588068745217
1258696000316690435
1261675570343092224
1257312096917655552
1243643408167682048
1237542826478452736
1241079182848860160
1250510881496186881
1239498378041593858
1237937623160762369
1238400950659887105
1238812072605102081
1237464937271824384
1256262153650266112
1258107186212896771
1239278278298357760
1261832579705196545
1242263380435652609
1255093334881849346
1253731774821269505
1257313425010515972
1245470050645168128
1248336350476189696
1258097140972339201
1251443194665058306
1241751362372808706
1238396861448441858
1237541494069678080
1237546663113191429
1249831670611677184
1243241873898160129
1246112560438484993
1261714788385722370
1269132201855156225
1236859997860114437
