1242662563906752514
1244667359987740672
1237111689918713856
1256958371929960448
1257994033269542913
1245816477657292801
1247331442356637696
1239322850793787399
1238941198255087616
1243703720480817152
1237852307389177856
1247462486133145600
1247883396887560193
1264276001288306689
1242277656407703556
1259134098423123968
1239741358715424768
1244325862541086723
1246856599261646854
1265636675805425666
1252400590807683073
1253007159190839296
1255238513135681542
1246512622201122817
1240799960112738304
1270502762099478529
1238307774360170502
1247263401535057921
1238452675651555330
1263567270653149190
1270480674638778369
1242278259502592007
1240052732008050689
1260207068033748993
1237018736768561157
1254202565941657602
1260581667535835141
1259273528299438080
1255233542331777024
1250093513083105280
1258850835028729858
1251610247627751424
1239625730285359104
1235507053583642624
1249452386416054272
1238262331257303041
1256281194750230528
1258891692880601090
1237569613283508226
1248244670468984832
1262718921985134594
1264275102394396678
1245850904001208321
1243941321418604544
1237853807880458243
1269673750355730435
1250828466603405313
1244941526263910401
1253020812061409287
1249760908794105857
1265829264009674752
1244433441430687744
1237739709054496769
1244600996468310019
1245538316222636032
1242589993190789121
1245820243718615042
1240309555864584192
1258822407097389056
1255993013601476614
1244983875991896065
1247230443017195523
1246169299552817153
1239369449821569036
1244011290093408257
1265662970899697665
1246124344423694338
1259923994955956226
1238300263997419523
1256299868177469456
1245448096429072384
1237949031176953857
1248655155463151616
1237842240665354240
1257642498652020743
1249914726395654147
1241050892541009923
1246611774356557831
1248735246914392067
1244641006437441537
1238296489069359105
1249892496643153925
1254484171067621377
1251610167390744578
1237434252976939008
1250832499040755713
1239351007253008385
1251164420455178240
1257810339124609027
1258850606564945922
1248754728160432128
1254440041042108418
1239373439460352003
1240801365426941952
1245540181450592257
1239397911705923585
1251521796723093511
1242504122173198336
1234951974489088001
1248403252661465088
1263446552783269888
1248649113555566592
1253429508260036609
1245774067011129345
1253811345826279424
1254950841712365571
1252055516244828160
1242560261166415882
1268001440544354305
1260218110369554434
1242665122889379847
1238300782061125632
1263874034510344194
1248682903120289792
1240124748090216448
1250559947454193670
1259894326538223617
1270481496617385985
1252548020891238400
1241045674889797633
1239625658453626881
1241121586230505474
1262846464985890817
1240779382907691011
1238100660903710724
1254871279967977472
1236430453613232128
1255237684282392581
1245610513569943552
1239409731439071232
1245065968528867329
1241825533064863745
1258850483197874177
1262545912724848641
1267795378990133249
1246178261673095168
1270528613952163841
1246501706239623170
1258851006101815296
1262355421194604545
1240052246227947525
1267947492441821190
1257847809681784834
1247011366789054465
1248818211937832960
1256387441612722178
1260682556594368513
1244600639340118018
1244289313560559618
1239254949713924097
1239999547826454531
1238296483071496192
1238643314305441793
1250813084517765124
1258081607547846656
1239191826411782145
1238535802432471049
1245160755881795585
1265987555113218049
1245550910526365696
1237070276761960449
1241716288596201472
1260314630376886275
1246090930333024256
1249840662637412358
1241807921295626243
1261863838431010817
1249040767865229313
1237221207277264896
1253816101387075588
1237219107398975494
1240258771378679808
1255232937357979649
1254951065331662852
1234978686207574016
1242973240416440321
1237741684374593536
1253144295676301313
1240987860037230593
1254201444166774784
1239775602531610624
1255877969211461632
1251701232256921601
1253019774474432512
1251208645674700800
1236243464897118208
1245536596671291392
1250832313816145921
1245742200413093888
1262350248439156736
1240470120520171520
1251610416653963264
1242537205148639232
1253427295072612353
1241198228625920001
1247611979445014528
1250576750179950594
1257904537630842880
1250801995876839424
1267135009091203073
1241916864181264387
1257078374918492161
1250526064520069121
1255237456657612807
1244225909193953282
1244628926535815169
1246480669745778694
1249718526820188163
1244842118830592002
1243700580771680256
1245861199603847169
1251518887348318212
1252368625270312967
1248759554474676224
1240098576228921344
1250145506724102145
1244650443676037122
1242428117131632640
1238104351211761664
1258851125102546944
1254198610771795970
1260984087281532933
1245885610134568961
1245531406094209025
1244069534396489728
1264027067320020992
1253415261459251200
1253513158582362112
1246206200158584833
1246107037039095808
1248010965766918144
1250130812890157059
1238676200631029762
1241459118885556232
1246240772002918407
1247253388796014592
1253431785020514314
1246344366693797894
1253429533002194946
1246108232592044032
1269716293135073281
1256980156566188033
1245111057871405057
1260059369028431872
1244789314313162754
1246615503185076224
1250557971362459650
1267896066013306884
1260271139391143938
1258629613070286848
1244802614161784837
1246244834366627840
1242489118011076609
1234900559238508545
1267901975464751110
1252834896852037632
1247622535140737026
1244793095146934274
1246140229288964098
1246243672968085504
1248990395964575744
1245165352390217729
1247519251608592384
1242570134931345413
1258123557407797251
1249522243417387010
1261459169883770880
1250868629308137478
1244090072816893953
1250806063278051328
1245723870973362179
1246153544882966528
1250872258240937985
1241896253082030080
1246645878582054912
1242618891127447555
1243327220896104448
1245126811886989313
1237056497508589569
1260622141898309634
1237133342748872706
1238110663140093953
1243980584931799040
1250827128263913478
1252272474059931649
1251330111493812226
1237863648019615747
1238640919710257152
1237836332371673088
1252645645715935233
1255979595884527616
1238460246038847488
1262716966051217411
1247824563326631938
1241556795631558656
1244285371573317635
1250868571258978305
1250275668727746566
1250194588033310723
1242497336070332416
1258850911977439232
1238133532062515200
1236052816554332160
1244980681882710017
1242988073765474304
1234917796229844994
1245870897442852864
1265123849332547585
1246186742765555714
1240259325647609857
1246192249991544833
1250796425467891712
1253446527814717443
1239910228977750017
1260334182837956608
1245776869066256389
1244647444161404929
1265990294807416832
1253714313887600642
1256297771436515331
1237608707099254787
1253435497294073859
1243000114483953664
1246059449988657155
1241563516873641984
1257845650961641473
1254201907352125443
1268003170749304833
1245067260676337664
1255263890470055936
1252379887727304704
1246240721738305538
1245737507062456321
1238080330814406656
1244212586985459712
1237229784012292097
1258878856058015748
1266346952981184513
1237346039675437057
1248648518375481344
1248753634734747656
1245305831513620491
1251329857503592448
1242010491205177344
1241769249619804166
1237806437776142336
1258451735150055424
1252691700146999296
1253368937175224322
1250108420151283719
1258233245822574594
1250552934921838597
1244494303184945153
1258606874175377408
1238258126597562368
1245895748446715904
1250936010181095424
1239337126472421378
1268209487564795912
1265693994157322244
1253347615808327683
1242663204112805890
1245529827211436032
1257826632305385474
1243730708411138050
1235314997238157315
1248655211922690049
1239756565256843266
1250520545852096514
1270381462831931393
1270386282594779138
1250024470926016513
1255562721627639814
1239215262118879234
1255264563764789248
1247251023997145090
1244293508715945984
1250269747934969858
1243935959093215234
1267630254144839681
1255611295916871681
1245531530065305604
1246950162821513217
1242849661448314881
1267130470262870017
1250455239108542464
1253341851307749377
1247169697038163968
1248617959829856256
1253004402992058369
1246226852873674752
1246198552126279682
1258227047375216640
1261742062342254593
1237957316995137541
1263143921129005056
1247622144894304259
1251686547235262467
1242980278479532033
1239606982514008065
1262176476415361025
1262438025646215168
1261404692610863104
1245876888926642177
1241118643632685056
1236281464054001664
1253898455619117056
1240829873586933760
1267309136083136512
1243975740191846400
1258211162979794945
1237951406507806721
1245770936500072455
1249334693029429249
1248254017018486786
1252314060005220355
1262168410475069440
1252426606544433152
1250520383553507329
1252273303005401094
1244319761946853376
1252269962275827715
1247528522467266562
1239519647009067010
1235748819507146752
1239085522103959553
1245735723258568707
1249736012265185280
1239644310624243713
1263628978155290624
1255661910411939840
1242471493419905029
1245863241047134208
1249683778177556482
1239453258873212929
1244316304321937408
1239393163825029120
1237915443198918657
1258920365398667264
1247841783570206723
1246192373165699074
1258595715607117824
1270673396293087232
1250523318454816773
1253468664575209473
1259958613273202688
1236988065111052289
1242433057300385793
1253377421644095495
1262109960466554882
1244613953361149952
1253094172267069440
1237912721506463744
1252012657558855690
1236818899385159680
1242848875808985088
1248692307769032704
1255269061879123968
1246185362038325251
1254200739343355913
1247972265452621824
1242138056137805827
1251145541590761473
1270491714650877955
1240036327548223493
1250121809812426756
1254924277666713600
1244136344865124352
1247378667988271105
1244818778606776321
1248279419581542400
1249800353903714306
1265113741093462017
1247184236546842625
1238471789271015424
1250121084709502985
1238621470886158337
1247520576568037376
1243256960478261250
1249730831880421378
1254602172404305924
1246137639486570498
1246229636553609218
1253308258389053441
1241542670805327872
1255905648040124418
1242624368951222273
1239380757505814530
1239246842543685633
1249453485080313856
1242975051227504641
1245714770101260288
1253763919249903619
1240254853768720384
1241664238550220803
1245977752735551488
1249445707909644294
1242253637528797184
1242219996119470080
1239068340389318656
1245493430375104518
1237893678955483136
1247353334027227137
1249164572893876224
1252964445787127808
1266974916496314368
1258430411404869641
1247618174230634496
1250197600730599426
1247704117625192449
1250765353216610304
1250241877586182150
1245457441678032896
1236510211688615936
1237900615587520513
1255685349944279040
1247018910710411267
1250825866671767552
1250901962557710336
1241450886980939777
1248789347954053120
1239784870861209600
1246947182202228736
1256441966952353793
1250607308612292609
1239665231955099648
1241566349438189570
1245896096142053376
1245826540119588868
1260274089375207426
1241003861235638272
1243004050620243968
1245775032086933505
1252295012806807552
1266975990422568967
1239706487016079365
1240135067436974080
1255303716133101568
1256714370312265733
1247471258742206464
1246098115742117891
1259516774862606339
1237959039126036481
1239379541585518593
1243217610533191680
1253488677856186368
1251228725301129216
1242936702898974723
1250621549410910208
1262755442817503237
1249735209194385409
1244762876591722497
1247657231551733760
1237383477068210176
1253826228710182912
1253433329098977280
1255497438028275714
1246869495718830082
1266036130023161861
1264898193088827394
1250281235126996994
1238461545799180290
1251858927865782272
1251485845846188035
1249021519126310913
1238665664539303943
1250280065536897025
1246279956444917762
1257874962972643329
1247710911311249415
1243674719468969984
1244086765612302337
1264613567699042304
1247466116911374336
1242349784125579266
1245153817664110594
1265698614141235206
1243948958260568064
1242934731332706304
1247707891144024064
1260986781987753984
1239376133470277632
1257701866676400128
1241341856841109504
1250400809273241602
1235975941001797633
1248739021888634880
1261656039730053120
1260633900914814978
1241343437665759233
1256025536058589185
1250167935202705408
1247905651667259392
1240364905196326912
1237922692436762624
1237923753025249281
1237499828302761985
1239334423151157248
1250763545593217025
1249808806755926017
1241888624909713408
1250944597305548800
1249507653623205889
1263513437294022657
1242233121833136129
1253484123169095681
1245017383120580613
1250763004104323072
1244820465320964096
1253096821162946562
1245155723371261955
1241543279214125056
1270210984699985920
1238446056267972608
1247605263877713927
1255219629531828228
1242846163348439042
1263643927153967110
1240916141905776640
1240252930776797187
1237745492794245120
1243676384159031298
1240815713977282563
1258145408016166912
1250762344759791622
1235544305483354114
1255173463083532290
1261326056113541120
1239923035123130374
1254590651712274432
1258253041951784960
1235704478659219457
1252242716852916225
1247991512501280770
1249438410957340680
1245382582075895808
1251187614427893761
1237330121457127425
1239334720359534599
1251138902984982528
1239646282005823494
1249854182317871106
1257098116895031297
1266565824514580480
1240768460944216066
1267538183480315904
1268178879388188672
1261099931177271298
1254829114701131778
1251292322639368194
1243575183551725569
1253083470366216193
1243997912759185408
1257870439117971457
1245149847344369664
1246098130434699264
1258590036477587457
1252593047084417025
1243561974379708417
1253169406634582016
1247213390885502978
1258781162639708160
1259993714107256832
1237499301930074113
1262440284593500161
1253365037693054976
1237102235785535489
1243999835398778882
1244561529913200643
1256781658965016578
1235651048855015425
1243343790062080000
1242564708621828100
1245830854275821571
1246435077170647040
1245830795987685376
1264578049150013442
1253095141465784321
1254190801850155009
1253099914499891202
1238615659321458689
1270540576312655878
1247698479239122944
1264573233631764480
1255334965354663936
1258430205275918337
1239306782222188549
1243677018866298880
1240415520328998918
1236148450049306626
1238885494991314944
1239222653896065029
1245563628390158337
1257717822576308225
1237147141539332096
1242635459152564227
1257666120242196480
1247598388763332611
1244807497447346181
1254599680023019527
1238497658697912325
1247160574540017664
1257487507362545665
1264615980732383232
1249818320653692930
1248613346561028096
1246460712639246336
1253537229135319041
1259487392488206337
1263298113378410497
1239710379883868160
1240642576505503744
1246816102442774529
1239245982157717510
1241833366309277697
1238232450133905408
1248428238038134784
1237962398264328193
1241333193141256193
1251696042120114177
1252612067191918593
1241484779788414977
1246236121006301184
1256305051867348992
1240761928542236675
1251552264008929285
1244386007107227649
1260970336545386498
1260960176699592704
1251877462130204680
1249597332703805440
1241374330396774401
1256275444070039554
1256616221233070080
1241944616036904962
1237930785006669827
1247594085944262661
1251399666480054272
1252050037342945281
1242563954267824135
1252249467098718210
1238314043229769728
1245466783273963520
1252357721870884864
1250634505473359873
1263641635054858242
1252435986497204225
1265044942315040775
1240322710367924224
1254974449108971521
1248108131068121088
1245058541012103168
1268998452404465665
1246246575187394561
1250637215597826048
1255880242146742273
1249354294803025920
1260629513471438848
1255884458345062401
1246288696523005954
1268520099436285952
1266463664707637249
1248070279965917184
1243232277414412288
1259675929829429248
1246256489364414464
1250948801453535238
1242127091770036227
1248966124370345985
1235214010997497857
1250632521479569409
1249441057617690628
1241372583049809921
1257318088086679552
1259874729592098816
1250617210638401538
1256929166387302400
1244039325244948480
1251181595127681026
1250837784857894913
1245830220864684037
1240276334213042176
1263855673001025537
1244385956075057156
1251177189736931328
1253327331550048258
1248046595951808515
1241176815386968069
1252682250526867458
1243570863909240834
1239925362584363014
1238181656198107138
1251171740153262081
1250178964439674891
1241333983905972225
1249082081868689408
1239344220835545090
1241097528461926400
1251214897544925186
1245832036088188928
1248312863757938690
1268215137753849862
1249353485721706496
1252661085854937092
1249018206183964674
1248086632416391171
1261271507721912320
1237377744704540677
1261729616005300224
1244397455682215936
1251971695960784896
1252241490367123456
1247007629706174465
1243059340417925121
1239892910994329600
1257695705680003073
1252441065052712960
1251865547920244736
1254897102536278017
1244005854233460738
1239798091341082625
1239160708975284226
1240699578032074753
1236071834325565440
1243004327024889856
1244346578879594504
1268296445305720837
1256542047487447041
1248109020294139905
1270016605196554242
1242845362307686400
1258472280117727238
1247199295993982978
1235729174687608833
1242911264122298368
1263552637259132928
1241907457691201538
1243964171873660929
1268217406972985348
1256771689809141766
1239354526836146176
1240358012591558657
1242601964808163332
1237092393989660672
1269408329106948098
1260711379805384704
1267088569816006658
1261109086210461696
1238051831781228544
1246987763678928897
1255220518648795136
1239015027446886400
1249348291877314560
1242128340863025154
1259514683570126851
1247554596215689219
1237198348374900736
1258403055860621313
1246289697241956353
1241026367283769347
1242216708133265409
1248365401299451907
1252660461155373056
1244387301561634816
1241929687825362950
1242455836527603712
1246448868272877569
1244305906667532288
1251175115238158336
1251436469354483712
1263916891376140289
1253462077051723780
1249298112134500352
1245690438775902212
1240643818271191040
1255689849174179843
1253462384032788483
1261303703308587008
1253136968906612736
1249353831906975744
1248738464037769223
1239941393126232067
1239359356153536513
1240846377988612096
1255201508616003584
1242129586772684805
1243605118169251844
1261145283808964611
1250150314021396483
1244386192545779725
1236298361218744320
1238705280096976896
1242874726969679873
1240789675964588032
1259462300290990082
1254531879698681858
1249446603208916995
1255905166177468418
1240677929887006724
1251287767251812353
1250165444788486146
1260914248848375808
1238194844440371200
1254103049100046337
1245143652474720257
1242117881049108483
1237865698086367234
1252967263336108033
1252623152368300033
1240694538844246016
1246287965149638658
1260116194646011904
1237090298184052737
1248953343441088512
1260923623105269760
1235970056699490304
1260306032691118080
1245859913164677125
1241442942566481924
1270107159154524161
1235740272220344320
1239223727004323840
1249307034996084737
1250927921012920320
1252281086035574787
1235644438208303107
1262303647494475776
1241159025259134978
1237869915559710720
1240059438964379655
1247358166456819718
1246731482594529280
1266094459508396032
1244346376869367810
1254798895563116544
1242632283548520449
1250489553758158848
1244343414574940161
1269330866226028545
1240243362508177408
1246540338237505540
1242629724784001027
1245489402282942468
1247575038901006344
1252442514319015937
1241070722086326273
1260743161456070656
1249486209711251458
1242897769389535234
1240452596235673602
1262567563965448193
1269738126198616065
1267981293444349953
1245082798349864960
1255945831364071428
1237885131022467078
1246049211675742208
1270570592232706050
1238193158028050433
1262924437214691337
1248129236642267137
1253165326151401479
1255913777062649856
1243955296197906432
1239936175202349058
1238859585982738443
1237206041764548610
1238843773846765568
1261022966290186241
1238075374417911808
1256291348610678793
1250884046265057280
1258018323213639681
1242640790792306689
1252937760710823936
1238195902017228800
1248740375419904000
1241372321463615488
1254826956773822466
1245143975369064450
1254773920248377353
1241092691183706112
1247241787435073537
1264949437543178240
1255488833635913728
1254203053223313408
1262443077060440066
1252347992750735360
1258839402358476800
1239283218324557824
1246289564995661824
1241075990484451328
1245228455417065473
1258428331906732034
1257916720402006016
1260301770020073472
1254854755010019328
1245916242591940608
1259630944044167170
1242817414481489922
1244717347446890496
1255205163712872450
1245672985157124097
1246566318016512003
1244397075573456896
1236993388227985409
1254455270039785472
1260327928455483400
1264658034757971969
1250186403847311360
1247931702376349696
1254883667807047690
1251176189210869764
1253505546843492353
1244297806761918464
1242639251310891015
1241067210958831616
1266377585988009985
1239988357419151364
1258057448784609285
1237202555849052160
1260016021726871553
1262571111264456704
1256346078171013121
1254895105439301633
1258509832010661889
1258788098122670080
1237909756494458880
1255912272918130690
1243750482536992768
1239357459392856064
1260137410526150656
1254894572959936519
1236186148029988864
1239932245240090625
1253297438678487042
1262362089181642753
1249778496513204227
1251977397974577152
1252699590673018881
1240860208324370432
1254815937246695431
1239312311933943808
1238980252157775872
1237907350054244352
1243747286133456896
1249679323050790912
1240231128331685888
1252729088818720768
1240315266082324480
1239360028861227009
1262755165901209600
1253354454595895298
1246086428947251201
1248085704950849537
1258665906563137536
1238243795415846912
1260890721575489537
1252359472325881856
1255144132911063047
1246632838725763073
1240709139829047296
1241093232798433287
1254516678123302912
1243592617822167041
1237946264630812672
1250384782107828226
1238961524770734089
1240785309044035586
1250894518439862278
1238550663963062272
1266134630295576576
1250510363843596293
1259695839758430214
1250548532832088064
1258462832192077825
1262333042397523969
1263891865163706369
1237542005548265474
1249827964553809921
1243588436180766721
1242263089464180737
1237946502380769280
1245755261136101376
1249828192539553793
1241749474856374272
1249828417102544896
1246111167757594625
1261830198921777153
1256626057840648199
1249827997529640961
1249828533104521218
1249828097727311872
1247835675719872514
