1241780242819231744
1241353385720365059
1264244642121465857
1264981144937717766
1260603145232793600
1254493352701067267
1254493693467377670
1243632149493932034
1245454577740193792
1245052299841548290
1241807908385456134
1236661133844643840
1256602382961643521
1240745402984476684
1238897715960074240
1260029134299729920
1265635178279579648
1244972445313925121
1251268845186285568
1253382529652056064
1241676568847691776
1265636885101191170
1263454669210365952
1260605640365543424
1238663079598215168
1252652756780924928
1238266072303878152
1249723428892037127
1254971702293004288
1264247562128719872
1246478072213147648
1238697158020411393
1241535456539480065
1245122857866231811
1265683670590988288
1262778928478986240
1254495202909224967
1249799357580394497
1243937722332479488
1251230337943744512
1254461293140086785
1263345388800610304
1239862633655873538
1264245130690801667
1242207433063350275
1255315851449905154
1241018096401424384
1244058484431302661
1265634469232300032
1246060792060968960
1239690029808713736
1262418712285655040
1253580824714379266
1257441749074694154
1238554278278635522
1256659804426244098
1262348830038806530
1245533021710794752
1246265542341799941
1245038815397523461
1245779233898557440
1239350731204935681
1237535969282154496
1262673138912985089
1244954710458732544
1238958304337985538
1246507039385362433
1249911252115169281
1250138728519086081
1266118784223449089
1246910308196790274
1243240387545911302
1247972759260585989
1241738946700365824
1238297780113866752
1245065801457074178
1259184391466758145
1238866205081047041
1238722601415041024
1264980576475459584
1245847330923913216
1240734405909450752
1251493181264445440
1251495011696488448
1241814024641282049
1265629633933869061
1244799023665549312
1248460706740965378
1242278035656716294
1244638916998807555
1264248221343322116
1262404934466764801
1239231323639873538
1264245774717779968
1249765081954562059
1260165378019377155
1239040422565085184
1238957842201292801
1258829750119907329
1247274319509684225
1254832901847420928
1263122111733927937
1245083152047132673
1245271912181305344
1253019457968095232
1265713576515420160
1245418181281427458
1242581609213296647
1241461897578373127
1258862077097250823
1253431533446131713
1245109845973520387
1267794899816067074
1248227966909394945
1254495463312633860
1261552066662666241
1265140092802338822
1245887375835901957
1238829219955855362
1265628115377836032
1240419443337035787
1264246994274586624
1244704621567848448
1257751157642072075
1245125267267497986
1243697206235934721
1245160183418032128
1243368413608591364
1241550034665168898
1249055472407150594
1235868815528886277
1245343892645588994
1245887544937635844
1254466475399811078
1245887989613461505
1248791352244084737
1242988175871672320
1253556333770653696
1244830521366130688
1239268371625127936
1245895046186119169
1238649627299270656
1252267527864045568
1264978850183774211
1251498123563851777
1253386890050506752
1245527787638853632
1246194141035454464
1238463619345629191
1246089077478350848
1245197188021530624
1247610256521408513
1264272726019227650
1246856979093630984
1264954963152834560
1239625282262351874
1245888910116433922
1238914438406823938
1246240743787769857
1253712041824653313
1258038676703109121
1263052902299508736
1265632656928243715
1241459757745147909
1259155748484976641
1259559245353226244
1241873499456786433
1245067918162919425
1254599688042545153
1241807008082395136
1261637292483100672
1265627260490526720
1260615957925580803
1244438886979448832
1251032835084951552
1240299712168804353
1260237453807542273
1235715930715344897
1244033880027430912
1252707772032069633
1238609979013300228
1245117510065827840
1239347553147199489
1266797444504801285
1238242362603769856
1239368406371008512
1253658626016907264
1237949920549785600
1241731979093184512
1243743842731524097
1245127779835940868
1250900428176457729
1249846132638978049
1253071177720963078
1246478711840477185
1262403834586038274
1241392374791757827
1264188538947584006
1246195856342167552
1246195065246167041
1237783127470346241
1254492823170289664
1249029215619616768
1254593285374558209
1253415140235436037
1245886770358693889
1249027363561779206
1254487017485893632
1238899394625363977
1241892713223634945
1244778518979977218
1248669321620004864
1254015740044337152
1242828140541607937
1238661004562743296
1264608461255573504
1266795379598610432
1240759307232305154
1260614770820091906
1264246403733348352
1245738706121773058
1254016163199291392
1263510288055382017
1249083644003704833
1241514711046336514
1249370158784811011
1236872308444332032
1249420745811333121
1247226977960034316
1244789016437968897
1245418098196430848
1243745669132832769
1266117332079968260
1250082577668505600
1261639679763415040
1248755305468637184
1265626598184824837
1238825976789901312
1239385840243093504
1261465877964296193
1236268704113070080
1242975581752496128
1242035731188658177
1239265229709750272
1246107424647503873
1242102710830333952
1237216991427133442
1267202370867527683
1256282672646828036
1243162888023478272
1248444547224555520
1246122389718446082
1252264763717029889
1265628645273583616
1265636312771637254
1265638111347904512
1264979857013911556
1261688065120182278
1270091649620869121
1237049989437837313
1246265845766070284
1264229545349132289
1248995382408830981
1247228904928051201
1260712133135867910
1245370358175236097
1266122879789404160
1255505232076967938
1259564012171407360
1249843850581020672
1261349206909874177
1264980317942829057
1258639877400379392
1244694413483356161
1238655733731909632
1262402838422052864
1265626175042392065
1268380105950232576
1240771857516814337
1254544954598268928
1266119842823843842
1240042483955965954
1239251832750452737
1253159364225089536
1248641861335625730
1246164864562860032
1246538946068254720
1243711056972787712
1242146133423599617
1253752986674831360
1239668864679587851
1248074891863220225
1242829150165090308
1246204990512934914
1266120706179432449
1266121850544885762
1246501437951049729
1239657380675301377
1238820026066579456
1243328423386329089
1252991096881319937
1237264823861358592
1261365222545264641
1240522540411469824
1239367435863678981
1246125295683473408
1248774943212437504
1268166966361145346
1246794634287886338
1246603969117462528
1245889253227315200
1264283722209267718
1268964460645044224
1236366025182056448
1253741275079233536
1250247027444850688
1261639068775038977
1258707058154668033
1253073328849465350
1238088831607472131
1235727299057790983
1255557753764020224
1247351375131967491
1252609010135642112
1243384864767791112
1254016547447885824
1262713798156267521
1260613021010976768
1263458114168410112
1262426936304963584
1238447881620721664
1258171180814655490
1253053249780940800
1239648722482593797
1263792608712720384
1255247942782517253
1247233146761940992
1239770248477380608
1244040438572625925
1258159967368105985
1247383062402535424
1260415878547623936
1238901231906697222
1262005640911892481
1240557297673404416
1245073737977864194
1238600709764984837
1248716061442215940
1241620016451256320
1266816352930738178
1266810387103649795
1259154999638134784
1249136451641638915
1262404403644059650
1265632183152259072
1246881696970166274
1259514397178855424
1241917382173605889
1251496983250063360
1266798295159996417
1266799203621060608
1267151133644070912
1251136397945249792
1239541692216365057
1237932179935633410
1244278732019437568
1237363570511425537
1254598298159243272
1240992326127882241
1260013558546366467
1241111780698570752
1241788829566042112
1265627544486846464
1247758056265412609
1249001628281307136
1265629110597976064
1265631703294410753
1259563952419323904
1244994003269025792
1239586613979746305
1241576644634083328
1249428340219543559
1267121061235130370
1267121477230440448
1267122394361184262
1240065834913013762
1241005285965279232
1242472068639346688
1247228401641029633
1243933287992700928
1261006788868145153
1249687705853865985
1270009670254628870
1259613952117522434
1239455984336154624
1240702688167366656
1246104584256356352
1248602713828589573
1239924146018168834
1239624111468445707
1258129088042147840
1240698290410160128
1266794140399853568
1249139039208439808
1253064107063902216
1244654712831516672
1247348729692200965
1266792541338263552
1259017991368425473
1236694039518470145
1247722709250949121
1244970792267513856
1238905350436327426
1240396991013752843
1237893551934955521
1263177430400929794
1252613607642132482
1241340089990549505
1262774892933664768
1247297827459469312
1260965067752955904
1237931126049693696
1241429058988228614
1241503295820173312
1250858865836646401
1242884441174917120
1255195336244633601
1245827779834372097
1248768686799773696
1238694264684654592
1259458071157452803
1248241721462456320
1242888556114333701
1250198775521566722
1255830926745051143
1251138694158839808
1263791533070921729
1237919272833298434
1258228616149827585
1243933070698348544
1253060652731641858
1253530142615515138
1252332670719311872
1252242284709625857
1252253621242212353
1267284305371414528
1248074689894920194
1247618685612818432
1252427395690147845
1261637715034021892
1236743631635169281
1239316252818055170
1248406660290203650
1254810123425460229
1241779513677266949
1261637020532776961
1262139250323132417
1242887472956260352
1262882798811197444
1240117226637856776
1235952958543720448
1253492061057187843
1265629944492765185
1242099652532621314
1254078145508016128
1252615895056371712
1258971364716929027
1260042625765302278
1263792120659312640
1252260516929601538
1258881328797364231
1261476410222354438
1252245319259230209
1263790856198410241
1252264099125366785
1259884985835757570
1243023213665366016
1264236861553356802
1252991381947244544
1266040025994665984
1241569375099981825
1265068621686091779
1263281518274846720
1247889762251206661
1262778167053385728
1245826721577725953
1252611528437661698
1260655902715068419
1259820539356602376
1244834095974277120
1250594084403773447
1240087746552700929
1247983998653120518
1246604272382468098
1249872494418366466
1237926711939018753
1262394132552654848
1246967320309911553
1239696999152312322
1251351864005865474
1258970859336880129
1242951799717466112
1250203486962307072
1250204487987400709
1238222180254715907
1263175507656540161
1247982727959384065
1236717208388108288
1264070100560359424
1254981933165133827
1252244287145861122
1266796581698691072
1247057048191279105
1264241879543095296
1242883237376131074
1240359720835301381
1240445364219588608
1241139514518708230
1262142056484478978
1257498581621186562
1262777886756528129
1267082045030875137
1256917652301385730
1266811454268858369
1259549288788615174
1240120685390966785
1239160401050439681
1245799435956899840
1251685149244362753
1266796051597373440
1240095718892883968
1239532697539825664
1242632967413006343
1261091675407110148
1239715342441762818
1249444565662261248
1254933637260288007
1245482975543902217
1238905971164020736
1237519870033563654
1248284526108868608
1240254498335010818
1261638352970887168
1264470256145309697
1259883093403611136
1260965149072076806
1251682800224407554
1261635869401845760
1245149410448867331
1238403451719163904
1249440169683554307
1259619568449970176
1252246229247037440
1242831101674086402
1248762977945296896
1267229001208049665
1239166307314143234
1247720324755607556
1238888313471279110
1237401767379337217
1245903883047702533
1259820544544968704
1247615469839843330
1252241541306998787
1258910236443901957
1251200259159703553
1239588800067776516
1270034638665375744
1252611269305253888
1261736084402311170
1245349996788056064
1267514943097749504
1260800994671300613
1262374309517037575
1245457783358664706
1244537109718994947
1267109053609775104
1241963208581304321
1237916769702076416
1261640336117567491
1251543830643564545
1262156580574892040
1245457461416468481
1247722463712206848
1242583713810186242
1245149648639201282
1237702642803056640
1269094133341261830
1255190156686090241
1256609791214063616
1267804936626155522
1262065726795517958
1241929429846233088
1237859265093615616
1259573088079040513
1239717397688451077
1247203692589301769
1260979019153104899
1261331856689188864
1250593166597795841
1251530268617445376
1267230706947637248
1242287109072990209
1244175449212817408
1245399029493706754
1257753799403417601
1267232994953007104
1257054876107976707
1243943857986899968
1238997504676462592
1256093579572924417
1262773882790043648
1237919340026044416
1264372575146295302
1260244250211618817
1246101538935898117
1261701220093263873
1241567277327228928
1258807634871934976
1247552182813175809
1245900206752829445
1248328994132570113
1248084627543207939
1241485748458717186
1252993448396959746
1239903925236572160
1262119109837361163
1252992402140336128
1253748017628426245
1241946071695310848
1238407398202716160
1245405405007642624
1255920304272166915
1237940669995536386
1262773493139214337
1244684494218694657
1238254572755451904
1238570694650322944
1248704613693390850
1247203355711152128
1260952725791158274
1245003942859284480
1264373867050565634
1252990468981489665
1252621290483179521
1260789639431913473
1239587763130859521
1250532446266933250
1239827799608868864
1238063890296123395
1263583437685796867
1247203127184547854
1262778542179450886
1259176716527960067
1256163876598501376
1251743167461941249
1253300294903115777
1241930763848876036
1240277108695449602
1240829788962590721
1249488143201509376
1245811461433094144
1258843241442684928
1245916955845918729
1250079661398339587
1257098969035014144
1259681388950958084
1238625440002183168
1240714113766117376
1247707783551692802
1251492022948630529
1245790863046950917
1258855662450286599
1237503484418830337
1259823986495688710
1255547663933739008
1247904468991000576
1246545896252362755
1251322579111022592
1259820541655101440
1247482705970892800
1242237336097894401
1260709494641831937
1240106193407873027
1258512135136505856
1244095008376000520
1260915959973449729
1244446640833990656
1244878533337505793
1262772908503584768
1260242403111448577
1250170549344579585
1267513499858722825
1236342759998599169
1247557856255193090
1257055293009248264
1262055441024143369
1243718074383110144
1255904910605979648
1253818976548933632
1259821578575056901
1266875718484582400
1255618245115215879
1246405153470713856
1240567837288288256
1257799576196653058
1246283858464686080
1242118513755672577
1238253753146499073
1255272341204086784
1265514812072738817
1248635550044696576
1238704603224555520
1245753205847449602
1268448099137138688
1252714611213774856
1249707905286373376
1267229876777451520
1244348597803589638
1238582283625533441
1257964690807939073
1262218179000049664
1267231378577317889
1238477803244474370
1246829016172150793
1239565912526766086
1248522462708588545
1239980089359695873
1248050837986971648
1258511756600594433
1252970446670225408
1252679283971182593
1243669199291113474
1238574447667417088
1245398761490255873
1240483806903242752
1237801981005246464
1258403453220589568
1264076827418660866
1252263445644312588
1238539683317067783
1243193224665141256
1264750210963701761
1247746824787509249
1252266714647212033
1243917295702945801
1245505452957368326
1249145008122474496
1252993020364021760
1266123920719204354
1250111539857764354
1266124943194034176
1252003436696125442
1258512020376174595
1235734612342525953
1263672207093440513
1266822663277813763
1243573775729377285
1267514117390245891
1270392154242854914
1247898041589231617
1250975865938358272
1244385711161303043
1241165357978615809
1252781859110608897
1238195467860750337
1241865945892732929
1243664660651540481
1243955535898173444
1237191704689758208
1251966689618649088
1245149091413348352
1249705982428577794
1246599935656710150
1252360398193389573
1243847094827442179
1267863912885686276
1240859970754809858
1247309346251341825
1240581767490387968
1265725265143095302
1251273927386595329
1239965329477922817
1240483393177034752
1254885336867635200
1260371073905950727
1259154716791095296
1248390779195645954
1257145149861310464
1251117703273893888
1254032026287702021
1243751463341428737
1262919015758024706
1249389481456734208
1241055006868090881
1256999660646010882
1248565836027236352
1237910135042904064
1244751728614027264
1247236628998959106
1265754677997699073
1242329454543806464
1270043311445880837
1241441020530905090
1239279200638570498
1238245699382325251
1259977286922702850
1239283063495983105
1261693375620751365
1245475357098151938
1242142872134201347
1256228589139361794
1256724866704736261
1256579372515053569
1237545134855577600
1244758229470580743
1249826499248771072
1261691771169525760
1261693916945973251
