1241536787182284800
1239266670142607360
1244424212502269952
1243439520470761472
1235059794416783360
1257687238894370816
1243381568514777088
1239062132903288832
1248462989478391808
1240409858702278657
1243699428210249728
1246182298036449281
1245086775023788033
1241395487661580289
1244647596519538692
1241871398156546054
1240954405974835201
1237564428125536256
1240984243393757184
1240527741591617536
1244366086822297600
1245372481252327425
1259337988833603586
1240380821682491393
1268762168507408384
1246559622837800960
1240798190263132162
1248187124169551872
1263268734854213639
1241781683021643776
1247670571476926465
1257300779003719680
1242684767948201984
1238973223846285312
1235706901725315073
1242760420320034816
1249061841315270658
1239062051877601281
1243360144462770176
1238200561196863488
1247948894086012941
1238309358552764418
1243382269068185600
1237219156669448193
1238640630215192576
1238825414438592522
1252706785091354625
1260577814723649536
1254843870308950019
1267542694034882561
1245550802900566016
1265989134537064450
1236132413488746496
1243856986862567424
1236427613863677952
1239910787772112897
1244322341347381256
1241512564690845696
1243326565825429504
1237850479775731714
1270067841048498177
1264943387636928513
1237738053927657474
1249892734351151105
1240439517401813000
1252313226177654786
1244832569868185601
1248274658782261249
1243363782845321216
1236412803461734400
1243301110544248834
1241550393412186112
1243357610461425665
1238949118585659392
1237854327932194816
1238949922545659904
1255243827033649152
1238433051505496069
1245596747000188930
1243626183050366977
1249366660890443784
1246949614219132932
1240000868491177984
1242301651224072198
1236695743391547394
1240804159403802624
1239211714291236864
1243702264159588352
1242653750285799424
1238897067537223680
1243426760399548417
1249421938193305601
1238645049656778756
1238060126973509632
1240308675971108865
1242274471748210690
1243367321416003584
1245422345566728197
1238240519542587394
1235383667616342017
1243357848093863936
1237252151686160386
1241780960955445248
1237738622830379010
1243358816185364481
1243359874089545728
1258751798292156416
1248734134572331015
1241516257679036417
1255706049207848962
1238829683954855936
1238819378608713734
1242745549897363456
1244377292773736448
1243885071184138240
1253348974616104967
1269670485379493889
1252720773355233280
1244840394103369729
1241649883762704385
1238286838873214978
1238274596668751873
1255847118545342465
1239213870197002240
1243221389106184195
1265638646842945536
1241595556776026118
1236378390271270912
1262125790076043264
1238989539617562624
1243367186787262467
1259090219112058882
1243358899991793665
1262822665556918273
1243359547810394113
1246060962978975745
1238199416802197504
1247626446383824896
1248187955107299328
1243423176387743746
1241540162527485953
1241203571590217729
1244259930376470528
1244697478328442880
1239210914282270721
1235587770413756416
1239059003998490624
1240796724647489536
1238595919098122240
1236414597210370048
1239743709748445184
1241533019237707777
1236488877214441473
1241739324359675904
1243701710637289472
1243365028629065728
1238213735485001730
1245122781802639360
1250813679014158337
1236804135569092608
1244625495150354432
1244845225891241984
1248730463868538882
1250777580187324416
1244841701908381696
1238652080753004544
1238242003478953984
1249759718815432714
1246917230832635904
1243745204932431872
1249895344823033858
1235749289219035137
1241813399098535940
1249208116757123072
1248652916103274504
1246583781978497030
1240432915412025344
1245537470994944003
1242746745265639424
1239349959809474567
1241124140783894531
1250694655127126017
1238393233480138752
1247451275865853954
1248299968802275328
1238823910038278144
1238820730030174208
1247658610097864706
1240379065116307456
1237584568183451649
1241772147816701957
1267403284085702657
1252929193882660866
1258227288220581896
1245422073310298114
1237812704443805696
1238652156858654720
1237585096393121794
1252600213602099201
1258952120155299841
1238309418099281920
1238794037760425986
1245849898957918228
1258131638896246787
1242524141913280518
1236881400038645761
1242940267369545729
1246264631644962817
1243875464029982722
1240822432073535488
1244450144902189056
1238702434475802624
1242544961243025414
1245874274872832006
1239269330728226821
1235747898375143424
1240396756107628546
1249127283207688192
1240053328408506368
1241954705468616704
1242980059905789953
1258471926688813059
1238467452264165380
1236861558174580736
1244367445575577601
1243326932361441280
1244627157495791617
1269658375446503424
1245415214041968645
1245595143505244162
1239064709527199744
1243303291913633794
1242989173709115392
1240795366087254016
1238270690446299137
1244467372007833602
1248276497103761408
1244628667248136194
1238387724672876545
1239213657319280644
1245440977613045763
1241533811889864704
1248341416427819008
1253306124046131200
1243381930868887552
1259865074392600576
1238822587305623552
1238823348341104643
1269923810561732608
1239052063595794432
1238638855802281984
1252992257030008832
1238308651950997504
1248257750540353536
1249908866856476672
1242944335970054146
1245450334711005185
1241396031880912897
1242680608842747905
1247487022455050242
1235936879616221186
1246939216908636160
1238316787835363328
1243844420950085633
1238242377304666112
1238969668909613056
1235060958881439744
1237172119617798144
1236427261831565312
1249951395362586632
1237565487317266434
1237889067133485064
1240818766868439040
1243700785290137600
1246262215218532352
1240799687600295936
1243362016938430466
1252705878656061448
1239060857759432704
1243278436958945285
1239237929492496384
1234932915005341697
1242548501692678149
1248228946661040130
1243359274182389760
1245739792924631050
1252212639608037376
1242225723768803330
1239622929324769280
1243734037790724096
1239872058156290048
1248703414684520449
1236845252750663686
1237047125839613965
1237512559609016320
1260721544780582914
1244957965762920450
1237220114933710848
1258354285374517248
1245850972548730881
1244413714067054607
1269995904834113537
1250094390179135489
1243788274021404672
1239211403753320448
1238059934937317376
1249041556750901248
1257025247892721666
1246578823950479361
1248774415648768001
1241199847622860800
1238827084069212166
1253343495676473345
1239199245481230336
1238823301197119488
1241404288276008960
1242657341297668103
1235570407757041664
1258431054945366020
1242441992572932096
1243549950824394754
1236829572806529024
1243326716933582848
1243702164058324992
1245701074176049155
1239367973699084289
1247654772825612294
1241555455794692097
1236802563850330112
1253416420211212290
1243702557203038209
1237220276447952897
1236862094273699841
1243368827557220354
1242629486232752128
1237218487044538369
1242630290373136385
1246614387701551112
1246954865261150211
1243366837280067584
1252674097533923334
1256736930752090112
1245782584753377281
1248246402586529792
1244946300266852354
1242776085428928513
1243327195210297350
1253311522081660928
1244017531108630528
1244832629007872001
1246601727723425792
1253740066352050177
1244016038053679104
1250141597632733188
1247169991419592704
1243879960080572417
1253026016458612740
1241354408492818432
1258759700205768704
1248035347596029960
1238559814390673408
1241512516003323905
1237889120707338245
1241534588016566279
1239059129467052032
1242166253126438914
1239069080876748800
1244827381409464320
1243737264737275904
1243128086855471104
1240417451613007872
1251271631584088064
1240125639107194880
1265972170494291973
1245064626016043008
1239691308786204675
1252313856959021056
1243977514785046528
1247008589673357312
1238820489860014080
1237219719234666497
1243702839538417664
1237891802041946115
1241559218475470856
1241395662861807616
1246094179991601153
1246601659293274115
1243364176694665217
1239879833590681600
1241954880807301120
1244843126675640320
1243878918643302401
1260693896826359808
1244451385376210944
1244944893128192000
1237410465053126659
1244322788086812673
1263637645600739334
1254781197151956993
1245804628693966849
1241713805412818945
1238674564592402433
1243381733447233542
1245326024025538561
1240098360369074176
1241198082081071104
1243732515216449537
1246474492488056832
1239631614872879105
1248839927351123968
1237110839800410113
1236429288905138176
1268979151337328646
1242536732639105024
1256942731374604288
1257594866642665472
1235591696777465856
1238388372038545409
1245887518702211075
1241780344883478528
1248673823534338048
1244012013556314112
1245887392071987201
1258574332143513603
1238955782428909569
1240640285526429696
1242453462211792896
1248992659332612096
1260898399945187329
1236837976132345856
1269702296314744833
1246860982783283202
1241195485089558533
1241433077353570304
1243369680770699265
1240000046365581312
1258877765916463107
1240752781553795073
1250082053787435009
1249718850700169220
1238452648182984709
1255540885225422849
1239961022334750721
1238198038897799168
1243364517335060481
1240122130286759938
1240465999821848576
1238940011686326273
1239052079944986625
1245862012803887105
1236556259186409472
1244451596903251968
1241354680510234624
1238359307252621317
1239062162103926785
1242417651688726528
1237217786063175680
1245376456609406976
1241396171463106563
1250198395412787200
1242101439918264322
1238237738626887689
1242828759356657664
1239864121996107776
1244944435357593600
1241434210419654656
1243128805289414657
1244628424498577412
1240777686584352770
1250871905877401601
1266006780540321792
1237929399426510848
1238386409246838784
1239957160295047168
1238391200949796864
1245874902072254465
1245537139657506816
1242951272682012673
1240418789356945409
1242473855018508288
1244379509278851075
1244802718641934337
1240832829271035905
1240380235113279488
1236841587650498560
1236803644013584385
1236861810436964353
1236862421861449728
1250922905938071553
1243301232346832898
1235011881955446785
1240261409595891712
1241124629588180994
1247520844773044224
1236843621367742464
1253495391816998912
1258523443647004672
1236555033371643904
1238645479216463872
1249954727548387331
1257119263602737157
1239251211708248065
1254061394036744197
1242299709986729984
1241801122077200389
1252702439335251968
1239210679296352256
1243389522504593411
1241573055685517313
1238650954196500480
1268351434443100160
1237912333160079361
1244842709053067266
1246601923387707395
1241134110342430721
1257807474910003211
1241198187341156353
1252628889899356160
1241188809997340673
1238650992259788800
1245848508927705089
1238459503202492416
1245815468654505991
1238454819846852609
1244830983624347648
1238280110089723904
1244622631967563777
1244622711017660419
1243734755599761409
1245886172930494464
1247233301498204160
1247877886230646786
1245126854903767042
1235705788477460480
1237951767947534336
1239331436689162240
1237211502303760384
1242645096018763776
1239517140194971648
1242523109464276992
1245550486385762305
1237217941898346496
1245550074924535819
1244423728311816192
1236454186918842369
1243426117857333250
1237850487333859328
1244136459440771072
1249077977096355841
1238106441011138561
1246949108696469507
1260249660729548803
1241935938193891329
1244844583189610496
1238685371501875201
1257411565051097091
1239541196944478208
1258100580607823872
1251453443547553792
1243358115141021697
1245121381597093888
1242421065113952258
1244439596693368836
1238258186618011650
1238259148388806658
1243702347391307776
1242497401878990848
1239974511971201026
1238199089185075200
1240289563182092289
1240821167281209344
1238259768675926016
1245595012802306053
1237921434472779776
1245539404527079424
1238200411191902208
1244846536196083712
1249855471160365057
1243130582017536002
1238907913785282562
1239745766425382912
1236834281336344576
1249058662288691202
1238645341571948544
1243426385919488003
1241991695916584960
1243381669979029504
1242414689692221440
1243382494734385152
1240749912549142532
1235716370991583232
1246422309562449920
1238699764566368257
1246165286967037953
1258527303442657280
1246207137983926275
1237226928433696768
1241191814087839745
1245451440426045440
1243364742015533056
1237224433011560454
1238306971020750849
1260162141287563264
1237225985013092352
1250441724922458112
1242201602506850305
1247611639655882753
1236834242593566720
1238829559442624513
1246819925559214083
1238590744899788800
1237952466773086208
1237954068754006017
1236653139266121728
1241132402652536832
1235063354265227264
1252598032429985794
1237950432820879362
1243702132827500545
1243841899129004033
1235714844571119616
1238909593759014913
1239080924387495936
1236842435235332096
1237951328476778496
1237951868459876352
1240602244443242498
1240269395521396736
1243423068648660992
1251017113310904320
1235043369316782080
1239328068029894656
1243159418939850754
1236834369341255680
1241395826125135872
1251563419456753669
1240439232025542656
1242747223118495744
1244263921772453888
1242684881739698176
1238279842606354433
1245547504122449921
1241050713444290561
1249722280692809731
1245120385751953409
1239370495507587074
1238308567045689344
1242218421967699972
1239403155542216705
1238272082032709633
1238435038787584000
1254955316967505920
1236825734934433792
1244945363301208068
1243842927970758656
1255767221843963904
1236844788608991232
1243708013799788544
1252647656586792960
1245140945508630528
1239296067214151680
1260181660965969923
1261152534858731520
1234996027834265601
1243358475205267458
1243359477773918208
1242970582917865472
1239069439816945665
1236424553867268096
1240818712589918208
1240046620089122817
1244791053644955648
1237585863141249024
1238289862584750080
1240414532796907521
1237224551240564738
1240818447560265728
1245548090251268096
1255514497382584327
1260611032877277184
1243856920902946816
1243867716223721473
1247642435137699842
1238276456578297857
1245589395157073928
1249334569913982977
1241709673771716609
1243301175660855300
1238306755693563905
1243303560412045312
1243238381129170945
1242076219388186624
1250806806076633088
1237913314329427968
1245874373157892101
1238059332802998272
1241787713344491520
1239610802254086144
1243975695627358208
1238516366014967808
1247672086967042049
1242162818197020672
1243368096120729601
1239860539519614976
1238271859323359232
1243356196553125889
1244809929149554688
1254438548494827520
1239758010467127297
1259089065351184386
1239084876642627584
1237930214245584897
1237227701095653376
1240638907273940992
1238606023994167296
1245709580409221124
1244808988291665920
1247702199779631105
1239543938656145408
1257746046395932673
1245591427871956999
1251122826574102528
1251267025684619265
1243873821305626624
1246873967270428672
1237913459188105217
1244809815446171648
1249455294725476361
1253075848468578306
1245158434762305536
1245869089853075456
1237287918101843969
1241190709639561216
1240137947200061441
1238386356872593409
1252300660915273730
1239003524601507841
1245427598928359430
1234954740766781441
1246158561094361093
1251843749363277824
1236862284367978496
1241124578128248832
1248034947849388033
1243786192577089540
1261632370291154946
1249456923335942145
1247626009152716806
1238999413957132289
1240135109824700416
1247524430508486659
1240770501313794049
1239001068375166976
1246061655030726656
1242527954757808128
1244370106890715136
1239745270008532992
1241512395572301824
1237769542824333312
1245896160444928006
1248068662680072192
1240818556599537665
1239000972409442304
1245548796915957760
1244695763818393600
1241194120300744705
1237932319668756480
1237951033998884864
1252691508127567881
1252692178004062210
1245849957040410624
1242671559963099136
1248343406843232256
1236495068950720512
1238170712650788867
1244814064989208577
1237214950579470338
1244414101478137856
1245896767771738112
1236844240858017795
1243886296872955905
1244958076622589954
1267590269328916485
1241129267049771010
1240220290648604673
1244264497012858881
1258911379198623745
1242570240564871170
1267184541497806850
1260607259966689282
1247658067237445634
1242549621936861185
1236839111224246272
1244759918336409603
1257057707657506819
1241941436460826634
1245073573309566977
1239757672628531202
1250580682822356995
1243389686598397953
1238391566072303621
1238392229439258625
1244696656383299585
1237743299735289857
1237926345847361536
1244266288685264896
1238278120777580545
1243561258869297152
1238393570031063040
1238795807962226688
1238652116094214145
1238279607448526848
1241516018918293504
1243287535096389633
1240765288657936384
1236473679287992320
1245592795441541121
1242983638972727301
1239407990236569600
1246025672260280320
1245526723426488325
1248675947391451144
1269246350450814977
1250478916747354112
1239779772332421121
1238941766562152449
1260161149338869761
1243389754734854144
1249895280591462401
1242867570975399938
1238261642305122306
1245522575582793728
1244826119548710913
1246638885893013504
1241192030828670977
1243389603194630145
1254107156007104512
1236842301432852486
1238306072755982336
1252735141665017865
1242951427632185344
1239361368551194626
1246478536359190530
1250935289163505665
1237931767840948225
1241522215255826432
1237902591519940608
1236839194598592514
1241433877471588352
1245543793874657285
1241881834918760452
1242647689499750401
1242645390005960704
1237923715397980160
1250085912366571521
1261402593776959489
1237924936557051904
1250774922965778432
1256628291894759425
1240419876164026374
1238289316557639680
1237929751181852673
1258409862565855232
1247582334783754247
1236842241290690561
1242652452584919040
1238284144964038656
1239654024913260544
1238309690057998337
1250768503499567112
1250142553137184768
1234996025787465728
1241193332002263040
1237851564389236738
1243303602699096066
1241193716745826304
1237958016013447169
1238082470215589889
1241565566910918656
1238942292850831360
1244803856866910208
1248195626057302016
1268719463295332355
1239385950565871616
1235704564449521665
1244836494143115265
1238900007807463424
1245590612113424385
1237914545466642432
1250775548709617669
1245591783590866946
1238686906273021955
1237930393447411712
1237487729807626243
1236453614346022912
1238919413295763456
1238242171234336768
1246203440407154689
1238279518277627912
1241562807407013888
1251344802647588866
1244814268920475649
1244610867427074054
1255331149733400577
1239767237839421441
1236013050068643847
1237212172809363457
1240417773991256064
1262221083446521857
1242150985872674817
1241128834394664961
1243836412132089861
1240046544394629121
1236845000945618944
1247033483941330945
1246192502035689474
1241573690069917698
1244614129316433920
1236863447339397121
1240222433686282240
1241785095477960705
1259803317145931778
1239739965690376192
1243857066634010624
1254739588800790531
1250936529293369347
1237129026315173888
1267263684457517063
1236835967270412288
1255473895135752193
1253894428021985280
1238388162583384064
1237902379690803206
1243380480390529026
1260183644213260288
1253842383441190915
1242654956223713280
1239061705105129475
1237125589825392642
1242647070449774592
1242647382103212034
1242411531385462785
1264578446845448192
1241432792145088513
1241938515165937665
1244996628420968449
1244830480614080514
1236338296181096450
1264968970312056834
1245652813306183682
1237929708592852992
1241540823340081152
1236838696285900801
1237212669637165057
1245595278121426944
1260196244418330629
1237170692816322561
1260692679811379203
1244473311351971840
1250442199336091648
1250441401420005381
1239609070392422400
1249855030552715264
1238310433334775808
1236759315748454402
1239069191233245184
1237211083422793728
1238864464700682241
1235800102754816000
1254393472204881921
1265288768183025669
1235387953477758977
1243389441575510017
1251130864076906497
1245491609095090176
1243381502072606722
1245891323460292610
1257024149995782144
1250121159334596612
1241955158315003906
1242472005192081409
1247477415368183808
1238495386060365831
1244700128876822532
1242844980135124994
1255526604064743424
1244378334630481922
1237527935587766273
1238927579861536768
1243030573360320512
1237527539968401411
1240127808539672583
1241558202023460864
1239232724365455362
1242772501614264321
1249078942490939395
1240333631878582274
1244610283219431424
1246941743431454722
1244610773084590081
1235051721417580548
1259959548166770688
1244468547797082112
1246793331587366912
1248769909447942144
1241563229068787712
1243127001348624384
1238433168061091844
1248103849111498753
1240382056321908737
1244657124547997697
1239384747844857856
1253895970062024707
1253078059206545415
1245827381203480576
1240730915959123974
1246255128795103233
1245529878017032192
1235727597105016839
1247713329541505026
1262134423195090947
1255851723437948929
1238999507804647425
1243303425850454016
1245548661775441923
1237921472221294595
1244052536962748416
1238259024669401089
1251141493361967104
1238258437060022272
1244257381858467841
1242655763538952192
1252640341200642048
1242216834042155017
1244826541554634752
1242225760552837125
1250795460580773888
1255596865191583755
1251689997637468162
1243287307882565633
1237526808691527680
1237586501036204032
1261463493871407106
1241838690961223680
1243000337675370496
1242233358538727438
1242147253604831238
1249433740406927360
1241429692663529472
1236833952096124929
1237900313278865409
1243219059098845184
1241420833832054784
1241524145013379072
1238282646846758912
1241156610082222080
1244478850542833668
1240400913237491713
1242544576881209345
1243431914159190016
1243126939264540672
1242937556083318787
1240220280926146561
1255232023813328904
1242625837121196033
1242149690600116225
1235061372590764032
1243679588544372737
1235429956219310080
1243912358956802050
1240848834261024769
1240853881552138240
1241194841209364480
1237583330746322944
1237607378628915201
1245345644321128448
1252797264789004288
1245350228846415872
1237553978956632065
1241430062039064576
1247713447309185027
1244631523518750720
1244822848381882368
1246871042930413574
1243434798242238464
1237349886678482944
1238920205692071936
1237837291063779328
1238285711284920320
1238923133152870408
1248784576727724032
1246520018625540096
1244135790331887618
1253793286474674177
1262191929598640129
1247317769319841794
1244808891529154560
1257392422520262658
1239719451571847169
1258062627844100096
1260778726196985856
1235053033165336576
1235724662019063808
1243007879063445504
1239021947108786177
1264212298010374145
1242614481336692736
1248211760156377088
1239381232649146368
1257364167759147008
1236145768773414912
1240440223160504321
1238290091522420736
1255715237736693762
1242968281255833600
1239708208261988353
1250861026595287042
1243125505303273480
1238966578567413760
1260014530219794432
1242255559526682625
1237932213712211968
1242623094058958849
1237485954090360837
1245546299077857280
1237225401077899265
1243432614821855232
1237913514469023744
1243359977533661184
1241786483880726530
1239382642472169472
1239021997033574405
1243120127144611842
1245881959571742720
1253449346068238337
1252767468793270273
1248069230420996102
1239773817829912576
1247320055873929217
1243436224825757697
1246205542948917250
1250283245729509377
1242618536419135488
1248032654362017792
1239022228366225413
1250864783433367557
1239727425828904960
1239762497348960256
1247886635645063170
1243370667174555650
1242626663134793733
1243300507642454017
1248106757945200642
1243300438956539904
1247320069568450567
1244257253621813248
1236318281985929217
1243677184159625221
1250796287492001793
1238386628449583104
1238114224498491394
1239376272494559232
1249469395677691904
1237922322918629377
1237921820499558401
1250899124658081797
1237920930543763456
1254911140049702918
1244474309382303746
1246963846063050752
1256234939034501123
1244278874395029504
1252574763572224003
1241429917641760768
1252994843271454721
1243371562813644800
1243865426364444672
1247330698463191040
1240283543827333120
1237403134533787649
1238307483522744320
1247556791212347392
1243435715670749185
1239504289988521984
1238308788010020864
1237919721493647360
1239919414587330560
1242891633173106688
1241434699098021888
1260044987187761154
1244725832326828032
1259243573934993409
1251202940905369600
1237196497663537152
1239517693428011009
1252313553152983047
1247306597916909568
1237914466517504000
1243436541533446144
1241089289452216321
1242955472627544064
1237210363722162176
1248426562715672579
1243848508446109698
1242222314407813120
1238287123637100544
1241547632474042368
1248622205346279428
1254787884470562823
1244407313282129920
1240219245553881088
1244261598232866817
1250769942317797378
1244825760839479297
1266119338819571712
1239884044000808961
1244824090151706630
1260186769980485632
1240255325070073856
1247652694648594434
1242094665689694210
1246793817216483329
1255266672346386433
1253105102723973121
1239669854560489472
1243345156717178880
1245836774737358851
1237357238131601409
1243300577985073153
1241571187777359873
1246577516908855302
1239641793790124032
1240638004663902213
1248411835138637824
1245687501605548033
1240995158583377920
1244836032769437696
1268545342217297929
1241136842440716289
1240791579180150784
1238287193098969089
1238313398116315136
1237963431761694721
1260762741633138690
1245775159862198274
1237923907715268609
1236836195008532487
1246096688890155012
1245404223761760257
1264045620228227072
1238392876821667840
1237958112583114752
1244136085120147458
1246155071626362886
1240639127843934208
1239205938612940800
1236514408819568640
1237922474475438080
1242621754662502400
1239204349848350720
1243434992790896640
1241542319628627968
1238284332688539650
1243451623990591488
1240359090712268801
1238287248115695616
1235976959773102080
1238313793051971584
1239381167851347968
1240084024426545152
1241564254555107329
1242630492811190273
1248451381104644096
1238393016382939136
1238390269399064577
1240465220620808192
1236843887521497088
1241134506586689538
1251170431945621506
1243719957285752833
1237926223344324609
1242632630492893184
1237957882403909632
1239022162582757377
1249879698353553408
1249037689141235714
1259941161965412352
1245548738275422208
1249472534732570626
1243865987364970496
1241568820420018176
1243863778187329541
1261097564411224065
1237918548413956096
1254730632284049408
1240854614523641856
1241451690244608002
1241350312545275904
1241434506583617539
1237756365801689088
1246279948391927811
1243147122687520768
1252633822820134913
1239022823533883392
1243679265184497664
1244137699105099776
1237917829648678912
1239720283851743232
1242965238045200384
1243678287022436358
1238286305752055808
1242935556650217474
1236822230815789056
1248628868962897920
1244414263902511104
1240616786606862337
1241500564329881600
1243895590733430785
1239729167916204033
1245653318950477824
1238252503076147205
1240344322853277702
1237896530041819136
1268521481321025536
1242627202794967040
1242625370051899392
1237898616536051712
1242064415178047491
1244006404840665088
1243300628153151488
1246277799159177217
1245558122078507008
1243667300563197956
1240225991387160576
1238391513903587328
1244836873551458305
1236462372589625344
1251940014612574208
1242200730083168256
1239300998876798983
1244822742253350912
1235778079215308802
1258434918968897542
1247351269712375808
1243005645495779329
1242225992585920512
1236646988092821504
1242069830678781957
1243301128294498307
1240086320351006722
1236796260163694593
1241468942121492480
1237962371768827904
1240993424502915072
1238613973127307265
1259461347621953537
1237913184557662208
1237914493121773569
1241567967168495617
1266486029080461313
1241493592683708424
1246629580603101187
1259964619197747201
1247269556101545991
1237547676192788481
1240677313383223307
1238284525613932545
1237957711465078784
1258159996115791873
1236843699465641985
1237899891529011200
1261631574484963328
1255517799167950851
1236672829287829504
1241963312188882946
1241502916017610752
1237911611265789952
1246927792589221893
1238918911963418626
1236054065756454912
1248179333052727296
1246448753055277059
1258496824127750149
1242951825067827203
1242634217403469825
1246352511533043717
1237195605572833281
1244108715147608064
1264619256991420418
1240275629343420418
1236241953383157760
1238254322145792000
1238919179748536320
1237923673694072832
1239367627945857026
1238284992158916609
1242644083048419328
1240227555531243522
1239253708447395840
1237917776863322113
1242959770140774406
1267618975355219975
1239034479496368131
1238253065377103875
1244478431946915840
1262189436458147842
1261275913540399105
1237371907340713984
1253528817148231682
1246965783873253376
1237708992476000257
1240387914305097729
1242629822599266306
1241343860342579200
1245648620516290564
1244821400789159936
1242604068251611138
1246223843217289219
1246171030189682692
1235562568753786880
1240225395238227968
1243109399616466944
1239049877881053185
1239716507120054273
1239044636280315905
1237552948516802561
1241350561192009730
1239641235536650243
1241960192901664768
1237920636007116801
1237957796311646209
1241547875256958976
1243369344806993922
1242635999018135553
1236076769989582848
1239068035786264577
1237708548722827270
1239024002967818240
1243420963632336897
1262445036781875200
1244448266969899010
1248351214103859201
1243002121903054849
1237755939983372288
1244134701930917888
1248062185324109825
1242789443087609857
1244074536166993920
1237912759607541760
1237960022501425152
1237915627391610880
1245545660402880513
1237863367143878659
1254409222571339782
1241866307961749510
1239946938377744384
1238729612567490560
1251672181974732801
1239241158125146112
1241428770105356288
1243216851720642562
1241571456288514048
1254876229271986179
1242343731212234758
1240459949328805890
1247765635574054915
1237913048926441472
1252709027756335105
1245684850289500160
1238601964965040128
1245898728130654210
1237891218509463552
1242616241153380352
1255918342914768896
1235737304263782401
1238292075998621696
1240038739646308352
1237679717525815296
1243002295169810432
1235792681802043397
1255817210792226821
1258148666960994304
1245927353978515459
1267260815926853634
1237196055323820034
1253330661231845380
1258886627746816011
1241558052634898436
1245650524503814153
1237549423875391491
1255561339080249352
1250190699284377600
1240333597887860737
1235826050937966594
1244478097920905219
1237912155003015168
1244006769124356097
1237930613765599232
1238279432009158656
1241507017367244800
1242814979096674305
1260004387402940418
1242812399545192449
1239510508232982530
1241580946043752448
1253060169719844865
1242130269827665923
1258733040903340032
1238316343293661184
1252590087474462720
1248179461339648000
1245342398697406464
1246235391901995008
1251939918554836992
1238919463740661760
1240406780934586372
1240843848965816320
1243002189532012547
1237196386069856258
1258292544145731584
1240825065786269698
1244251021129535490
1236329484393086976
1244135165812604934
1243765758988922882
1237911100416356352
1245568847278559232
1255109728805498881
1246841671259697158
1250061880594399240
1240803685300609026
1238920919554252800
1243000288933339136
1264898718689456129
1243385267995590658
1248086394255400960
1257400782607077377
1236451511372328960
1242072316756078596
1252724689161449472
1237195326395682816
1247293206758334467
1258790851171569665
1241947514686689280
1242633059003822081
1248980798692298763
1235582800176136193
1261745478183641088
1243864724485353473
1242641925305499648
1240075646228979712
1243766306173677570
1240441746007474177
1253468526188261376
1238062831536181255
1260052590164881408
1244824345446354945
1241176737603444736
1245022805839810565
1238728061039841280
1240348031498756097
1243433210115174401
1255827314254000128
1251891847192104960
1242901581227532289
1248067787538432000
1237957017274183681
1243719767883571201
1238523391411458049
1241113848406593537
1237232541406580736
1243926765287997448
1237200214500487170
1240712528558252032
1248369412354314243
1248276876231131143
1238620647900749824
1240182261112352769
1253867122331201538
1240364086782758918
1240149960714334208
1239005526106628097
1258854819135135745
1245925881324826625
1244840862695280640
1251615674465738753
1237845261503713293
1242624967163826177
1255884642139414528
1243010961700724736
1241371218713948160
1244383825599303688
1243827320755904512
1237959710147411969
1255285911010652162
1249867348808478721
1248214032227631104
1250064042913345537
1237555585454755840
1253078816865619971
1244486850728693760
1248066650911449088
1248589482246336513
1246443056988966912
1242563567192285191
1248432959008288768
1264539840177074176
1243720194809200645
1241580518958751744
1255214287146094592
1255312342029565954
1235736935869673474
1238569065133871108
1247360549920428036
1237921531126099969
1237921573249511425
1258236091922108421
1239704364941479937
1237199731908018178
1237199836291743751
1238535177258688512
1248085751469924357
1249717474418987009
1242607150737784832
1242636559704154112
1240447395051311111
1237933596666671106
1250932229045399552
1238193816030584832
1246765159500087297
1243347631079751682
1239344721627152388
1238248420311289859
1250929272090431488
1251970667911753732
1245927940023435264
1240840615052505088
1254090813149249537
1240781180359843840
1254853776122343425
1246170748667998214
1242605395014823942
1237196990812913665
1241423048529543170
1236278376505184256
1237937775216902145
1244821892080558081
1242622913154387968
1256568403827056640
1242623600420511744
1238118213298401280
1247922344988938240
1235734684975403009
1262799542791163906
1258397047331467270
1251145343409877000
1248416879804211200
1241496130971525120
1249879851152048130
1240627175033733121
1246368234166792193
1237196117638553601
1250944599322955778
1237935798533660672
1238256743500709888
1237936272267714561
1238227114765230080
1247203011719581698
1244477151690117120
1237196729654665217
1247197449132879874
1240242686164176896
1237196570053009415
1237195736661536768
1239955984686211079
1235392862403145737
1248052568204480514
1238226271844200449
1243007068035923969
1246565689642627074
1246970900337102848
1239721762008395776
1244962918560604161
1245403485824266242
1249902467082526720
1242172058731270147
1240840565786161155
1245553448868773889
1243369772206587904
1237200569384796160
1246540943110651904
1244402186722959364
1237792852563853312
1243011106425040896
1240840812801298432
1240105629882159104
1239344746453229575
1262231271960457218
1240459021380812801
1257315000219131905
1238997422203965442
1247150374223577089
1247341951298478089
1239724074194083841
1258112043787390976
1243575087007219712
1238066691671592960
1238108738269196289
1244298273596325889
1256176705288404994
1243203257385865220
1250974308261822464
1237906797295329280
1259814812458115077
1238314788981100547
1243186179442241539
1238313344680882176
1243722529216147457
1248952763293347840
1241349065519984641
1244472437179367424
1240246344259964929
1237735298202619906
1269742413129662466
1261506983422722049
1240445036329709568
1243319684356849667
1239704724833779712
1240407323279077376
1241362122283442178
1243421055839907847
1239711764100435968
1254168540531298313
1246268912246931458
1237200916752859136
1242607206706679813
1243639376527134727
1239719175829901314
1250412012921851905
1240454459026624512
1244303370120290306
1256565089932578817
1251877954470268930
1238993818185281536
1239230919778676736
1242363277251874816
1244726155619557378
1250972402533781504
1244444803514933248
1243420221202808832
1235728626345054208
1238256688995749889
1255132434091274240
1267860263069343744
1240105794022060033
1238317045927702530
1238888505121607680
1237195797688713216
1243347892644937729
1244385079050285056
1243346040910163969
1240672891240316929
1241059427626520578
1249879579646464000
1263614209255968768
1244836080253169665
1235823533407621120
1243528282135396352
1243720403127660544
1248020324639260674
1238097912342687745
1241041013440905221
1242599882419916800
1237232049125232640
1243638089525886976
1243156713169195010
1247211623992963079
1243824038566227971
1248003677186482177
1243182712724369408
1238255648753815553
1238617221125099521
1264533331632246787
1244999366756179970
1241168161820434432
1241948582766194689
1243420536425680896
1236423118085705728
1244445390621085696
1253124273264308227
1241140420953772033
1254514844876910594
1241041337346113536
1248045563368669185
1263298194101997569
1248631548045332489
1246462853491691521
1253747727219003392
1241492795598049280
1243315291779665925
1235069944024510466
1238097987961786369
1243668272488251395
1244384374725976071
1240531850621325313
1241102045698035715
1246248734356316167
1267234708372574209
1236796840001048577
1241352423995629568
1237200133613391875
1243294281978261510
1238095640279896064
1235071884720398337
1237940458757795841
1241185209195696128
1245811810801983488
1239019170802454528
1238254762878996480
1240655511516639235
1243923859780354056
1241351699182129152
1248048866638823425
1242643224726048768
1269094904983990272
1253823358053109760
1250878461440294912
1244150037552205824
1238995726782234624
1265799745861230593
1238250036716359682
1248952426956275713
1238801716587323392
1242173648502325248
1241906613725859847
1266123888930574337
1249324171806609415
1239716432146870273
1237909604614451201
1236852744943570946
1241346866970681344
1244445227168993281
1242644235758776320
1250382552269041664
1246671224257884160
1243958433692385280
1241428669140054016
1261765081605472256
1237232459789582336
1247966122177187842
1242458287779520513
1243678778922016770
1238623435594575872
1239015371782287360
1241185016895295489
1243371922487828481
1237912045720236032
1242795017023950848
1243421278993657856
1242798300841025539
1242291549238702082
1240230142607265794
1246888280525885440
1237196437240381440
1241582067571294209
1241482187368792066
1243322918920024064
1241186410939314177
1244823423609700352
1261017163600588801
1235252808133136384
1241351979181289472
1241728396775821313
1237238595775279104
1269664245735657474
1240840455077507072
1244345355564658688
1250188603357114376
1241910788547153921
1243924463793639424
1240244550351929347
1252580762584518658
1239009594900267009
1258392252059201542
1240245359873531904
1259599098803630081
1249777470582259714
1239008409640468481
1237599497133281280
1243718835418484737
1250062192659087360
1251652136456335360
1238890685169893379
1242606519197327360
1241905666161246210
1267516354426548224
1267507453903724544
1240061070343122947
1252458179461632000
1242638582675841025
1243822387918864385
1236853329575022592
1237907949948792832
1246659362648702976
1237196166607122433
1238257506876620801
1241488432507113482
1240447821968478209
1245413118660009984
1239851933403316224
1243922760583262214
1235640582887723009
1247237495454138369
1247341683261542406
1243922114954113041
1245171334260428800
1247238825396580354
1237203622947143681
1259221668301606921
1251892220543860736
1252682948513587201
1251301940455145472
1242996548788617216
1246985054691172352
1240841529637339136
1238395901984403456
1237203300656742401
1239014826262687744
1238192985818435586
1237906670216306688
1237195204769320967
1237199442861854720
1238997123506429960
1240247581701259264
1241170721939664897
1242996419624984576
1250527386917109765
1241426642741780481
1238251323633655810
1251218540092325888
1240841297994190848
1240656824224960512
1235562717953404928
1240109431695847424
1237204804629417984
1237911574205079552
1251981019793829888
1236311182417350656
1239014300510904323
1238063170851241985
1258496985470033920
1237866378431889411
1238095731824754689
1254820376053534721
1268253761035816960
1243921356766535681
1241428719098462209
1241908647824969728
1240120627782131712
1240100875655434241
1260327948948652038
1238243490770771969
1243991133262397440
1244731037965529090
1238064120101920770
1237199595207262208
1237905826704019456
1237905791408996352
1244134940268093440
1237796980711178242
1238062919457206274
1237935764576624641
1239173286254108673
1239434024734556160
1253334028398112773
1240458248194588672
1238905235902529538
1264659980101332994
1241604089420615680
1239012641386815488
1238064237609488384
1238991955251433472
1237908642071859200
1240101737710706688
1243914425985388545
1250152642489262085
1245553941615607808
1237490472307904518
1256607078585495552
1239359586395656192
1249706202847739904
1252709626589646850
1256971643450056704
1241094190353616896
1238192483034640384
1238063365538246657
1239014263290654725
1247894478196625415
1241567668609511424
1238065658098642946
1261452186053042179
1257398212689879040
1241426299115040769
1245169645767856130
1248390176499326978
1243127293880328192
1268483792953659394
1240229801853673473
1242996931925860352
1264595552420888579
1240488230291677185
1238067786850557952
1237488994600050692
1237905608663109633
1237199303267037184
1255553719397167107
1250290842645880836
1243917581330845698
1238632288377868288
1243848611722457089
1256699653292273664
1244399486316826624
1238063484404772867
1242795429948985344
1241426979020083200
1265417712970485761
1245186850173661185
1243759453041758209
1255910999439409153
1241331856890568705
1243918890280693767
1244301200494821381
1252712226194100224
1251119986413690886
1239895934722441216
1246564843446034434
1238541805576245255
1241442427002671113
1243752567047434245
1237620705040183296
1236305013850374151
1249391937729318917
1242612644487376901
1246468165347020800
1251121470614286336
1243747332442787842
1237491202833907713
1237907623162216448
1264174659567837184
1241139912595763200
1238064652287787009
1237933731295506439
1240860891169472512
1237494899680980995
1253495627020939269
1242797818944917504
1238975369874518016
1238066809682550786
1243116856883335170
1249088231188107266
1254205657378689025
1246987648696287233
1238963907668164610
1237937475856797698
1264638192222863360
1252286147188924416
1237904364733267968
1239419967579308035
1261147867818811392
1242996595076943873
1241272943222628356
1257966281283833856
1245182888175226880
1253332552640692229
1237908674602885122
1237909258743820288
1240705693243637760
1256017445459984384
1243353829833347078
1242060260132741127
1236853482537111552
1240786055214673920
1237904248588787712
1237943499510644736
1238964670234591233
1260592750501588993
1262826007553355777
1238064811235106817
1238248337972879361
1262327182887698432
1244870743755612160
1256127579909652480
1240781436225019905
1255460512151801863
1243348006356815880
1237937527706836992
1264732811933736969
1238246321951322112
1237906401621495808
1244459186324299778
1238246697383473153
1238965299149443072
1239281869264424961
1248809447956402176
1258109928578912264
1244729846611218433
1237903959995461632
1258058797060435969
1237933952939233280
1241413623190355969
1247581809296265216
1247236762138742784
1244403319511986177
1241056680198225921
1257336473554161665
1238815852176093184
1237948046945562626
1238547785168744448
1242996671606214657
1253854412113612800
1236217746016423937
1243353965783212032
1243747646973640705
1237934809038667777
1245182460951961600
1238123784034344961
1237944363465895936
1237903867011928064
1237462071358488582
1237943606796627969
1243590842264236032
1241055860991897605
1236852685099290624
1253729225430925312
1237942766664966144
1241051821608763392
1239421089350107138
1258362995278823424
1234924122016272384
1234923214607994880
1242264091936333824
1243644863125622785
1257341833929261060
1237942135883792384
1258698376616521728
1238400815309586433
1238399556464738305
1237941970036764674
1237943864012312576
1236858117943472128
1237948002846687232
1236858681641160704
1238397295168647168
1237942323784318976
1238398363860471808
1236858404326346753
1248232602391252992
1236853747130617857
1237944309208383489
1258467069240266752
1245760533388812289
1236857699431665670
1237543165478887424
1236856024931303425
1236855857159139329
1236854386044710913
1236855460885487619
1236857857171050496
1256227625372192769
1236854672595382273
1236856657650397191
1243246478874890241
1236857589213753346
1236855278538067968
1236857393155211266
1236859982265499650
1236854255362781184
