1244841819608772609
1257682890038673408
1237827359555944448
1260571018898391043
1239710303891476488
1258128948531286016
1239392114980597760
1259643680207626243
1246181227314511874
1237832143839137800
1250458140405047297
1253879238777884673
1242976680412696577
1266721372237180928
1234909722546974722
1257349303766564865
1257793092545056775
1265013776014651393
1250454607819653125
1251377820200136705
1235905535586840576
1236802101222801408
1237080293242286082
1239201359448203265
1242505984527892481
1263261951326654468
1247411924414988293
1266689186855346176
1240401604735651840
1258482949764284418
1247679814871347201
1251159235108302849
1245224256952295424
1257026509501579270
1239263556148830208
1238462602260484096
1239623939527266306
1250089129616052225
1239534018359635971
1241808517989883908
1265558158740803588
1255478109698166787
1238058765619994625
1264982389245214722
1242926035982835716
1241814209241010181
1238663705010802690
1239042311520161792
1252667683805573124
1249227420068085761
1245120916897566721
1236779460256546817
1262527545645379587
1258412265897943041
1246488028966772737
1247588100886474760
1237851667283894272
1237074476501815296
1239748469130231808
1246457041897566212
1266526059723448320
1244272003839717379
1250986131249864706
1246863547524624385
1250964310530109440
1246907565365133312
1241267553231441923
1247172684561162242
1236364062193266688
1249553760482975745
1246646056366071809
1247717611527421953
1237850750488731650
1253384203753963520
1243336927476174849
1262579591652270081
1238202805657223169
1237856551508930562
1263472479240163333
1238950087746826240
1252645952810291207
1239262922846744580
1264550189303566336
1267130523811545090
1249483122502074368
1243743166148136961
1244121764097073152
1267447408834854912
1238553888153915396
1243982497139920896
1253710915272355845
1246583637098848256
1240949663936765952
1248676208583356417
1238305448819863552
1239255709830844418
1242982554464108544
1247624348854296581
1239859872323325952
1239267840072376321
1254950243617161216
1245115301852741634
1252405901325004807
1235230715631013891
1237148193709834240
1247013186651521026
1258410673173934081
1243707326026186752
1238319490670223361
1250105858832375812
1241867747249848320
1238646679601065987
1236657640874393601
1254464803369705472
1238263404340686848
1236830996433158145
1244117563333804033
1244952324264660992
1235324334010400769
1257840065746624513
1255276426896592897
1269994845973680129
1245201667659890688
1241757824553750529
1244996032955658240
1237697035815587840
1248947045383254016
1244996838761140224
1238215774663249925
1247264050075049985
1241799578686554115
1240064902762508291
1236053532844965888
1240835690230939650
1246580826525044736
1252718401241468928
1241890422101868545
1246205509457399809
1265027572053803009
1252598146502443008
1257793876590563330
1237787592311091202
1262721584625844225
1246490486489133062
1255626772584022016
1238907779890515970
1239881297344040960
1247281464837844992
1248674446677880832
1263284311060631553
1247658828193320967
1260947258486521857
1269300363938668544
1267311369189294080
1247646082227507202
1265981698921070594
1263635827071913989
1237781981905276928
1256282016447897600
1239200934758158337
1248600586557296640
1241200275802726400
1244601837015240705
1238464621775732742
1246143509226303496
1250572142867099650
1268553060416094208
1238664447276826624
1263636879318056961
1251679172356907008
1238304316357779464
1246950486873452544
1247663892307873793
1243326876929740803
1243272834270539776
1257415782327353344
1243571768872370177
1256670363586625536
1243662400835981312
1246775036364705792
1253032276247576576
1235316584647979008
1260934978558443520
1251158872934371335
1255281785107369984
1262822947498196995
1253401000586641409
1246240358360588295
1238647418129911810
1241032143268167681
1236387353268289540
1236831587024670721
1246607993644425216
1251575039272550403
1244630440260046849
1236131377034256385
1267556797461692421
1247261821666340865
1238999274416795648
1239614473490575363
1251147844511100928
1239040730389086209
1239556192424378369
1262287923506003973
1243650555555299330
1254431819963027456
1251211465039757312
1263467988977692676
1264426615544700928
1259092420622315520
1255823621425180675
1244980089969836033
1258098703564505089
1242649088694378497
1243901646624587778
1256004895091634177
1237737072317943809
1267612914120343558
1239960229539807232
1238953647695974402
1241504702216441858
1238949471674925057
1260711373044174848
1237807776438595585
1241553634158088201
1238913670505250818
1241836922147950594
1252719300718329860
1242211040840089606
1237172003066597378
1243701850567827456
1237178378979024896
1259250331130740741
1238983571462934528
1262580136353976327
1250107418492710913
1238985453312843776
1257807884437553156
1244271529065680898
1264287427125968902
1237567432216080384
1260404783229394951
1251241030009192448
1241808173008371712
1253049463532408832
1255318814125961216
1245821584796983296
1238664445129302016
1244377757037080587
1254968750278836235
1238198933626793984
1239975048720650240
1245112271342374918
1235302819848245249
1239738462099705856
1248339176585596929
1258575738921517057
1241188666690674691
1241734678366900227
1244625596967276546
1239628044391919617
1238262947027222529
1248301181463601152
1245163070806245377
1239405638339514369
1252399206414733312
1244625283119902721
1242504842339385345
1239051607305748480
1240864074780545024
1240049051841769473
1240853500994740225
1236049883695587330
1247938574277906438
1235187170639519744
1252949612534661121
1259932221340868609
1245126337507004419
1250562796921782273
1249894747969400837
1247401645509677061
1245865424060735488
1242111819352702976
1243628765969866761
1257769273583419393
1240012348238245890
1238897276506050560
1261049680626167811
1249791928897540097
1238144306319249410
1251062541834506240
1249527840409825282
1244825390994071557
1258104855505391618
1245421813947129856
1251497999450193921
1244031519489953792
1260604798270877697
1238303673949839361
1246265529360363521
1247354968253894659
1240839869464809473
1242453475910471680
1246581021736423424
1249885033072115718
1238908642071584770
1244218712430989312
1239896823898177536
1256297421312753665
1248988584813699076
1238521245093765122
1246309950986518528
1262593494650060806
1262014150953373696
1250803172035235840
1238242465741668354
1244315118927822849
1241087940517941248
1249769882935332864
1243696442218332162
1241029039361409024
1258105145826643971
1264978889601843203
1251694139869212672
1257405123250270208
1243979729100779522
1253052118400937985
1257461379545600002
1263965863474061312
1249365223812841473
1259928632035872768
1270135242020589568
1237627896694521856
1253890267452772354
1248988816918097920
1243887670767616000
1240294411172536326
1237850907124981760
1236392137853468677
1247185819527458816
1258086533485203456
1250955757098541056
1256295982809088005
1245036989591805954
1255424853735280641
1244422529399377922
1261054751455817728
1255316422349279232
1248597051966918662
1261358619494363137
1250905604475977728
1248439356785930240
1247364723294822400
1266773493309374466
1270375557780451331
1250070839669796867
1239737994262859778
1267054844403224576
1257677969037750272
1254150191718031362
1247969141077741570
1247969439389306881
1250241305705316357
1240889806516862982
1256354527650824192
1251520151226322944
1258104278142550018
1256246865059819523
1241872515640610816
1246067788529139712
1248732842223382530
1268207382674497537
1238553825214111750
1249065374282387458
1250482866951196677
1242981066945806337
1254841561629757443
1265500096998912001
1247117248118116352
1244792265492611074
1247258961876836353
1246794196951973889
1246936630021193736
1244216298625732608
1256055166869991424
1237448010428080128
1268262426543370246
1235801685064376321
1253003826166104066
1245164135878361089
1252215090830508032
1238533940144672768
1247970779851034624
1251519677290942466
1238652821643440128
1268942683374043145
1249357211626876928
1258078945968300033
1247545395724668929
1241703813867802624
1246480194975739909
1247169647297941505
1245323871701663746
1239060372708945922
1266525649029738497
1241085045315702785
1238654735625981954
1241240577502523392
1241019694913671169
1240838102140088321
1242452125290041344
1239409858883072000
1250445517915590656
1264953738273468416
1241082462798839808
1250619228320915457
1252748137871147008
1252645411132710916
1241741970243899392
1254173576795652096
1246854310253772800
1253889263890051074
1238665978789220352
1241602108476010496
1235187211772952578
1245745877643399191
1251346247119589377
1237447941843030016
1237072475403550722
1259901004788744192
1237953298587619329
1237374337176526849
1262591197253644289
1243046144613273602
1256034999729565702
1251497100938022912
1258834987383734279
1255323623520378880
1238556378983170054
1238559541882695680
1251896571156934659
1235615799957770242
1238971088530481152
1245850182580932610
1245121515219279883
1240291848628862978
1243219280323321857
1266522995545247745
1254585410258419713
1237566651714777088
1258114629810769920
1241105306274484224
1264588308178505728
1257826754980450304
1243706865437085701
1246851212709965829
1243938041863036928
1244043115704582144
1245071971676835843
1245325182841032704
1246916807090470915
1235434093325586433
1245063151835648004
1243197369929224194
1247544303070482438
1243304328942751744
1241843090341662722
1246211073864278018
1241895605477281792
1241106812503568390
1242227310209708033
1239213833488601088
1240291591782387718
1236501607040376833
1252707315251281921
1241009480885772289
1241540791010557953
1241304320844410880
1239592932937785344
1244273623659171840
1255694413961072643
1252691392968773633
1245846972457607168
1251493329377939458
1247968030354821122
1243361459213455360
1260610766819995649
1250196586992488448
1260057240473677824
1244438486494707712
1246222307422613505
1254752273810497536
1243278612750573568
1257033707946377218
1245594749391630341
1243519274284711937
1240955143740416001
1242557481966067728
1254586304899186689
1242517987778756612
1245845847415443458
1250108012800413697
1254505937236299780
1239578367395082240
1239051311758422017
1236638738706509824
1235427768910794753
1250486350794678272
1248813052948090880
1238679228989636609
1266360276498165760
1235273596802682881
1244274457230946310
1242194547914006529
1246494759134298112
1249791532741332992
1244376282491584512
1263886579107598337
1256371465093595137
1243881061014257670
1252667671285567491
1241889754100228103
1251612022158000133
1252674561944031243
1246089778904399876
1240290939425427457
1240433771842764800
1254460437225066497
1239263228707946496
1245121157730381826
1238203214413127680
1240763346955014144
1250956125702414336
1239884699821981697
1242805528541179904
1262412527591460866
1252605930807705600
1251561079383175168
1249664723127283718
1239688008191934465
1256379640068931589
1255277964947832832
1254842725754699778
1247366825580605441
1243366695026053121
1242428617180745729
1253550487691055105
1237776327635357698
1257682671867695107
1256592695658717184
1248036090864435201
1239688909723926528
1244370411778908160
1246155563504996352
1241394091105058817
1237851811807035392
1247865844849184768
1262591243277733888
1257028102972194816
1248751029191168003
1244974390263021569
1264676771728941056
1253706438674915329
1244088892535398401
1241572947262935041
1250951666440056833
1237576382634315776
1258867540803104768
1237580792919810048
1268549503159799809
1243272294128062477
1241358514146205697
1253032849533435905
1247226507405058050
1260619069792935936
1263845310222282754
1238664783903297537
1242277392242049029
1258455910600638465
1247675052281212931
1242278042602483720
1260624962685108225
1240833769969315840
1251771655548010496
1256034149116379136
1245046326225784833
1241842213505495041
1241405705875271680
1242188954469875713
1235746529341775875
1236397128198610944
1260256614252195846
1239743868616290304
1248300083025674247
1258202440962359297
1235673849225564160
1242573261625536512
1245416112965197825
1269325477644308486
1261057070205415425
1247515945138032640
1253025776615723014
1254954529566732288
1259266030121123840
1247697756778639365
1259532168495325186
1255608457077628934
1239617018027966464
1245727221043560448
1242585328936005634
1255314426900762626
1257378357530025998
1248792423402287104
1238446862513983488
1259644465402257410
1262808774261301251
1241857486132596737
1253437532848750593
1242868069824786432
1239517143139520513
1239207604070514690
1239998908958420993
1235225062191632385
1237808874360619009
1269153799337320448
1239053501491286016
1250964785719623681
1247920243630014465
1237065495309963267
1244623835011448832
1249455203507634179
1246933778183917568
1269107065487835136
1235307152262254597
1251147545536950275
1239373048060534784
1239299409520836610
1255483042329747458
1238947363915530240
1240734037624397826
1263879405258113026
1248679094025404423
1243705481249447936
1240433956140601345
1244793419635085312
1255996891550101505
1262240881861701632
1240834624437268481
1248638855420534784
1236873472711831552
1250234820740997121
1263161629161775106
1252703561340813315
1249740218011455489
1237566151015542784
1249361054867611648
1253023340865953800
1239806560714592257
1266361879808671745
1241718257649954817
1253024776836255744
1245421413680459779
1239753429951680513
1258454244434329600
1254447804564422656
1246558433844662272
1253075740133937152
1237223265543901187
1256031515185643520
1260580586323947525
1245635043411673088
1245116333840388098
1238140337836699648
1255819156903034880
1243264745467043841
1241880753543274500
1245088640784650240
1238201622255341569
1249836426583212036
1248270221972037633
1244053601305210880
1246556581568876544
1262413134653984769
1239347996770349062
1239660786068398085
1241812116543279105
1245240530977554432
1244273212290105349
1244831721712992256
1242468323415265285
1235695002220707840
1243237575567069184
1246244961546272769
1249047694699630592
1244605271743365121
1253381638995705856
1239629152426262543
1236046126035451905
1244813180691533829
1268212770224443400
1238265011245649920
1237694891494445059
1241197144444481536
1246215293086699520
1248751119989440513
1246853762758606851
1250965904743170049
1245884741431316486
1239563658159697925
1246264203893186565
1242598648078360581
1250268971305070594
1239323891409043458
1242978700850855940
1247671224894881792
1239391783639027713
1250799373392494593
1254835405024751616
1269721127481421825
1244816835243098116
1236462707932573696
1239775476685721600
1241355117133266945
1250626061576146949
1240197721325211648
1241737575842316289
1269298426010796034
1242849884018884610
1242924186512896001
1237067191247343623
1239301870310563841
1244294455223635968
1260010240004591616
1262417457727393794
1249915024606408709
1239399362364653568
1238558682813796352
1239301040249491462
1237130719434018819
1237223379188531200
1250832256215724032
1242541815443664897
1258407924793303046
1246850313002323969
1253716797095903234
1242559918600830979
1247661912931827720
1253815009634922499
1247169790340485122
1259894213296168963
1255651081381535744
1240066593977184257
1243267753563348993
1238234152610271232
1237776211033632769
1262388301455151109
1241195225743327233
1262547156868554759
1242973260431663104
1235062581368434689
1244623252175142919
1246214189737181192
1242194682937061376
1244661650738810883
1238586888769777665
1267277243069403136
1238657801494331392
1241788456239423488
1238652705918324736
1251699244257497088
1237880014470664198
1242975996879327232
1238289871971770369
1264972149875507203
1239929318916194307
1238139931987456000
1252933905348464640
1246558454551994368
1252272956396503040
1244806488520036353
1251093718649708544
1251493039765422080
1237912164280815616
1238911348496642050
1235573248093556737
1246481699120308224
1244855178102177797
1252672515543105542
1240300077551431681
1252273243702153229
1237053591707410432
1250139728332181504
1247882850633945088
1257526816912429058
1240053801454915586
1248397598467088384
1251878937644478466
1238198217386479618
1255371036889157632
1261737008864595970
1255555553402802176
1239209977358802944
1269028287176720385
1243236999684935687
1240837172439244802
1242544721987276800
1257409471216783361
1240194007948505089
1238167359405412353
1237831414697136129
1238829839450284032
1253049402362597377
1245871718586974209
1258756473368317952
1243731774917742592
1260443800562020361
1258200963065790464
1238242643185983488
1247668253297647618
1246665251086651394
1240397955674312706
1247670222875738117
1238943544418676742
1252644382320320512
1250106021613309958
1262386939849736194
1251450473254735873
1251242829151645696
1245265170835914752
1250474251829772290
1248040434057740288
1255568493161992192
1250954974881886210
1267399536949039105
1242983434177429506
1267550219723563011
1244959107729297408
1245073649872314369
1244705348067393537
1251330684544827392
1242454804909174784
1244055664495939584
1243701607025573891
1253249974206414848
1246162918573510656
1239263535638740992
1245660067413626881
1251167947936149505
1237455177428369409
1255696010480955394
1235270299786104839
1246143262831886337
1235366869944741888
1238821481242488832
1249152425929342976
1239896387933876224
1239051094044672005
1244628302507249670
1246339999248809984
1236394531492413445
1255526103982243843
1256313037079838720
1253524589235363841
1241801081602093057
1238057984741314562
1241528552002068486
1254522244304338944
1251519218127904769
1240969513543270400
1241083046079717380
1255506529249361925
1238319709856169987
1237969419202105344
1253717481061048321
1246485272398831618
1262407701721735168
1241815534406119425
1243698037807026176
1264966051277783041
1237515657404657665
1246088233357893632
1251328544925417473
1261889793681526785
1244450241279070211
1247969458355929093
1244295940187529219
1241839169363513344
1239743365903781890
1244261603165569025
1239062891967414273
1239348265876946945
1269875120534892544
1258421385992351745
1259888076672978944
1241551223603560448
1243368469330120705
1263878774174728193
1247680777317482500
1242667587693170689
1252213437679177729
1258089853029355520
1239624252791435264
1249798002702798853
1242949091287609344
1259644327229300737
1255629260427059203
1238968957698113537
1245849371410935809
1249797295211757574
1238941232690278401
1249051085014208514
1235371920280952833
1248036112733474821
1240774231161548801
1238713506872123392
1260356492173234178
1256013922513162241
1266765148817145858
1246861626843766786
1237141342427525130
1255267197963907073
1249034021734146048
1258947072096681993
1240800370181496832
1240801427729125378
1236540659055710208
1262053372158509056
1247525451683127299
1238466371106856961
1258796438865285121
1243280790122901504
1255555186086629376
1245722007657795584
1258821634871496707
1250033781265891328
1253429503172345859
1248757196973838336
1241047193437368320
1268597287896391683
1243631474227757058
1237826349424836608
1242450682487156736
1253937318387474432
1245871057153560576
1260555987423035392
1260557309950021638
1243468174475112448
1237718499574898689
1249605173305114624
1239755306655244288
1238168318663634944
1241981207392456704
1234910048272441349
1243785564664586241
1248695107559227396
1251310914281844738
1262951271016914945
1242670578450006016
1235687566776524800
1249759992900726785
1247526440867749889
1237324551064891392
1242956153635602433
1254508249459634187
1255373082136633344
1239734022437249024
1248314456695803906
1251719895064219649
1257646998527885318
1239523547535589378
1260585641844322304
1247609193307066368
1264984638272999424
1247951211065675776
1239398049983746055
1246949915479232514
1241703697685655552
1255504999473430531
1264674839144660993
1244758851166949379
1238142582213038082
1270494665498865667
1255232310846402566
1240834110949638145
1262889950858674178
1257708917490155523
1242818161352859655
1238139264472408064
1253429998574137348
1263420901116325888
1236374346584686595
1239332460976058369
1238552541413212160
1237853858837086208
1250817370433761281
1254569480992194560
1246996319476109315
1246204148636319745
1242277959781810179
1251037919604805632
1235896971682070529
1247255326375673859
1265113699154608131
1247140975073468417
1240799207897915392
1246097851349970944
1242488140985704449
1262487022087872519
1248916569528336385
1244626313769517056
1253312667709779968
1267952550101372930
1250135032708182016
1245775482794250240
1249756065417347073
1239369885265866753
1256593056326995968
1255706791427670022
1269031485476163591
1243783766750965770
1256657907602591745
1270069422879694864
1235905659201302529
1253894484904955904
1261358980837883914
1242681206728204288
1240569037127647234
1242093079596683266
1242861107628453889
1243079922744266753
1242443107444105216
1262181591486476289
1239212750913581056
1252664175563767809
1253513796494209025
1238651952621289472
1246955125471457281
1254049225731694592
1265733965542875137
1249378979678748672
1235783140980994048
1247943808094015491
1253315484914769920
1248727500294938627
1249279860675092482
1257781003801722880
1252985499427450887
1243733427586772994
1247938349282799616
1249664500615327744
1240466499543982081
1263871293985865729
1257677629043458048
1255991892761870336
1256393657399246854
1242442200845299712
1258203308977729537
1246477918882144256
1244576737394143232
1257700066229399554
1236810583283990528
1244465542263685122
1250424695578484739
1250871359279960067
1242645211211337729
1237929496910729216
1246138905600184320
1251844187491893248
1241871076080136193
1241388994707034114
1262391305138769922
1250148483329331200
1250248556600057860
1239525767471607810
1239374361750011904
1237856325754732544
1238584855685787648
1245405261990330368
1267130121862946821
1254752665499811841
1238552491740016641
1259448687849361411
1249368487174250496
1259918728025632774
1235047551415406592
1257846414299848704
1240304562118025216
1239252354182139904
1265730728949682178
1239337074232307712
1246160447738347522
1237813509028753408
1259263167705874435
1238237663062343682
1247262624854822912
1240384346114215937
1238100036510244866
1243727706740621312
1242950522056986624
1253425477974286339
1241121741650436096
1244064179209764865
1241394933761814529
1246496175940919298
1255958512049455108
1250961047755857920
1244641879838375939
1237722779530772480
1243911897298190342
1239642762980589576
1257687733209890822
1242581908439080961
1239777271822647296
1243219216062386176
1243630221313675266
1243732603791765505
1245141142250946562
1252654052283998210
1251566277547692063
1252718602517721088
1245550379380756481
1245126659612782593
1240264455717564416
1240776861266980870
1258120685232230402
1241516390177267715
1258120790202912769
1258739993431830529
1255513341646327809
1255226806635986944
1257324763338301441
1258370633353834497
1262110959172292610
1255319451144257538
1261353831373438979
1247676819698040833
1257826610146836491
1240400095968886785
1269326195025469441
1236758258553102341
1251789378046824448
1253676095154663424
1253073328329445376
1244380529949990913
1254579248117035009
1245072448090976256
1239742726511431680
1255844279097929731
1246093062796988421
1256299878893998082
1260254500885069824
1243363081649938432
1253032659938430976
1241086389132853248
1258557017247154179
1246998188894162945
1244959222799970305
1251211222579654657
1239599599821762560
1240934059901100032
1246857671891980293
1246501245696737282
1264744830879571968
1262510620555042819
1236106523421614081
1250802923795292160
1236121455659757568
1247254550341451781
1251164139705077762
1251472075312836608
1251164564902891520
1264973262544658432
1248383630319054850
1237411861852753920
1244464032989491200
1237831923860471815
1239373652782649344
1258847263226544128
1250480561073913856
1258820626707595268
1240337994608975873
1258127506886078464
1258901163874955266
1240196155188883456
1246914577788538884
1252675349546250254
1241537833023803400
1249753450419757058
1247515328713764865
1237251226137485312
1260898005458325505
1242517345857396738
1244017500578295811
1252026757164736512
1247583597340524544
1245084613359403014
1238497190072520705
1237963443732348930
1237085817006444545
1260048197919047680
1254445338926157826
1258218707723202560
1238338050549329921
1248644919146827780
1238136819499270144
1237852189021761544
1250271515871862784
1240809185979359234
1250273820872601602
1255256189153292288
1245846317202657286
1246218779702542337
1250456516118949889
1235785130330988546
1250920587528200192
1247487385048416256
1247608671359717376
1256311543798489088
1247642758631829504
1247414066001391616
1250493968992911361
1238644622475382784
1259610476805124096
1255542887078486016
1240476950692532225
1242496332515983360
1250318657911025673
1265701228182470659
1246212180946665475
1262411031407726594
1246205984709771264
1246783965287063553
1244601913062174721
1255847166263922689
1238513807959482373
1267530575268773888
1261862417312763904
1246425595355058178
1250833474275233793
1242437381694918662
1238608066800693249
1244802299702194177
1257459967147356165
1268171993205145600
1246797702664466432
1250523373530210304
1248814340460945409
1244295192867373057
1255638024236478467
1268880475197751297
1260738801254780930
1243362620461088769
1245539516263342086
1245711413752012800
1255958200572051483
1248283190705426435
1237169941096419328
1237453551959527427
1238213520480763906
1247255840693903364
1262720170637668352
1250083899855843329
1242160708185358340
1237481313738915843
1261825611695349760
1263141358816067587
1242856937210986496
1245085629345599488
1253075342585212937
1247643262971785216
1262816674404843521
1244431737951838208
1257840711250006016
1238558644230328320
1253521889873575936
1252565229394952192
1238781701456789505
1240267773139353601
1269011001770418177
1242279718256357379
1242275074675261444
1246310800899350529
1246313195104604161
1258820239267180549
1247383242912804865
1242681762582585344
1250804893499129856
1260582554962444291
1239753137650532352
1238274918548209664
1241912401949339651
1252317326470512649
1257323823768104961
1244052102957031425
1240635772551790592
1248276781150412801
1238216653600628736
1243197516188958723
1249464933680644100
1243731908191633409
1249108189943156737
1245722377587212289
1247610490991390720
1258802521214259206
1256348577657499649
1247486979568218112
1250827574705561600
1266016027055439872
1246209798644871168
1266255432156213248
1257847977827356672
1260024853223968769
1236472370950361090
1241399043500187650
1246194137260490753
1240729339244797959
1247049891009921024
1263194157427896322
1248269398202335232
1246156062165786630
1236292780902813696
1245418839057317890
1250802298466566152
1252655249971720192
1241033149917941760
1237852819966717961
1235655605257371649
1245730666580447232
1248320215584329731
1240761631174524929
1238678219718627334
1249724325940408327
1239651613003755521
1243264527883325445
1240303738432126978
1249422343807655936
1255516083349524480
1238168117991391233
1242105925571354626
1248848535702904833
1246264525940277248
1239710397470347264
1237519285469077504
1251543354346741766
1238087025359757313
1243882848609808384
1250903523585392640
1244391408284372993
1245534032852668416
1250474252161224705
1261655239075209216
1245531768716963842
1255982076253417473
1249425784403443712
1255502928351297539
1241790036418461706
1257321127824650241
1260898390763864064
1257150857776422912
1237835088949362688
1264323174839140352
1246006073607290880
1241530985411469312
1249417187426734080
1248974534449004545
1238943060660273152
1261051078835085314
1236761690672422912
1240809032706928640
1241556889558822912
1244260001516072960
1247242537787686914
1255556997832900609
1248960407584288768
1265627447820722176
1241193262616064001
1254120803278499840
1255967665971253249
1252317325077987332
1265810391680106501
1257717092700368897
1246107310239424519
1241537239278129153
1252689735119708160
1267994530449678339
1239686220873117703
1258025094242279425
1242542991660789761
1257825851124715520
1240335793228582912
1236374391996461058
1239975727589724162
1242765430328098816
1257743920131461120
1239595563185733633
1236366428057501696
1235700781237624840
1237590026587746304
1240263303546449921
1238058440951566336
1245781152302084101
1261153327636717568
1263122199172526086
1241193138808594439
1246997680141803520
1262177552153677824
1254952147172708353
1260723628355858435
1244957788582928388
1251095286212067338
1247604300819369986
1242583465960366081
1242866944807768064
1237070641720934401
1235918449140011009
1258861841624772614
1249650851796389888
1252378023896027137
1237174025278894080
1243623221448134656
1249898797037166594
1249727105438552067
1239759788482985984
1239647099307700226
1240824706527186945
1258818816160731145
1242943077733425152
1247249887911186432
1246203578043305987
1248363580145176581
1257684056617222144
1251123805709381634
1264001718104346624
1250453960047185920
1258071545676730370
1261054020006957062
1241778640519651328
1242981576725729292
1245722654633533440
1238987105445064705
1267336811828973568
1250228445814173699
1258590676335366144
1247642199615066113
1246938151790301185
1250955337693356034
1249733051048960003
1241123340108083202
1240469090747265024
1256234381032804362
1242076326129029120
1246218244115042305
1235756503656738816
1245138826797907969
1240999834565427200
1236123351673901056
1262178233556111361
1246202061831770113
1250069945754570755
1252264393770967040
1237928147519188993
1242551819785641987
1256202861664485376
1237577578740723712
1241563805932490758
1236812646072057858
1250487075792707585
1255486425417560065
1247379073699131393
1247635049907990532
1241461816431128577
1248440776016658433
1266636922501443584
1245961141408411649
1241403132279754757
1237714864937852936
1243254013937754119
1242980210703769607
1258070441425383425
1251511414784700416
1239658978281492481
1241797339582533633
1240797060582068225
1246203774881988609
1240958881846775813
1262320898767499265
1245136623584641030
1250251562603163649
1240755108851453960
1255638085699874829
1259897438200049664
1250915430585307136
1237925635676426240
1251385203471286278
1253509192100577282
1239396594287599616
1241919264996700166
1259964126899646464
1248773423410675715
1239391205781364737
1242832501367848962
1242517153686921218
1238605378419646475
1244058058030034944
1251789328394706946
1239666984561844225
1264422729719132160
1242781931156262912
1242648758288093184
1237406404861927424
1247383127774973952
1251105800795406336
1253347903529201664
1251789418026983429
1242135539362549761
1258069470293057536
1260898662516953093
1243253374499336198
1236370209419571200
1236832427999408128
1240064412897214465
1243997702372933632
1244632185979756546
1261278654149132288
1244495721799221248
1258254773960282112
1242970195167268864
1253012738437189632
1258661008345903104
1234915526163476482
1246359462685872130
1239324937938178055
1260670150682042369
1270206122440318980
1246204511686922240
1246452176072908803
1242927395742638082
1247525774925520898
1237951724729622529
1258078300532101121
1264218224540991488
1257826815109980162
1246549351536766983
1243883977762430976
1250488274419953664
1246196241823924233
1246199732885770240
1247868531258961925
1252370587562860546
1237932971312758785
1255528543213232129
1237592071596195840
1250197358840864776
1236289653554253824
1263864503680319489
1236839281861279744
1267386674285367296
1240092834608418822
1247607536146055168
1252805230120570882
1240094621423865856
1262935042868862977
1250200539851341824
1246496287954010120
1251704791828434946
1237332213257179136
1237949626696773633
1270136123554254849
1262459851864711168
1240029415045763072
1255096564260864006
1258103697453834240
1251378641172336640
1257027549588344832
1247375689541697540
1250122774112321541
1251390284539232256
1242158501516005383
1237140145557684229
1254548818630082561
1267447166227951618
1244294532981821441
1255349345324539904
1255158912103460865
1244758856288202752
1265627746849509377
1262601650902118402
1253414423596679170
1246873642694250499
1257809221237665792
1263261701434224648
1246472314109263872
1238155676465147904
1238668408931201030
1242952995609985024
1236001604702175233
1241119356777619459
1245846403412193281
1253289796031700992
1248206529423081472
1266475616699928578
1234932144209833989
1261358747433263104
1256636812535246853
1242829959133003776
1240804191217516544
1243909318962868225
1237145554032955393
1240261546321653761
1256948649596260352
1243910740886650880
1239652674007687168
1243265388483203074
1242865728824520705
1244810635201982464
1241897031268007937
1244760001022955521
1238970499981508608
1242431350361243649
1243907283198730240
1267944569418678272
1239053348189462528
1245388900442439681
1263122642569170944
1245531649254850560
1254103682037297153
1246191128732262400
1245724812019933186
1247338187992764416
1238649485179473921
1247880981459206145
1255866166372904967
1252210732726398979
1253140017297477633
1246061922992164864
1248322238954250240
1237821514130624514
1238276828525142017
1244286941027274752
1238277635110768640
1265627285912268801
1251943778098778117
1263125636920590337
1242542655814287360
1240513715058946048
1247571792497184769
1255358112107823104
1239390547183362048
1263261306498551808
1256393030489255939
1253711810072633350
1246601691560062977
1242625781467136001
1240444870331957256
1241790267960602624
1247699351553613826
1241788165624434693
1241254181375270912
1237749951385436162
1264806956394598406
1242108048694554624
1235633145145446402
1244452246298996737
1257493745941073920
1249026997562605579
1247010095357190144
1236044214724685825
1239059412515467265
1249801147013087232
1250554219121315841
1258143940974383105
1247299843720187906
1249662065784115200
1247943010354106370
1242710164274364417
1237927580004728833
1262099331403972608
1250937012426850304
1257488398006333440
1255960614880579584
1249928138005544962
1246589294082392065
1260892382435868673
1255640321196777477
1246997823301865472
1270602614263164928
1240808001113595906
1246960295089778689
1248608773972750336
1242257404567474181
1262321158298484738
1247375720474652673
1247413114099941377
1250426177174429696
1254406811140022272
1238235358158086144
1242654765852643330
1265244925362425862
1248771677963661314
1248914457536978944
1254763606316478464
1265997426353201152
1247920926118875137
1243978600531087360
1266425687126224897
1239082577832620034
1237248980502958083
1240420580177973248
1241556260400648192
1249797574338523137
1236007194044268549
1251108839019118593
1235219626918899717
1236401662765543425
1242971278685978625
1247259237392277505
1237480588661215232
1262403314962116609
1244773271310082048
1255135615038849032
1240419750657830912
1270421359420739587
1239054300736823296
1252373426167181315
1234900348445302785
1245520950659072000
1268821958914912258
1237930111665569800
1246196552726609921
1239201497415471111
1258820001424904196
1237805884333592577
1259504645367648256
1252103802859257858
1266826471005396993
1253636165913247745
1257470070877573121
1258502610132152320
1238321742336180224
1246200772485840897
1250538533942636552
1247230803706294272
1248777645673807873
1238671237854957569
1258067988776751110
1235637587852869633
1250308822641467393
1239713895050330117
1248975586049097738
1242250109628428288
1255228877431091203
1266787062700744704
1262391628767154180
1237833702610255872
1238589803471540230
1241389334634409991
1258835494403743744
1237606255453069316
1250522469825499136
1242959011831590915
1247295238802223105
1245195990816231424
1253308715886878720
1246062051853832195
1237453308048158721
1246198527472087040
1258075678785695746
1249035831068762114
1266826679957192704
1242679649064366080
1246024406243119104
1240030962307731462
1259506039575191552
1245711817814487043
1236088830324879361
1238453115713736705
1263257571760246789
1261886986337607680
1257643116175163393
1246640514860044289
1252052686733746183
1239663667219701760
1256760658206633987
1248791327854206976
1255870904925671425
1237716088584011777
1240029613012783107
1254579953863200769
1248319185039564800
1265412263395110917
1259184477827469314
1261661691026108417
1253723540546822146
1268715216533106688
1239302831573794819
1246195482000490508
1261115290949222400
1245428916304654338
1255729515357143040
1238521335762112512
1263479406812704769
1268273102670237697
1252579691807952896
1242337369900167168
1257327255866486787
1253493127324725248
1238878845857644544
1243912274588372993
1255195708292050950
1255824354438516738
1254177259348307968
1239644537162813441
1240850529611395080
1244699076790190080
1249410751187615745
1256028827991638016
1239651684542005249
1242645259907186688
1260933428632940544
1258498484564635651
1264996458346024967
1260767860164616198
1240288660643250176
1246794942464307206
1255844495905742856
1242300385106079745
1263001687331045378
1239407497213030400
1237724047091302403
1242614890767863810
1246217862190182402
1251304878909141000
1252225950345048066
1242978599210233857
1246534243548893186
1242209275533045768
1242648095164452869
1237951692815114243
1263173246331113472
1239333581631127555
1245113484033081350
1245190247077629954
1237918141017141250
1253711171036700672
1244657540044120067
1247188446956978176
1262436117560864770
1250195171246923776
1254240097081458695
1248651514786308098
1236723383963967488
1244761720389656576
1241432007185436673
1242828436923658244
1246496129195413506
1246667866335784961
1255272412595335169
1246966516513464328
1245151875252531200
1240476959886512128
1262429547770896384
1266180550861246466
1244054145142841344
1239382066099355649
1250991643521617920
1265813389575667713
1262584828307763200
1237613506062471170
1236262392046202880
1235004396485971969
1258131414060597251
1239253011358199809
1246516675354202113
1244089498947870722
1242614793938309122
1257273952923156480
1238591624395083781
1258078294471323649
1258128506409582594
1258878197824921600
1252320709327630343
1238310103926943744
1242411800030777344
1242222396674920451
1258073802593972230
1239555852329201669
1253483962741260290
1239388211685679105
1241903762886844417
1248003303637692417
1239253674326720513
1252311048448696320
1261050884785659907
1242131302226239504
1241898291572477952
1255294414156640256
1239383196187480066
1244316393757171713
1270173647127351297
1247632115686092801
1244089746269274118
1244497925545345024
1249465673056759808
1256595419586592768
1255292216622428161
1237118964473438215
1253500217510461443
1260240079160782855
1247841054310764546
1249558939949293568
1246645902858731522
1239004104430620677
1254003639766614018
1238797388887842822
1249790130086449158
1238268818105028608
1266008895933292544
1241794428383174656
1240084280837058565
1237723207765016577
1260739050274783246
1258871243811373056
1244108425866469377
1239761306883932161
1254756081022066689
1252986130192117760
1236450356537720832
1239306354910691328
1245830934236024833
1238535492079058948
1241193919632859136
1240284058858504193
1269350239187734528
1250282538859237378
1236373130001735680
1254599611412512768
1246946348156489739
1238902662835212288
1255224915734810625
1246246675078885376
1245861003914399745
1251614310490615809
1239397620470239233
1259659838042275844
1247139566429122560
1252264895988539392
1244823812446830595
1239678406675095552
1263177952872759301
1256249166235344896
1251612258603581446
1246878022034231300
1238521650590756864
1256023762295762945
1238303975910359041
1258525405092343809
1240426319378292741
1253681602028339200
1264800104373985282
1247251525530865664
1237475729455099912
1239884901119414272
1240037078022475781
1255151685602668551
1257845386540179464
1238083462701211650
1240831816413728768
1259965851232612354
1253517618096545792
1235532550648496129
1239021377639927808
1236005921630957573
1248670545824157696
1259104227797975042
1247408899445215232
1256599086138040326
1270487999202148354
1242969035576356871
1265626961549963270
1263169061086793728
1240848890670260224
1258527845682274304
1242882543583707138
1269492626039939072
1245874481165471750
1248977795562307584
1255901174055800832
1242477768790675457
1257704163699576832
1263853432638758913
1257718033050550273
1246944119240511496
1254489410495791106
1239746189962153987
1244389280941817863
1264321825883987970
1241788997812158464
1247566596983476229
1251472072771018752
1259146948453556227
1251940371317350402
1258074665043595265
1244452164891824128
1266725788478472195
1259728089027878912
1242229134991839232
1245750645648437250
1245825798600351744
1245220593559121920
1250485332316913664
1258820936880578560
1247522964498599941
1237861421116874752
1238878216531705857
1244393357574639616
1263255359512330245
1237920012091953152
1244319605839007746
1251849194383511552
1254013036161048576
1246267037938302977
1251562180283154438
1258219452619018241
1242846189277589506
1253129507663380480
1249719449646702592
1262464781409234944
1265069860821712896
1265069597792841729
1235376877948358656
1238198860939497472
1256283080970711040
1253492687178694656
1246140281906442245
1245000483317657600
1246203790342176768
1254527392602902539
1237913564842799106
1237055239506845696
1258821038152060928
1239623511221690368
1253751540667514881
1256399290932617216
1238291836294356992
1240906868807041025
1236637439944507392
1238322413961719808
1250624073362739200
1240221417485959168
1248424238706393094
1247048449142513664
1238492935622144001
1243489946310258688
1242617829326827520
1245848034300162049
1237539853828419585
1247652847061291013
1269271202079612928
1248726598603493381
1257793388449075201
1242589950366842881
1242590001982058496
1245311672220344321
1262370876852506626
1245774530808864769
1253673896617918464
1253514760345321473
1256070427186802689
1238702028429418497
1241758797242212353
1270464317876559873
1242671436109623296
1264222490307502081
1240147469700382721
1237532519571968000
1254045840479522816
1237931525196349446
1251659065698197504
1258819340314595328
1252803542496219136
1241818750917251080
1241389707977732097
1254926871252226049
1247188444012580865
1249850470199431170
1240330008167682048
1253401645003804672
1242151146434813952
1239361866369060864
1270386353918881793
1252983421074366466
1239345538509811712
1252985581166039045
1252985683494473728
1262087905880793095
1262451374370852864
1241395907079417860
1244069537521307648
1249006095378546691
1240284826856554496
1236048929776693250
1244471397147193344
1255669985873182720
1243597462750859265
1236832231571755015
1248776628878131200
1242268856762208256
1250087338467786752
1262527133584429058
1248195289372123137
1254756322786136065
1254444849568329730
1258131127296036866
1257348678894981121
1235766592522289154
1251147084280950784
1236606490422792198
1239617651552456705
1244823700517662720
1247398913457508355
1254741293433073670
1243375500669714432
1250137456659386369
1240089675622223877
1263651655821799425
1256160797350387715
1259876733152628736
1258202138083287040
1238562180414361600
1257543720792096768
1237836497144946689
1241922146055708672
1253694607046709248
1255157837057134592
1259900458597904384
1237950916692717568
1245441775134748673
1241396204505833477
1240665896718344192
1263542778023337986
1255672054554206214
1256796482327531521
1246870505518436352
1246933823151013895
1252554903752450048
1246651285333516288
1239022879452397568
1266610891769987072
1247517058969067520
1242233832910114816
1244379121821437952
1246256269968707590
1252064012147228672
1239954308222812163
1253212741717962753
1240293128013135873
1240960081115709442
1255257096293097473
1241862001871249419
1254865947510190080
1239524882276388864
1238085007811448832
1246815441600876546
1267198462841495552
1258090030125453312
1247695184655257601
1251377223371640837
1242906902264197127
1247375144424783880
1252846175431962626
1247414647902425088
1247415613103968256
1260265924663431169
1245908034036969472
1237894477928214530
1246606698976067584
1248205505006272513
1243925151395319808
1248621593393115139
1247720183503994880
1246294295436541955
1240822136182358016
1241508410111205381
1260049739858489344
1245835481931223041
1264337285505572870
1270195639834611712
1268182478356963329
1240411226460557319
1237912524051435520
1256704752794177538
1237913436002148352
1266864255732613120
1246955656302772225
1255964928114114563
1238938430752591872
1238936640136990720
1253725839017025536
1260191567618420737
1251874511554838531
1240501294353260545
1262905929189777408
1251138647765716993
1254077660109721600
1242157525769826304
1241517590054424577
1235766648524754946
1242958482111856646
1260287312291860480
1262741502578561024
1250480631064248321
1255248558678257664
1247301655185494017
1235668003661975557
1254926516082769921
1248412617657335811
1239066511379181569
1253797826384941056
1260747372214222857
1248642022367526913
1238875910339727360
1255154993759506432
1245121998927400966
1247293739443388416
1258436625249513472
1259864009991389186
1252964645578649600
1252394592470630406
1259880294259273728
1245799623475814402
1243004348243890177
1246260582501756930
1238516465889927168
1246740931367317505
1243160269968355328
1238610644993097728
1235955756857470982
1242090307434549251
1236090716469825536
1244710690239242242
1249507899392524288
1246844384311640067
1237423615269896202
1239682710496567296
1255537798704177153
1239707631956025345
1247188445069488128
1249026029655666697
1244656267269980161
1241763390269292544
1248630177850105856
1246228609687322624
1240471073726042112
1243659446196359169
1251192819647217665
1241925107775344641
1247708456762646529
1241925686652293121
1241861008886546434
1238875730219589632
1246254364995584001
1254944997687910401
1242861112938422274
1241172773965377546
1261984091676827648
1249940642240790529
1249862923008131072
1253478278079397890
1249138119758303233
1260284662456422400
1255932155747864578
1239022011961298944
1253463595104587776
1239602824478146561
1248341761648443393
1261423791378436099
1238603965635461121
1257717094700986368
1261280394965594112
1238605135925968898
1240640705720209409
1248261569517105152
1239603958169186304
1237963285816840193
1254925649078374400
1240826446127366145
1255175690489643008
1252588466539581440
1247712653545476098
1240825021217595397
1247592305588084740
1258189192204619781
1242618622993936384
1240160736241946624
1239674323700518912
1239243427876929536
1248578965595357184
1242052755176464388
1241497539490299905
1242842443067858945
1236463384360558592
1239321742994280457
1261460642420195329
1247331802806714368
1254825139570540544
1244822662238666754
1254074415035359237
1243570847039787010
1251581755527659520
1238566440988479496
1251393837383196672
1246846632123121666
1241592693819682816
1261005257296900098
1245723703914135552
1247564511449681920
1243523225063231491
1250055422565928961
1253510816143486978
1250097315160915970
1237635964421505025
1239924189244596224
1241927611766304771
1260150930458193920
1253525693360717825
1259906856413278208
1246547659512561665
1241857991017738241
1239725617517432833
1244073486370381824
1259800840958853122
1252534962903044096
1257701665383292929
1247140212809043974
1251392145568784384
1249153573050552323
1238614626083971073
1247734463985070080
1239709843172122624
1267330569614045184
1241434984323248128
1253465449016233986
1259993465737404428
1248600643570409473
1245492540289269762
1251554859846942722
1247713121487196162
1259281756718542848
1262931346336473089
1253450792104853504
1241173733756338177
1245526574151143424
1257323009943105537
1247269673051324419
1243629051811704841
1243148055530135555
1245095252698021889
1248099289852792832
1250127832140992518
1245346385567891456
1240030396374532101
1253831017569431554
1261726891347709958
1239634516374884360
1243676384175808512
1237424352381079554
1246304256442781696
1264619134039490563
1258559294410235907
1242551637840887816
1238840585206759426
1260342209104183296
1255499385212940289
1239702282041610243
1258836137759703041
1239700854942453763
1237555404495663104
1237920359011229697
1241231086887329793
1253102945375260674
1244612594285109249
1248651809964675073
1244490068036894720
1240806898540175361
1252662703610617856
1246305335415132160
1245141455141769218
1252323904921665536
1253904388487331840
1247137797300989952
1239248402510155777
1242156796153913345
1255527361858191362
1267112884871532544
1238490146686652417
1249472928925782017
1245507448007426049
1238524066400817153
1246057972817682433
1241435551703670787
1238461621019783168
1270518730808836097
1238173729131319299
1251709078608412673
1254810760007450634
1242345556283981824
1243710010774949888
1244737945933877248
1246659951059181576
1239361608062849024
1250611938880520192
1240498427693334528
1247304796127797249
1241138156197556225
1258908679358857217
1239234552024969218
1237915686556577792
1244727207085432833
1263170251505704969
1242405341305978880
1247697655670571008
1243903399847849984
1246455204616298502
1260763097767325698
1240115638154207235
1239509787987058688
1261982393549885440
1263286568032382976
1243720932675461121
1263184855665381380
1243566690278883330
1259520766208507905
1258060996570222592
1255882500829859841
1237862311924121600
1239326898330755073
1270418761636593664
1260698429514113025
1238488096901136385
1235318139963035648
1241850208192995328
1255568165200900102
1263484668915171328
1248979396737843200
1250644665151389697
1251861563356721152
1240849052666933248
1248376505530384389
1246123520515506177
1256991742760382465
1252470475793600516
1238929993138307072
1237863971807363072
1257475407068225544
1246570864897855488
1253634755251355648
1267260254007500800
1251390104234602496
1246426165906223104
1239952621223530498
1239543269173784576
1257778795378905088
1242889158240210945
1236121005921312768
1260402685884411908
1247844944536010752
1247699980476874752
1260758136794865666
1237127088014057472
1251580628522467329
1236071033658118146
1253462461346312192
1262395587808374787
1240448461461426183
1245112838110183432
1240610414699974656
1256158644636397568
1240793132180148225
1252768292017750017
1244858274744283137
1248789663701176320
1247878364825821185
1259606467600138243
1251184706969833473
1239026900397445121
1255505408162234368
1264208932970561536
1255896300299698176
1239694880428843008
1249132204933988355
1247979862427648002
1250536346596241408
1253124557591982080
1254802868013498368
1246648345680121858
1252251370121543680
1259003659674886144
1250491109840769025
1237924688271196162
1257111949093097477
1269786389320740864
1242919885476372489
1245701255697219585
1240497520989495296
1236322071514435585
1241034914755198979
1244246298242490369
1248704274521096197
1246075945947021313
1247187355204755458
1242268041758552064
1259674954737606657
1269284520177610752
1259719994818154496
1258083876876038150
1236643373911547904
1244985488638980096
1237958962177179653
1237392298763149313
1241193540677439490
1247144162958475264
1242234017367437312
1246055778303315968
1247323374793248774
1238919468018995200
1250059034889203714
1242094397111615489
1242628657467842560
1240070720211877889
1238592164487147520
1256763350878486535
1254181798726242304
1242270663790002176
1247978129244729346
1238440587826802688
1238614760305971204
1246603971374055426
1259883182918336520
1255562181359423488
1238616770979733504
1241364005169565697
1251541106791264258
1239001673487601664
1245834947924881408
1239239081634066432
1238838168327086081
1244093823535415297
1243618204561391617
1265337109226930179
1242269329720213505
1235927255651700736
1260977158257872896
1238930595700453378
1247603920731607040
1239947834499256321
1242071449168461825
1242928601042993155
1239713395785576449
1236672688908840960
1246585869961551872
1237926433554599937
1243429571422289921
1237371270565629954
1250539054610907137
1238288321798905857
1249875709507637249
1262761046806278144
1239219138565939201
1244595838850129921
1237129840706420739
1257705908840402945
1240088352638058496
1255658989100072960
1242094132094545922
1248614040370212864
1236057748841824257
1255907446910062593
1249865572126515200
1242216053389832194
1247683268243226625
1253107383536095236
1245736306912698374
1243041525396840448
1269342551842177029
1246147059482329088
1258908287317180418
1239928885485211653
1261071880485769217
1261071691918258176
1253699404218990595
1250085078576832512
1261320557276119040
1251858420736679941
1261635956869943296
1262102075971960836
1239679345104506883
1246226931390898177
1243895914697240576
1262466890741448706
1245854984958181376
1244822491937243136
1248356441842475008
1239917846009909257
1246792919589228546
1255679671590674434
1257624316105154561
1254850111567466496
1240843220780793856
1239772072877981697
1265387006345072641
1246276447808950277
1238072264047955969
1257697187905052673
1242892037210411009
1237504560815464448
1242892534583418885
1268868024339247104
1247855296350953477
1248064045208526848
1254764675931217920
1236465198766137344
1237510231514656769
1268563686995697666
1250097701955473410
1243558699198820352
1249130658628280320
1261007727729483777
1259317591073579009
1247357386555305984
1244411791729459205
1247884817879814144
1245467624907116546
1256009928042569730
1240832116373499904
1246839241671393283
1237921776560230406
1246453164175392768
1244825830922092544
1246462126195200003
1241857649475497990
1239677812635770882
1242063142164758530
1242287751191552003
1256706178802909191
1236451146413170688
1237913063074017287
1238597522282745856
1262797166030000131
1240703719953424385
1260771995983187969
1260146793498771457
1245490430080356354
1250608756758634500
1251171647484301313
1238487004817612800
1247706088411201538
1235077999084441603
1238560295469174784
1262904958912954368
1255499818182627328
1258432326641618944
1240500645054033921
1259874275944804354
1242918325375680513
1248787083197636608
1259989748602540038
1252766467155771392
1237878990745923584
1260394337369821185
1243003034009063424
1255891980753735680
1241150485018685443
1254813443938385927
1241864546261831681
1253743499943579650
1269652653065338880
1238440708975071232
1244105132771618816
1265193893391478785
1244778375568396288
1258561086556704771
1243569820211261440
1249172814076223490
1262857321375506433
1251850055872655360
1256195056974942213
1248406058483113984
1269470616358354947
1261068917583347713
1238040873595781120
1238289428839350272
1240086411396763649
1239610253966221312
1252452913932353537
1266486431515639811
1262163717380362240
1261069815143378944
1239150487338876928
1262398859491315712
1242070396301647874
1251392829890363392
1238838115533537281
1248106471071657985
1266402889666383872
1262194925732597760
1238413677570785280
1239034972981334017
1249533052805619713
1247886808362315777
1248724202842214401
1237912546918780931
1238172430377631745
1257858105192468481
1257857472934678530
1235545869249888256
1244819258665828359
1253405493474873346
1235955482021556227
1247526104333598722
1250993758172327936
1270184240399998977
1245647306893824001
1258069453071421440
1241454878637072384
1258068283540099073
1246941114550104064
1250497167019606016
1244766358262464512
1247189255560015874
1253404825401860099
1247684799130730497
1239388494310584320
1257371648883294209
1247693962720264198
1251604271788949509
1246904395305857024
1247139895543545856
1240429423884632064
1248981244525740034
1243712592285138944
1240446093416071168
1253775400691544068
1247992118695596033
1243611824983064578
1246656924927614978
1252417869209415683
1243030943914438656
1244688595631386626
1243318719171956736
1242605801082179586
1257696714015858688
1255657396996845571
1235954073796513792
1264930757945913346
1246445577681936384
1254249549629198337
1258136195843964929
1243319268961169408
1260975477012955139
1240091083373191171
1263133233321054208
1259330796437090304
1262555897995431937
1236546260951281664
1262557671997296647
1239526819327553537
1250249967534563335
1236989641309519872
1255301959709581323
1243893572866375683
1255331863423524865
1265619159183953920
1246940665839312898
1240091286444662784
1265618807281930240
1255309785219678208
1248324578730016770
1270150941208129536
1244092778625134592
1255937410472402944
1251908908391768064
1249874279207964673
1242615389227569159
1236091796893175811
1240805586360504329
1258428853107769344
1250900607159934978
1243677096347668480
1243433161834614784
1250463200858038273
1243257535320252420
1258559937304760322
1261364573942120448
1258067553181712384
1249870044487733248
1261252732582866945
1242485373332316162
1241863831426682882
1238445605325647873
1242621511418228737
1252397205517766657
1261499947746287617
1255303076568850435
1243710080308084743
1250602599558131713
1258087440126038016
1240810502294552577
1259598976178884608
1247317609399365632
1238563884941836288
1237804710406557698
1262185373557493760
1237896455160877059
1259085520191266817
1255182457718091779
1258807636004405251
1247899886143471619
1266015510182928384
1249016193593286656
1260243443613421569
1241102866665873409
1245943839111643136
1243435736889733120
1252326232844382208
1253062145333395457
1237867188016402438
1252573778930028544
1247218674060218368
1240425231921090566
1239385203723862016
1267974202742759425
1245907164973187074
1242961491168579585
1242630391531372546
1258115222939881474
1270107106746732544
1253116005393539073
1259206087326171139
1253460178130792448
1262834876719550465
1266623260009074691
1248456747955580929
1240965654217441280
1262015682679582721
1240812818875768835
1240813482074951680
1238645556865622017
1252757952630607873
1247543267887140864
1245507416881577985
1237921088555884546
1241870367876173824
1253037383781617666
1250522397612093448
1253454493074800648
1242623973722120198
1243902864457678848
1242843520811048963
1260309210295910400
1244863315983110144
1250253174994329600
1252314327073329152
1247152746450518016
1243616639020609537
1246100825178550280
1247655067794264064
1251587531847630849
1249038168051023873
1242828810325819392
1239703287193980928
1243013688631734279
1248081555752452097
1248615846739501057
1253371464985849858
1252163587356987402
1251171947288973312
1238531373486530560
1251172635855257602
1244774375259353093
1237884317528805383
1243003555524431872
1248699579379396608
1240634355128487943
1242858704833089536
1251850511910940673
1237233914965569536
1241452354484011008
1235727865355939840
1248593959544410112
1250411971813478406
1245876249945350145
1237958156195639297
1245837577351041025
1251881373213831170
1254576110697959425
1255581658901864459
1257906754698035201
1250075321698836482
1249110605228728320
1245832457288466432
1250064620825587712
1254976496109711360
1253055900895662087
1240535780239577088
1244839746532245504
1239015863510077447
1245813093730529281
1236777371975536640
1263932124194910209
1253825117718806531
1245404289515872260
1256561615367024642
1249801858262106113
1235742463811366913
1262558072997916672
1246136301696491520
1252230563370500097
1254095570484019206
1252637871145508864
1243263014683447301
1242250023397621765
1251859643917312001
1246229160659386368
1240768112074653696
1239456712756736002
1250097121233195009
1239204828682780672
1245557315098628101
1238600789913985030
1261856030931267587
1250084833595981824
1239154235385798656
1243660973497626630
1247326712796532736
1239022049022160898
1258377881710989312
1238487744097275904
1255018494225154056
1246816295384997890
1260697989292658688
1250119354034896896
1237123282672984064
1251005471542165505
1245027837662371840
1254922168279814145
1251630417779863553
1252988625245126659
1261105607844790278
1248267269777612806
1245475851128508418
1245681571165810689
1260306941273915392
1253489852886200322
1245460779614298112
1268012908031639553
1253408872972185600
1253703544722554886
1252298174934454272
1248208602730545155
1242617641602334720
1243223335896399875
1238488418667110401
1259524662536658944
1242791322261622784
1242890303662686210
1238311958643965952
1258166829098426373
1251192369585754114
1236885428596289536
1239222635789266944
1251645463893364738
1260616484482625536
1254535727095955462
1258090207615823873
1249435704989450240
1269947057973923840
1238180096885825539
1248379294641877000
1237957307339812864
1253171619725479943
1262906011196837892
1236056768842797056
1238503313181741058
1250152090359513090
1246589194589351936
1254069079230550019
1261391177271504896
1247734546788843524
1249154486226092032
1240846419633692673
1263260530711683072
1263820525463363584
1261091169477496833
1245510995528814594
1253129159871729664
1242620926409277440
1251956664506429442
1245511376824684544
1245823212346277888
1247138755439460353
1237902433675812865
1239221319922843648
1263958906977558535
1238836258237026304
1260644101151588352
1245771288603484161
1240688859635011584
1238934310822064128
1260303341155950599
1245912870157770752
1235962101958684676
1238222384014020609
1247510062723031048
1247613113463181318
1258179180828778496
1245463778973622272
1237898758353858560
1246815822695337984
1238522839185096705
1246813711332974593
1251295811859873794
1254058564567486464
1242100939521241089
1250853529058713605
1238376049148342272
1243996350292865025
1249118571810127872
1256306962888704000
1241040637715243012
1244308067086487554
1259921193026625536
1253329425824796673
1261092210390564864
1250837150645575682
1244966769799892997
1236139333368897536
1255225671607074820
1261856032688607234
1240115887023239168
1251956865220644865
1237475212318445568
1258470725456977920
1252772572187496448
1236705432028266497
1243043442961178624
1247556965510848512
1240319342341959680
1240697614024114176
1254171502708211719
1240666105129074693
1238563194798473224
1248770646777176064
1239922989568835584
1254180783465644032
1256253259175657475
1268603238728765440
1251284707167395845
1263183588482220038
1258595040244498432
1238232834793488384
1253685142738042881
1257372136580227073
1247726394521640961
1254958358425198609
1245823379019612160
1240249053679583232
1265287590284070912
1241834445960863749
1246253606199873537
1246249686568185856
1244356742080868352
1238251109170515970
1249875354082250755
1241453125418000388
1263641371614707712
1246252670681255946
1258454484889423872
1237427021376036864
1247692598334152704
1251218694245683201
1255918615414571009
1240005797993746432
1268295013051641856
1248166557424979974
1239378405235339264
1247294241820348418
1260703695051915266
1240284964328890369
1240446576017002502
1255244916889968643
1248051328548507648
1238574298631200770
1261005533026418689
1241943811422670849
1236078830399500288
1238889537864073216
1242293216973553664
1252077761558122498
1243963240666804225
1251590173013323776
1251549830306029568
1262058579714019328
1255884102944919553
1263153988716965889
1239175132406599680
1248046148516012039
1256305764060274692
1237683289663684608
1250080605804658688
1239636123057565697
1270388612782108675
1261233972807426048
1246283467400318977
1252226054216974337
1243012288589770753
1236057738074939392
1235982098617503744
1250167475007819786
1243004119150923776
1245763132947079168
1238312698229723136
1236351395529441280
1265502917013929984
1262922519742418947
1240926883031777281
1260928678885642243
1250054092304646148
1252637476872749063
1246845715516731392
1246624109506834434
1243178302417895426
1251878061307379712
1257765126532411397
1254414130431344640
1251391941318717445
1240540408242896896
1247578953864351744
1247911615820857346
1236517264964362241
1250930910322667526
1239049655255588864
1236749406059352069
1264572524152737792
1260965330354126851
1247478788218331140
1240686449395003393
1255182660999221251
1262308717191708672
1247553496293019648
1239772938624212992
1256699434899046407
1253878484918730752
1239007410192150528
1255902201618276352
1239185571504959491
1242602600878559232
1237518439201345536
1246079295451267072
1252988240245796867
1250865531600674816
1250078719143817216
1253464091332501504
1247561554041745410
1258287058239528962
1246920535348523008
1251316604769574912
1239010576275308544
1247552029565669376
1262085914165235712
1261856035305816064
1252251808807993344
1262214966469447680
1252767079205343232
1257722606771245057
1259544531193692162
1252019849175449607
1239286533150183425
1241051558239928330
1255620649403498506
1239815233897746432
1238887731125784579
1247507000755400705
1254909874804318210
1242259776462925824
1240814735148437504
1245707267032387586
1238209403263868928
1253330105847345155
1238210135572598785
1240928955458191360
1245186956310577152
1257108793604943876
1252680143493087232
1250187120985112576
1238426733843566594
1263295686541545479
1243794834013519872
1239382529007894529
1253691478414471168
1258191221064859654
1245442245412696064
1240449907753877504
1259194076412469249
1250167642155028480
1242318765792071680
1246449675168673792
1237190381860724742
1241581241947783168
1239702286726823939
1242604458095316993
1235390511525105666
1246988222036684801
1237923128086585346
1236208326628855808
1236093938303463427
1247579410909331456
1237863617128611842
1244595770218741765
1259688400413655041
1244045129331113985
1235405486494752768
1238311411530506240
1237865589718179841
1262746063779196933
1247722967481683971
1246280710656319492
1270388327326183424
1242229480028082179
1250976376678744066
1247717987127263232
1238885771068702720
1250857079738437633
1238313775196975104
1259943902410407936
1250467590952103945
1251549167840878592
1264258388604706820
1245028253733212161
1253080470851649536
1254803064378331136
1248765223747682304
1254876716117327872
1237858279818055682
1240810209922224129
1250101663253311489
1252765828019355654
1261275442243346432
1263671700966780928
1244349080928649217
1251392698940116995
1251692365078769664
1260701965551570946
1239341971384270856
1237422392324038656
1245565969080213505
1239030664760111105
1250184907332124673
1243576432162263042
1255904705588461574
1237387528354684929
1246318835227074560
1245705001747591177
1251182368599220227
1239726335674798080
1246758631493775360
1241845926811107331
1240810410825187328
1260017333889687552
1260789542774325248
1254922815536533506
1251904460009246720
1238175184693211143
1240676583129731072
1251672123007008769
1241186903694675968
1237426210151546882
1254528510452006912
1245482596991000576
1242608757705707521
1268147789009018880
1261451927247900680
1250858770403659776
1266921709401247745
1255917523129839616
1235916073490354176
1237794417085419520
1267329910483283968
1251247586276708354
1239007361387372545
1240085747996209152
1253821288872849415
1244596552632537089
1265947861151289345
1248369523251609601
1262216695256698881
1265167817718018048
1265168993008181248
1259838741692256257
1242610025115398145
1238580144782049282
1248022679183077381
1238582396238401536
1258047127072186368
1260791067437420547
1244351597469024257
1248772193472970752
1253130373241769991
1245911640933007362
1242612619825070095
1245842917400313857
1239713774707367936
1241930040134316032
1236328757603991552
1237887106925518849
1252784682493710336
1250165062184157188
1239680927485157376
1243749310254235651
1237063215118499845
1243668072499744775
1242699789453742080
1245855214717923329
1254828920060276737
1252787498679492609
1242125102919139333
1239332222311768064
1260191965427220480
1240057860874276865
1253458595771027459
1253701173615497218
1261456163339567109
1263586141262905345
1259024598869446657
1246544834791460867
1253456040353501184
1242174969511108610
1248375905900093442
1247207628373196801
1269320025703362569
1243531578845904897
1260967280499974144
1263296539117719555
1247697250555441156
1260021400619716615
1236353939429351431
1254407504311787520
1240478345286082560
1260976513677012997
1246446587460681734
1243321813851082755
1246466353135079424
1238294189592502272
1241473851088867333
1268986116075589632
1266076961966821377
1236328348739133442
1269081336842682369
1247901032610279425
1240840811073454085
1268218661430493186
1241490809196773376
1261066814668365829
1242898163616358408
1235595530341937152
1256320480522334208
1239244195149287435
1239045289807187968
1248806258619994115
1255496630691905536
1247139033823809536
1238615147666649091
1242812872771678208
1236097107402121216
1244592305757192192
1242896867123396611
1236159135605014528
1260972124396797955
1240100613171617793
1262211053397704704
1249901332556898304
1251284818337423361
1263433562126245888
1259851198921932801
1255948688775577600
1253687503078469632
1243718189420351491
1243964808631812098
1251313113275797504
1238572599317315586
1241452677566955521
1247977572706721797
1238847631759159296
1243009281689075713
1260784808881463297
1256345679254953987
1244747286892048384
1244743521015193600
1247893883855319042
1249807387478933505
1243257694087262208
1245750409274314754
1261304568610082816
1237923799959552000
1260999848591069186
1249817125365178369
1239014676983205888
1248771561810800640
1243683908295766016
1243915472527032322
1267094863293620224
1247481108117295106
1254858797203329024
1256333056975110145
1243719304316624896
1255402421137915908
1253001863257034757
1247291051284586498
1250277820892246022
1243029169778438145
1250930843671048195
1239029713181511680
1238505446702489602
1245406911119396865
1245056864628416517
1235037089332432900
1247136186335977472
1236442512828530688
1255215613687013377
1243319868121899008
1251831004978909184
1241284388484198400
1246174085282963457
1262369886342389760
1250150977308520448
1239697523771674624
1238874556296814599
1251214278595674113
1243659632192753665
1251246308704358402
1248054456920440836
1238926708050399234
1241763934123810817
1264289503730171904
1250604444804399104
1242184439020617729
1248431632765210627
1237754869777412099
1249702054622310401
1247343622346989568
1251183086009823232
1245204518985400320
1243580347159203840
1241174680423337985
1251628057665966085
1243634054983024648
1244441518473084929
1253299048272060417
1240089621595389953
1236479970282790912
1240815751428096001
1255576570422611974
1247559905520824322
1245753411888394250
1243828146631315459
1255218043585810432
1258510172525170689
1238561667870601222
1262728987039629314
1241024708960817152
1244307965353570304
1243369410431238144
1261037179301777408
1251980629786398722
1237556198875869195
1240621516678746118
1250192224270376961
1262208654830456834
1254926862356058113
1238528164558667783
1236342182493278209
1243990487117299713
1246619997226455043
1244984905815281665
1239028585412857856
1240654676242190337
1248431394952327169
1267820842118901761
1253085196859191300
1236787490708692993
1239721603690192898
1255952929648979969
1262088396274651136
1240687446481752064
1246660504673714176
1242609716590764035
1238706549155074048
1250503514226393092
1239340626786820096
1244301694508437505
1241726938751873025
1238931958622715904
1262850287649185792
1249641879894929409
1247471879993978884
1235614601234059265
1246884566419288067
1242462911932428294
1242897270674280454
1250414639235633152
1250174894421180417
1239968438606368768
1238470602865901568
1242885211345616904
1238253594903805952
1235250499517022214
1242907731109036042
1262571195917979648
1260245625360302083
1246417877512736775
1248433022199672838
1244727205546131457
1245207940551847937
1238246119894892544
1250941752871182339
1241760727184093186
1241509382334095360
1242285867735093252
1238875726402723840
1246228779791519746
1238982136612491267
1251945267408093186
1246690148328366083
1260328486327156736
1237915829401980933
1253533524197380097
1258788541993189376
1246734640641081346
1253765372643348480
1248629785280077826
1240997780774060035
1253797196891389957
1235563142161272833
1247592483422384133
1243918847163412480
1237872316366766080
1242640347483815936
1253033231861104640
1245844883304148993
1237200924617183238
1238072487193325568
1258941286255595525
1237203242834186240
1239343007025029120
1248291233719619589
1267483611302965250
1255221473180094473
1256366453445529600
1241145413912203266
1256274317744242690
1236798569040003072
1237504473804701696
1240448385582276610
1247556303779778561
1236069635881132032
1263226016975269891
1243661163562442757
1244239481236074496
1240815617805934594
1254181511194185728
1247317338657095680
1238528512337870848
1239043436667457536
1256720313481490432
1245231266871619585
1241175790517202946
1250467466746253313
1242893826307411968
1240402368409341953
1240681548774547457
1263643431668191233
1243688105913331713
1250428893611184130
1243193191483838464
1259677588148142083
1243666706058403841
1252610075899899906
1252863090867068928
1244442377730822145
1241042482915348483
1236060286353842177
1240238127161229312
1245559995216711680
1258399280747950081
1263213092835602439
1250158817817616391
1247159446763196416
1247357630877765632
1262873869855186950
1255491214683648004
1240841499979452416
1266354389092052992
1252259584032542720
1247347210771140609
1250063317932130309
1252971972839059456
1248021069216256001
1267197212540444675
1245839192988495873
1247015991504023552
1243640429557547009
1261006395090092032
1248648779206668293
1250404706842808320
1243636721478230018
1247540684287950856
1246575301276192769
1238838405485772802
1250412867301539848
1240788509067292674
1240057512172367874
1245731138812944384
1239007890503057408
1242814525990154240
1242237304820961285
1250471382636548098
1250130698641575936
1257280314436661248
1261334457887358976
1250060475502559234
1262385070507245573
1254803719431966720
1258473752280682496
1239034116177354752
1249877375577448458
1251891336195780612
1257401566312697857
1235338288279543815
1267244709778526208
1242577266007248896
1242577818988380160
1239989957944659968
1255911197100126208
1255448995243143169
1255920463458557952
1251277061878145025
1265744570177843200
1252997903834058753
1246252844812062722
1266458924284121088
1244239045552738304
1239918479957991424
1257500355971158018
1257104567008989184
1244385530386812931
1240487975856766977
1251670521701425153
1242788013068955650
1244402741855817728
1256063501187063809
1253108452546826240
1246325337845366785
1246906125125066752
1243190142392729603
1254771834983084036
1236299100829757440
1251825791140274179
1245565426555371521
1254088560078131201
1238574651628040193
1243808973288902657
1235601768890818567
1261856031795302403
1263273887862788098
1245477286838775808
1234952795045928962
1242294141519880193
1246656023596879874
1239006523398987776
1240706073176068097
1259846457932341248
1264717005619433472
1240256932671340544
1248634722475016192
1239045411870031875
1238093958842105856
1239633728130908160
1238481183861870603
1264252267219255305
1242833505526177792
1253759575989288967
1245395867890319361
1245021857088241664
1247904649073614848
1268217683058864129
1250200941711818752
1268191550246465536
1247905577499590656
1241491994272124928
1245708477554741249
1236423269592563718
1250854716831150080
1265428887871373314
1239434632619319297
1260928154954338305
1260247883225448449
1247891669506084871
1239702906753990657
1240280150807379968
1237061705265446912
1262160268689321984
1262955974849167361
1236352419048624128
1236853281705648128
1260969762487754752
1239050313165832192
1240805167022215168
1253700585309822980
1247311230961963008
1249485073709256706
1268303036885209094
1245081300723171328
1259599165526618112
1240113312798511104
1255221722703413249
1266460305904865281
1239968941323120641
1251986822860877824
1241099564284690432
1249350078525046786
1238888124429852672
1263487811547811844
1243297996453883911
1240812819148427264
1253870810026082304
1239677572180566023
1269082923245932548
1248212389230784512
1253699259293106176
1241844244035362816
1238247136791343105
1247953977011884035
1247163478621786113
1267486636419567616
1244510370548666369
1241377782296346625
1253703396613410817
1260745310697070599
1246270309512237056
1240811259576176640
1260746700051943424
1253699925491298310
1262928828739063808
1250846449702711298
1250524481849896963
1240111988765794305
1243926941989814272
1245554095651532802
1242632896055095297
1254853103351820288
1238522967052693512
1237199261680439296
1252989728649089026
1247211261307375617
1253377655875031041
1242894879660707840
1245511662947512320
1249699435791241216
1250161171472285697
1239178374502899713
1249881180067028995
1250944198502645767
1259412874264555521
1263047938214895617
1262219497731239942
1241424146954891270
1269020489525211136
1235297820250443777
1247886186003103755
1242896527044964352
1238477958563708940
1265465378383245312
1255581378520985600
1235336684675399681
1250787673184362496
1267929476970754052
1239028294458228737
1254771854373302276
1244331597681360896
1263685467096186880
1240548818074177537
1240815838896193536
1259855709782577152
1256697233950605313
1259825590334640134
1238504958393298946
1241089437733355529
1249389524440023041
1252938150214873090
1238561235534319617
1247206265379606528
1241063512325136384
1248738468030640128
1260829413681385472
1236092684382670857
1241042939465412619
1238181596798373890
1239164495056035841
1251393059335651329
1257127434463383557
1262140850626330633
1251984316135100420
1242308435678461952
1247557465979473920
1268603087733903360
1240552402568314881
1251950215583719425
1254796781893947394
1246540564285227008
1267296670326444032
1240444957338591241
1242899887336747008
1259782089483997184
1241157575522971648
1241022453666713601
1243691303285768197
1240485278751444997
1268300242224467969
1260299770276597761
1240350005615001600
1254900075228086272
1241038752090292224
1250182349867954179
1253394009525039104
1248128956475346946
1268299161780305920
1240841696792981504
1240842045847212032
1259596566307930117
1237377200405577728
1259279968510640129
1266049298485186570
1240441165591334912
1256015139788201985
1250471698002051073
1240687089995243521
1239703353774522370
1240403023173685250
1239028202980302848
1250214376059043840
1262929516768514048
1240816577332862977
1259999168908623873
1256274285532000259
1237902176338481152
1253114747924500481
1257236341798178817
1252753872977829890
1241488310880649218
1259650865406885889
1246290125786689543
1240055339917225990
1247556516653260801
1248034006664384513
1242893140320604162
1238068239604858880
1234997650291736577
1242642540521754624
1240342511555694594
1252937265208311808
1252973714846691329
1242905545478045696
1242639552923275267
1251635665827180548
1248378688082608134
1249819636490797056
1250155799143428101
1263288213856227328
1237593814472118272
1251120332783697922
1249878162495987712
1242609676702945282
1249343750003994624
1248662060797493250
1262730761108688896
1268214722702323713
1238522784676003841
1246417697442840576
1247342038477135874
1252284939300737024
1249352570021326850
1254858915826683904
1244443348129271808
1239724694921756672
1242627545457180672
1243523732158722055
1260752523184537601
1239013338962681862
1242602469584252929
1247965754991030273
1237908557401645058
1246620512588926976
1251871077556539395
1250847432272994304
1255429077009383424
1237884820987899913
1263675767373905920
1256723509151182857
1241351287276539904
1248122276169555970
1252490734265077760
1246970749950230529
1251219784097808385
1240355832057004032
1240449693945118721
1253458438027386882
1247344414889893889
1237865934338977792
1261764166257442816
1250857440586891264
1241075546001485825
1263074507742478336
1250416862749491200
1250526461129371658
1240059250593988608
1264289951765626883
1239020004659650562
1240110756093472770
1240394403518308359
1246992636801662976
1247934956971741187
1252345298891886598
1248126954705952769
1240109355468500992
1240449421214654469
1249489519365296129
1250039555031543812
1239271441444585473
1241078687979786241
1255749022675021824
1257315076895203328
1263841404217954304
1248690313151078400
1245854651699748869
1245333938060562438
1260970992425369601
1261243642125127683
1253766698894835715
1250528800204439552
1250885663202951168
1251537107807547392
1245670506629603329
1246275228470259712
1266461340819849216
1243917557159124996
1268721629527408640
1239674362476793857
1245918071199391746
1248380576047882242
1242639324643917824
1241055526181576705
1237560092934852608
1244385024440438784
1239006757567041538
1250849862511460352
1248081413791977472
1240814083609427972
1250566631945916416
1242913923134783498
1241762279336665088
1251249198185484288
1242456446211678208
1249012526546903042
1259484339731136517
1241170323011239938
1263035172599009281
1238573634601414657
1236622064456515595
1249308651153752064
1241183501027807232
1258406802733088773
1242170200226553857
1247901044425678848
1261018483761930241
1248289993501573123
1247923651367915520
1253683667643379714
1244515498378833920
1245791843725586435
1245853514410033152
1251984395101143040
1239892789040742400
1244966897092886528
1247345192518275075
1241428734416125953
1238160722313576456
1237799081960972290
1243692186845282306
1241911978404327426
1254980960765898753
1252447444895272960
1241090016358666244
1248375104527990792
1258723900164358144
1238207519169884160
1245810625563017216
1239705280235085825
1238481164035334144
1247935252758171654
1243314675921514496
1258507590968860672
1241092332394602496
1241367847605067776
1243312229417713664
1244399505409290240
1258665662848937985
1250183943372054530
1239184574325940224
1250942559767101444
1243809449514500098
1239012075667705856
1247926790112378881
1252978873874239490
1254427461590192134
1238068204175572994
1248396378071379973
1259636896025710592
1247575833692311553
1240114083539664896
1251550551248195585
1252696803990011904
1244513991428378624
1244729514028130306
1242292851834306561
1238443620048556032
1245558289607397376
1238979112200556544
1237699544269406208
1250850632447205378
1244350826258333697
1243750166710157312
1251215407022780417
1252783615504715781
1248043442179051521
1251217624173772800
1251889101151797250
1247923354788642818
1247209940571357185
1245076077174763521
1244757968387801088
1263835506460286977
1241091367092224000
1245253154998046720
1241470526259744768
1243348776686944256
1250759374244642817
1260919009622384643
1240455442226196480
1253877855945199617
1240479966892036098
1266127399105806343
1244399674234208257
1243756285104963586
1241079681526480896
1240482045358485506
1261676912222408704
1247718774268018688
1246674375211958273
1252711283360780288
1259153540573954049
1260330395805106179
1236421079767359489
1244397265923571719
1247743132042551297
1244732518047330305
1244403119259127808
1245557864648839169
1260660611723046912
1244349411163090945
1253924580734971904
1255432121633644545
1238288549763416064
1244480045755875330
1238291047635202051
1261489968142266369
1248072089254400002
1250433931142254593
1252696735547363332
1263286998279880707
1250047553875443712
1240656858341355520
1247211477376827392
1245167806053785600
1238192747523293186
1237842941428649987
1251298740096454659
1243309960596987910
1238175596800335873
1247895594405781506
1252049144363048962
1248047839734833152
1236990303749509121
1251319517722087424
1250531571188338690
1238246358760513536
1248810026602545153
1250038583328677888
1250784434284040193
1260752006391771141
1250153345819521024
1251180794497949697
1249291967621730305
1239987706278666242
1243187758765445122
1255191150375374849
1264950960696287238
1258427245347188738
1251246040570908673
1245914833196699648
1247166438118391808
1247495943135604738
1253476942759813123
1260430516769247234
1247313124522446849
1252708233145470979
1246543832692461573
1249010429562683392
1239635541269897225
1237908478619983873
1257668646522019841
1246923262174601216
1238886216705114112
1247000869981376512
1237203961402265600
1257889213133000709
1254798347870720000
1238523000997191681
1244594987733573633
1243017018212642817
1244346549427191808
1250079383051788292
1235653173177507841
1250150163118768130
1258508217832755200
1260330283393572864
1246982538284982280
1251216875515793409
1247147563536482305
1235037934090412032
1260138990885171200
1248708055862296580
1263993231857070090
1260426667924885511
1238221519597318144
1249087937251344384
1252533982207660033
1239006167667322880
1240315504163725313
1243310842545930241
1262206208800444416
1255578463492341765
1252359177873223681
1240110165325688833
1251977946979602432
1246620728591597570
1267874354093850625
1255493724198637568
1251301102479454208
1239936427686797313
1241041442493120514
1259694903426195457
1243755069142679552
1238047065038450689
1260437196840017920
1246984844598489089
1252287285841846278
1251297089948131328
1239313030451572738
1260979948623409158
1239287644326113280
1244876631895834624
1268701667467411457
1265975351257313282
1241428680435531785
1249708472826040321
1257565168252391425
1255439828390424577
1250403517669543936
1260661080000311296
1237384261667377152
1244772190899314688
1260375200404779010
1247343615443177472
1235564019039326209
1250380369758748673
1237848016498778119
1258262271568023553
1243478283079081984
1242459641461854210
1242910558627782656
1239310284860383239
1263298930634297344
1260370379325026304
1243114233316982785
1261333563032711174
1254854593734795266
1243679109760327681
1255800161814614016
1237849665170583552
1237908363180113920
1244386980592484354
1249777289954541568
1262209862882263040
1240456374401880064
1252292724847493125
1255942202318106624
1243663994390368257
1257399590308937733
1238441964867067904
1240483014351761408
1242512120853520385
1243989144168169472
1244242655577624577
1261018205646184449
1245498675511660545
1251945863812956160
1270547059653787649
1270175937024360448
1238167006387601408
1243536411225096195
1255912103598264320
1248712968612843520
1242991706070560769
1267874170379079684
1240100546985578496
1239184171555106816
1255140154668285953
1257383636753616896
1270490559237558283
1244099742856024070
1247236475068055556
1248374675652005888
1237010262462431238
1262210938415046657
1252072249022087168
1250418621064634369
1259630682021793795
1250531319496486912
1244401622626840579
1244401119150866432
1261443664129261568
1254818257778835458
1255549772892647427
1261439750516248578
1239891497933299712
1253093053088387079
1238842225359904768
1247725076549640192
1252286859650174976
1243350426004660224
1243691189695590401
1238161124903792645
1243990059725905920
1241407618171764743
1263316219916148736
1247906994469683200
1250387191068581888
1249783991215022080
1252776614095659009
1239986900976443392
1243896073309077504
1243347785530867712
1251275688189009925
1243313816441622528
1243536436139302912
1261002649651929089
1256067891369259009
1243537677103902722
1257498315505221634
1253090809165090817
1257499459262562305
1239964739024744450
1264537138609217538
1243692137662865408
1248662594027741184
1240277299045568512
1250380886572400641
1254561904279904256
1239311240868048897
1238846977363894273
1261120279973109760
1262359912476217344
1241411859032440833
1252967113502994432
1249779196940910592
1252724410299158528
1238710073171550208
1244865505443360768
1246457058284785665
1249088967665946627
1240785085831483392
1239981810056077314
1243353410012950528
1243914506675224579
1243206539982172162
1250566115744534528
1239183537317785600
1258719142162677761
1238582251451015168
1252450523183296517
1254458201736712198
1247493163079667715
1240786202569191429
1261024110198632448
1247304086355095552
1242056036640600064
1237939644454535169
1235202755502977032
1252779103184392192
1253503832098816004
1255139772529430531
1246973282273955841
1240315730530271234
1240692291058073600
1238581071500976130
1240857396878114818
1247238518440689666
1240484118565134336
1237398924060758017
1236361367470444544
1258037892301107200
1244328387109404672
1243746869722955776
1237971860568104960
1242800142610239489
1245338678454517760
1266537514443198464
1262150556082229250
1247993377515282433
1259972979187990529
1243606968268476416
1240231682030153728
1239284075866853383
1244729657934483456
1241093979002867713
1240857499265314817
1237489838921744384
1246978360477126657
1254883246376202241
1245294869037199360
1250077531778113537
1243015398515068928
1258110859366236161
1258055616939077635
1240693812667678720
1247237913852571649
1250117022144270336
1250218605997932549
1240318867878092800
1252709982744858625
1237940447923838982
1251302135402303490
1242515542314975232
1259813239849975808
1258105641903718401
1238965510555000833
1265081856011239424
1239277406290161665
1255311148171362305
1254471225855946755
1244332996343279619
1241051533934047232
1252970558784000002
1242061506595995649
1250152316931584002
1239144052920115203
1242511431821598721
1241091539687878662
1245675787908517889
1244734974613487617
1240158103259303941
1244751086369542146
1259628653429895180
1242908951659925510
1247237204230823937
1261443061810421762
1244728564362158083
1258366177467924480
1238811461335560192
1239144871719579648
1237734837903134720
1249641369293017088
1240707922893500418
1243750462395998209
1239966357581529088
1270030852983083008
1258109890150703108
1250752935274991616
1265754358404329472
1247237555570896896
1254417407218679808
1242182670106460161
1262539930447872001
1255462429267542016
1252776883739070466
1258033037859860481
1243926611185094657
1258362632672862208
1250216888422014978
1246086004580155392
1243693019217432579
1258365431167008770
1241412016545333250
1238150009494872067
1254772878895017989
1268314545166209024
1239970136578129923
1237939156443181061
1243594490780307457
1237903965284679680
1263135592856064002
1251416513690681344
1254421682535772163
1242908699334762497
1262540579096985606
1238815994279329793
1261083753583120389
1241439001057169408
1237933950275915776
1254519984950333440
1244734614813446149
1241053672861323269
1268195783976849416
1237943226541146112
1237906022733213696
1253802914327531521
1253730594858643456
1258363281875652609
1239967229669593088
1244753863485382658
1253734364048838657
1238551962439868417
1268193790969425920
1243244177653104640
1238547961384259586
1253806058524553218
1239283725671763969
1258362627249537024
1245468211962920969
1243645038837608449
1241752715878899715
1239421243092283392
1260589873376919552
1241054377730871307
1242265943255859201
1245468640155250697
1243019137858908167
1258091200244068354
1243646843864723457
1253733422364753920
1249827296036499459
1243589563408359425
1238122257278476291
1237942667897638912
1238550684758347777
1238126249408692226
1260731905856716801
1256231575521579008
1237944238194769921
1244757537884430342
1258095105816367105
1248332034545680393
1238551216382193664
1269602644726816768
1236065840002469889
1238549227309092864
1237464606441910272
1242138708364660742
1242138978855387136
1246114176566734851
1256233497771081730
1245761899469438976
1261086971444768769
1246113626722885636
1258094523042889728
1258094977604780032
1260731765984985094
1245759701922369543
1246116945574969344
1238128348074737670
1246115124559187969
1242138943853920257
