1246539310762823680
1243201656595992576
1253264324866592768
1251538163027214337
1254842578681229312
1250373763306270721
1239559045456867329
1246068575393050624
1240509877296009218
1254160741994766338
1238612411336118273
1237014957327151104
1266117943017914368
1239348511881056256
1239190902666485760
1237135146748239873
1249894093309612036
1247384964166848512
1237763818559700992
1250641878740987904
1258407785978572802
1237155637445812225
1242525274530439168
1241087433715765248
1244983630079746048
1267292573921538048
1244798869558276096
1240292410040578048
1262241350394601479
1250563260987801600
1247171543165067265
1252200005953130497
1245801787560325120
1245089762899161088
1246826550332231682
1243986037161918465
1237563385354436609
1242073408143101957
1239193444515328002
1238460876547452934
1245434707174539264
1247393189289439236
1248682005539082242
1267999062428540928
1246484079983226880
1248761402401021952
1235636178080022528
1253811335608930304
1235574604959105031
1237930904758018048
1237069543983345665
1245099839303507968
1250083854725021699
1252096297592594433
1260046505865445377
1250141567022596096
1249842536320909312
1242583391389671424
1249395201971372033
1239580209038233601
1244295741708701697
1270356975713312768
1239397626589536256
1250229159726477312
1239293897798340608
1239302694432460805
1252322910368231424
1266369750554128387
1240831193706188800
1242546547125915648
1265026615248969729
1250082204451049475
1241819175875567616
1235685215940440064
1236320621564497922
1237926085314019330
1249155552837599235
1247391797632020480
1237927476833038336
1238521139049025536
1245163704452177920
1241880117640491009
1262722616365907970
1248772381172064256
1240029104029589505
1236458568942940161
1252320761278337024
1237072950240497664
1238687517152444416
1239412370054631424
1248997586695929861
1250195482434924544
1240805504797921280
1235719049838874624
1236521396026531841
1237208782901403649
1248479861275906048
1252371927827533824
1238496669374640128
1245221825702854658
1266370825159995395
1258078304927539200
1249815791702175745
1260773120031379456
1250424515915476999
1239782904290521089
1244650301723836416
1246798884275273731
1248998427461107712
1255720476178964480
1240792405756063746
1263542374354960384
1258156116657102848
1243293162807803904
1250247236925001728
1243517423770144768
1253066651706126336
1245782957417050112
1260394783572451330
1251514978412056576
1245805636857679872
1253464522687279105
1249054909980446721
1239585829049102336
1241840209815199744
1250672871929548802
1248401627163193345
1260986842180022272
1245720539726884864
1266065107303280640
1238133606972706816
1250463669789458433
1247702912676925440
1241963488051736576
1235961588932214784
1243257387680591872
1247598149603962882
1237879265309282313
1250461223549693952
1241859692747313153
1253347564293947392
1248034703036145669
1249855486817521664
1242652720898510849
1252734105764020225
1236742681365057537
1247885567016103936
1243016295244656643
1246591541558181889
1240281324197277705
1244077406073298944
1252918779467579393
1240996583757549570
1240825076129226753
1254096120566951937
1254094605672484864
1254092248461041667
1254094970216054784
1238567927206391808
1247997779059691521
1250464347240812544
1243257374091014144
1246174690709655552
1238111699560845314
1254081691519463425
1248357012640952320
1262369084680749056
1252350539200790532
1248021736366333952
1245289747481681920
1250466903291641856
1248411526655954945
1237424376384851968
1244741854001655808
1261354418542276608
1244994385017618433
1244769230676832256
1258404195637424129
1241340656582180865
1237924106487525378
1248055487032995840
1251323448434896898
1266455012516880384
1251741928388952064
1246846786053922817
1246542312370405376
1259550286630105088
1253759611699556352
1259623458457227264
1248434793672368136
1240109785938161665
1270357131347156993
1239589008532844545
1253704245691457538
1264712796572278788
1240275829981982720
1239632058965610496
1245482309832151040
1263295891546357760
1243666660025753600
1250079442220744706
1238635011642806272
1253465491223359488
1236344429939544064
1239011844771254273
1246977485033467904
1253697375064883200
1254939664693198851
1256698616724353024
1240275981379620864
1251316813679349760
1245791293571100672
1248662928976252929
1247163678668886017
1237844939276308486
1270301702881603584
1250377853864005633
1241726232833617920
1240060977350979585
1251744085246906368
1245813748784234496
1258429405812019200
1238633480394665985
1246235473015533569
1246964008982171648
1259970318430396417
1238633064370077696
1253761610499403776
1246465281062359040
1244743396998230016
1251745627215544320
1237870158330253316
1237004735288238080
1243756654723653633
1250419112641089539
1239982006080921600
1252047599911092226
1247892610963746824
1251963721913634822
1240710154787516416
1269668433043456001
1253356114806050816
1252777969342246913
1246833679243939841
1240695538388881409
1251052434098663424
1248329476737400832
1238548222731153408
1253729436349972480
1248334455506255872
1254421555574177794
1243589577375244289
