1248216554103324673
1236334713377370112
1252031142141853702
1248031267595210753
1246502735115096067
1266093037022842881
1238653107371937793
1240463380307226634
1240139886520422400
1242279659716390913
1243360993758961664
1240337092212854786
1240140464566743042
1242109279051624449
1251997554109186048
1238896252873474050
1235713394478657536
1243377801614548999
1241551638025953280
1250002233829146629
1241014101704351746
1246806691800367108
1250256814073151494
1243581633229402114
1250309906776780800
1247499740180287489
1246811711870558208
1239907185884385280
1256950383399915520
1247219673256640513
1249041540711882754
1237306166431977473
1250097044787736579
1266208236539121664
1241049532705714176
1242278463026925569
1252388398259556354
1239723188994654211
1246615346343284737
1235048353156628488
1239865774019350528
1236826364210302977
1263876585242927107
1250833854975393792
1261338300096315393
1248014806927302658
1262784422518165506
1249748751150993411
1239655157048184838
1241208798855004163
1245109988256894976
1248217733692522496
1241012849687830528
1235623137242464256
1238607327604998144
1247500137322160132
1239782394779107330
1250236191204683776
1245324286790791168
1270393780294819841
1245127990117388296
1243335875121106945
1247244011666096130
1258850925017477127
1238652316741500929
1239628497766748162
1238655147443658752
1238101536246501377
1237185788850442246
1254836372072009730
1257712204717096962
1244800284955680769
1254570713559826433
1269166394798718977
1266657509005287424
1252643809856495620
1245069080371122177
1244660954098536450
1238324993060229121
1253516226581626881
1241795241453195266
1245887150211596288
1245036433406070787
1241541680077078530
1256412588612767744
1266005061240590341
1248445185916317696
1238159339715792896
1243251089958453249
1252721119557287938
1246238312542674949
1241199715527602176
1241398242870427648
1243096969360429061
1268617500142432259
1238102996065624074
1256299119716507654
1249123835091267585
1243036526164037632
1251992167280791560
1262948537064710148
1259897777179570176
1243704484624240646
1244669279930384384
1240127945538183169
1237574571861008386
1242542860072824832
1243441055510511621
1239035630161735680
1262822196503871489
1242545045053542401
1245179029197488129
1259931759698939912
1252543955826282501
1247109159662882818
1257616402489454597
1253381201185984515
1252717756648169478
1243306760951209986
1240068103058403328
1237835724550017026
1244466937133965314
1246473541916254209
1249127658178347012
1245302240136609792
1236835074328461313
1245433586637066241
1242213963741487107
1240290573996765184
1250110801811329025
1246262376686661635
1258848714485096450
1238898136309010432
1241464936984870912
1247661700154904582
1247662618749345793
1245235647033548805
1262504445943963648
1246209501704998918
1263443622248296448
1238957023313756163
1243583935214489600
1248973619457396741
1249363724814757888
1247637860695658500
1240950954188591109
1257839287695036418
1239198742701584385
1243582011484393473
1257751334222258179
1238591851185258498
1245430110158827521
1257457873526931463
1256380933437079552
1247633009009926158
1242944007841427456
1238939374764597254
1243513565941817344
1246057246192291840
1237740398275112960
1246810374831255554
1253024439438016517
1244843180136321024
1267960415121743879
1240094611734966273
1254064690847776768
1263081139918344199
1239260275578228736
1247109913010151427
1253045095361908736
1243075638656823297
1253426353195462657
1250909813564989440
1245846390799917058
1243362820822986753
1256735602768318465
1264332021939175425
1243938340585590784
1248733014366064643
1245451495073611777
1241384348143640586
1257706503726870528
1253977950510354432
1249048224318525440
1241842785151602693
1266549309417422850
1247604799102693376
1247630623336005638
1242569628313935874
1254153028061540353
1237267926140534785
1241870709284110337
1260292591515578369
1240798848748064768
1241015806244380672
1254711712718168065
1243650088590852096
1242321671115149313
1240737387912798210
1237586126170288128
1238914674340528129
1261604006545235968
1241534877700366336
1241742523900530688
1242552817371488256
1244169253923819520
1238643293963067394
1246090000179085313
1255502566412169216
1246215907988430848
1255690934479540224
1256324811011158016
1255990631245234177
1247629471252910081
1243981409900990464
1262808114849439744
1260944954114715648
1243378917504946177
1243939744272318464
1238301187071520768
1245178766437027840
1257391973499092993
1248344263869583362
1267554433560457217
1250558556069339136
1248301290775547904
1239366794990833666
1238258434904133632
1253671735548940289
1256944705910210565
1258074975455588356
1256215249373593602
1237176148813123586
1235432896065712129
1242986339718627328
1242987335945465862
1245452410467889154
1240373654443220992
1246795390294331394
1263971081112752136
1270051361615470594
1238587611033350146
1244496789698379776
1260587708113657859
1241989964893691905
1257392431374520327
1239864452490592257
1245929283404451841
1242424124783411200
1241873006328233984
1248016551183126529
1242804497786822656
1239254902737682433
1264523537114558465
1246261021540524034
1237853774556717057
1241208487629271041
1239038541180649472
1267101302506557440
1248446050853158912
1239630120136179712
1255987289651589125
1242092592344567808
1242719354132840448
1243274190918123520
1242804358955368449
1246800975924539392
1247333321660682240
1253861443176476672
1240718664355045376
1235716793504841732
1262022468740550658
1252667925141610496
1240988844629131265
1249383819691655172
1255558949467762688
1255314551454736387
1242990468620681216
1245548941996941312
1267073925239975936
1266658713957478402
1257998989032554501
1258579620556935169
1237527926779686912
1242208801031426049
1242489110587150339
1248607005012570112
1238320339702165509
1241876367324712960
1253635919397244934
1249051463839559681
1255642695978176512
1250904616952303620
1251790657066336259
1246165068066304001
1240640030432997380
1266476528268906496
1253671393386008576
1244129668137209856
1238644577936048129
1247503929610510336
1238974297399582720
1250239508014157824
1238217441756381184
1261988905416568832
1241896409818939394
1245086314917060608
1260289427747864577
1239350065300373504
1251569399229820932
1245766330051149825
1244674063609577476
1253421791185301508
1249958530800549888
1246521837502312450
1253153781975523334
1241773201329356800
1249415670925795328
1241552026829565953
1265123557291548673
1245196446556663808
1250574249418526720
1253583851168894976
1250005287173488643
1243329803224317953
1237255489748111360
1245420470729572358
1239846098837127168
1238512810042236928
1245541155934294016
1264993704626073602
1242488817032007680
1235533698038145026
1240818476236845063
1241873098380644352
1240819957140725764
1237765412936388609
1244672615563898881
1244933312952631297
1241871607590793216
1268886490941186049
1252375877020606466
1265326890451156992
1243974443535347712
1261983687681495041
1243368276962533376
1243588000078061571
1238757019206799360
1258127730706649089
1238682000422297600
1262821630834810883
1254157977491210240
1248976544044900359
1245117412850176000
1244084456832598017
1264546103451701250
1249110350693167104
1239734025935368193
1268308329002139648
1244270167007379456
1246612269108269061
1248459127946280960
1248268730662031360
1242115707422281729
1239753316709609473
1240225263885193217
1255345440175915008
1239669702894538759
1238214837051764738
1246803111659868160
1238989011651375104
1258527927345414145
1252689360350318593
1260733104869818368
1240434005641777153
1254944998090571778
1239383291771445250
1241891945313697792
1239908984477417472
1241870232748281858
1243354912811089922
1240828431375437824
1237901285388693505
1257296481511448576
1248994479895465984
1249077543459848198
1242226795962871808
1237145764427640832
1245532967558156288
1241492715151515650
1260399544875069441
1259157427083251714
1247256498423685121
1239211988636413952
1240126766712344578
1238277723660918784
1240418193987993600
1255296633882972166
1244021473813069826
1246063362280247298
1240737723352260610
1241465896306184193
1243171055327379457
1247597984445075456
1247582706776637441
1235589180765294592
1247111426226954242
1252385048692588548
1243305661070553091
1248972472331968513
1240417778055688195
1244433309402378240
1237889227955691522
1237527430262210560
1238749246351904768
1245802288435920896
1255261046832599041
1240980187946377217
1262780118382055430
1245203571894824960
1244698849945542656
1246204565013385217
1253418381547433990
1260293197076594695
1245792927051374592
1252648264358400000
1245929227620253699
1257121124019834880
1236455973511815168
1243905233941671937
1252688311816269826
1245117995275485184
1240424308524138496
1254061230135947264
1238533835173879814
1270157455809527809
1238638249213599745
1264997304668479491
1240096239762489345
1248765379134046208
1268612683999219723
1270207766142111745
1263197221811617796
1250203182598422529
1245422796005609472
1238107895511814146
1238152808530132994
1244429770856726528
1237145307655397376
1241652780667985921
1249908767329828865
1238240808723046400
1258130798949130240
1248774574298234883
1253583491591266304
1244093135422177280
1248593818359926784
1263150657680310272
1246842973691817989
1247638946051473411
1241852167885111298
1258302675533340673
1253011324642131973
1252025899777765377
1241001030395015170
1236979089778642945
1252692150652977161
1242050218658496512
1255169272285986816
1245448617374121984
1241430548133949440
1258210348882178048
1245060580303667206
1237107014867828736
1242855574146072580
1252791296256880642
1260191716533043202
1261725232433434631
1247584520183975942
1261848464390000640
1259960960778993665
1248728403009814534
1244087025650761736
1253810913712443394
1241684306864504833
1252389654881427456
1268226603315859459
1244818550994411522
1241435171154538504
1244253918328172544
1239544820760281088
1258119628808732674
1243333472946618368
1262433038031609856
1244971593442439170
1268693989445828613
1243386799596032004
1255819884912615425
1237911617851056128
1241789935222435843
1237888661099663361
1240067209268953089
1237893737214177280
1250253276970434561
1242587153265242113
1264227645027422208
1240961191767392256
1243500280626524162
1238945137268531207
1253879809207304197
1242969279294771200
1252832016623480834
1248680602330685441
1242247927407525888
1248074719196307463
1245608214961373185
1245379393364660224
1258150101547089920
1266780811870732288
1242269336674406401
1266787593167003649
1248677435283038210
1238259726774927365
1247510586222616583
1245151718624636928
1239723449242857474
1242905265797767173
1244741312743723008
1240352950045769733
1239156628638834689
1246260498171117570
1239752586078621698
1237369646149500929
1245904400675147776
1241799813303279617
1243139555831799809
1236073344136622080
1235779002297614336
1240407942928744450
1239750288367591425
1241176129857298433
1251929449676800001
1238346416331898880
1237766424514478083
1242406716224004097
1252320819361054721
1247564905160609798
1250099006723817473
1253409356038549509
1251174762199556096
1255160998908039170
1238899801472880649
1251604592539906054
1248950035519352834
1246844783739486209
1253699580413333505
1247253078954463238
1243294172980883458
1255127570850480129
1250094358445031426
1242576591919734784
1250538587722047489
1259018618312024064
1244673863570595840
1240718572273446912
1241257919443845121
1237914028120461312
1259935629095383041
1250572677624074245
1246532304148795393
1238775412324474880
1256712115580284930
1240152569286139905
1240925415356719104
1254064322545963009
1244704835028615168
1241508804161830912
1250210487175970817
1237848897671716864
1250205323069186054
1243372980476010498
1239530482934648832
1238803727110344704
1250082288920035328
1237915816454230016
1245382228768628738
1250443045062856706
1243138987876847617
1236848094958030849
1245860573318762498
1263605603521507328
1266464541698936845
1237359353587470337
1241853715025473537
1251804444083314690
1240697500433960960
1244353328093380608
1245004937442050048
1249871244087959553
1246947646910193664
1242232901355417603
1240011677791330307
1240425580119625736
1249669550993485825
1269351662285701122
1238616324261261313
1250591579527675905
1259955929195450368
1244929524263014407
1251525273939513345
1243682600893460481
1242490573099020288
1254848807717781510
1259542535749410817
1240787204361904129
1246922136993837056
1252764062804574216
1266327715424198656
1241138962611294210
1237921902808743936
1244739064969990148
1240604781397377024
1243269971691667456
1239941864171732999
1249353291227697152
1242617393077194752
1247137280885751809
1238597748733218817
1238013573634445312
1239723004323643392
1239713838557212672
1248156736743186435
1246017794891800577
1257755393633239042
1238154133561114624
1255633354176835589
1258361488034729984
1259805441279889408
1257695539568795649
1238186446034436098
1244105222198353921
1260041571963207681
1242226879203065861
1258000586991116288
1241202467519582208
1251173751028318209
1268014671510089733
1263129856436510720
1264047810393133057
1241112402420260864
1235491311651782656
1237933043370860545
1235929517195214849
1242550071411052544
1244030929556799494
1241389200848629765
1249849773059977221
1259492816499216384
1238623132015001601
1256113357524029440
1236077973087846403
1243656515464151041
1250215165037076486
1244768942666678272
1262400777852764171
1237924081670017025
1245027364825903104
1256715437766782977
1238085168113627138
1266748784849158145
1237901686598963201
1253099872003264512
1260271173004386305
1253650371035176960
1255932801171537921
1240428449833115648
1239208555946835968
1244092188746747906
1250176605026222083
1241027788557225986
1264025832579891203
1244657482435305474
1263554482975256576
1248668111374618624
1253941583986282497
1247135461694492677
1239927435623370753
1251619246519586817
1236670383694188545
1237061663188189184
1250611229338599430
1241762225301454848
1241570196634173442
1250057163688554497
1244822754865668097
1264073333735374848
1246697451173695490
1242206405186256899
1237925472534761473
1247730501684690947
1250469747961090052
1243958346249625600
1252269451560411137
1242232693829615619
1240283531311550470
1241150143178686465
1266096351286374400
1244448430686167042
1239245545295798272
1255900908589891586
1250897633192837123
1260703203768795140
1237849672644849666
1244344113861922818
1248212497733226497
1249668250650230793
1253127514207240192
1258176063634636812
1254090942870626304
1248771714835759109
1254137214440738819
1248183173244223488
1239528600455581697
1245467230994866177
1245693465708630017
1243719040864043008
1245001271431528450
1239588169542176769
1268393705666416640
1239663751768539138
1245463095360831489
1257580674292355073
1240038366634270721
1270009584778911744
1252618556925231104
1250467925695348749
1240684997754761218
1240808663624888323
1243929149900611584
1237316996569673729
1240440860661202944
1241805647496216576
1255583120860024835
1252302708914216960
1243898984701276167
1254862699248443394
1252297215495847938
1260383370418302976
1247361005077835776
1267541022923423744
1242885991683313664
1256264267679985665
1254905056287227905
1260828509267800064
1242214065155395587
1239788824017895424
1240416340336357376
1243322737843675136
1254138525668311046
1269094391706193922
1244306589391163392
1238426797714391043
1244307340196810752
1243520808011563008
1248638599437918210
1263321919824199680
1253389251850485765
1253826304459169792
1262399205299159040
1247164313816596480
1247694315272404992
1259487396665720833
1240762965525172225
1245499545934495744
1245534663558512646
1253118300017627137
1251981663120363520
1238282910555389959
1237317315768856576
1258538786440404992
1240082939393835008
1243312944945004545
1245453715265458184
1242631605493080064
1246841014863757313
1249868534211117056
1245200892506365952
1246553759897071617
1245583184303013891
1250182745600516097
1248773454301736960
1247543242855350273
1248087014504837121
1246871746294222848
1257335732974366729
1243894593575366656
1243805465034792960
1239344439564349440
1241114948085956610
1241042520500580352
1237026976055070722
1244990874720841729
1251948468966428672
1238570145251024899
1243300372741054469
1241381675252289536
1237161595714879489
1240684192440160262
1237919058718310400
1250182047559225344
1264716636998770706
1238455346160717833
1262836576738070529
1245149562513297409
1256286892313772032
1260328978352607233
1244383598742036485
1248168232847945729
1259807954703876099
1247709012575092736
1248057302759944193
1237421452498022403
1238311210245926912
1240085367841263619
1257109886443425792
1253370013270052865
1250193581823983629
1235956691117707265
1250978179864502272
1238161740715700224
1246565376370118657
1238981204327702530
1252454504127238146
1259333202184998914
1242907501013729281
1239591885494198285
1247508278139129856
1246288785790439424
1250122017250185216
1241768829933494275
1241845541748772864
1241406578189905921
1249507141066653696
1239049832268017664
1237490462337970182
1245458182417375235
1238210824830955524
1237186164433575937
1250152692019838976
1254031380608139264
1242726348713529351
1251299229651423232
1239288481781776384
1256341330747326464
1260992172343492608
1251312644746862592
1248043364718653441
1247203004828262402
1259631074189234176
1244340689720270848
1244860324802711552
1237426980926246912
1252624916320403457
1240478018084179969
1244311274554626055
1242962881139879936
1249344440038313984
1250042760457072642
1259632361773379585
1241861519903768577
1247966454068248577
1255583742774689792
1246470630394003457
1252363784854749185
1247999793286320128
1263067880016547842
1239858159008788481
1251316036802134018
1242861706419765249
1246287851278553094
1242629787090288641
1241848054501818373
1250875510697099265
1264573173439369218
1240032559637110788
1257986137190289408
1255177945708220416
1269666788599640064
1255179547953283073
1244350172810948611
1240349415480733699
1244885212250673155
1243811413593747458
1246616659764424704
1250548266124673028
1258438985329901571
1240100142881157120
1243659975932760066
1250636605775384576
1246259010292060161
1243965676282355712
1256745934500909057
1256273878772580353
1240351658137305088
1236421349201063942
1243294507954831361
1238890262258167808
1235406541357903872
1263095871945744384
1240707767964274688
1244619914029252609
1236996359540047873
1244144307516461056
1254139894416527360
1240496033941139461
1237870518776168450
1241847439562354689
1249121343955783680
1254169962496888838
1250844968232550402
1251930342098792448
1254827482961907718
1251176789700943873
1245148744854667268
1246288964371308544
1238210694333509632
1262072827563433989
1254985998427205634
1241438831733280773
1252860147061256193
1241090905374851075
1257383138696839169
1253796305819795456
1245927709441757184
1237905097042133000
1236432587138256897
1241026904645414913
1268991856291057665
1257102619564298240
1244383045299437574
1247313532879810562
1266054221666885638
1244443151009546244
1242604840305508356
1247123661678694403
1262074862652325888
1245921893665746944
1242873232807641093
1248326649260593153
1250156405581103105
1270562326379454464
1253870612319174659
1245706795353624576
1239275249600008193
1236433352179232768
1247936536445964288
1245148281514135560
1240686581922402304
1239674192347439106
1240561061645991937
1246236230259523585
1238709904166223874
1239043658755780608
1253928252139323392
1247901638452318212
1254138999565942797
1264733301673267201
1269277583360905219
1261700880241266689
1235251689168482305
1238833735749033985
1237490087052664835
1250157075738615811
1250006611206250496
1254088822511611904
1240842254778093568
1240452159017226246
1247935910123012096
1255013547563790336
1250849238306697217
1250571416778477569
1241490778779779076
1244382596026556418
1247927780139991040
1253079634230607874
1236996014353125376
1246468151388311556
1239429895538847744
1250567619691905027
1247910517676613634
1241426634961489921
1240457206128140293
1243321012651012101
1237202474815107073
1258022783910580224
1242801716443205633
1247194340511944704
1248053221379235840
1251962374178983937
1254817334986002434
1240460187607207936
1256856709903122432
1251299576008585216
1253703544739450881
1251300362411278343
1240317593921216514
1260372225968025606
1238709271124205569
1247755167761485830
1237491670817689600
1264374604879060992
1243102652717826048
1245394470952226816
1238068892137816064
1259126259298205696
1252291523376558080
1241483554661502977
1260351580475449345
1259685867221856256
1259628475188723714
1254470803242061825
1235296015374258178
1252619829821034500
1242563337759657986
1238580577504301058
1239934480984477696
1247871040975495168
1238847376875544578
1259287703218200576
1249345963874975744
1243536121134559233
1255400324870873090
1239990915579740166
1260376868009672705
1257354636484370435
1243207972957929474
1268410409591201792
1237938763482963970
1248520185092464641
1244304376451207169
1250887298192998402
1240481508768571397
1242059689204027393
1247309031296970762
1244509859971772416
1237792025010896896
1240689119761596416
1262853116640268291
1238197384569634829
1242913522658541568
1245185682336886784
1254882525043920900
1270333309151838208
1243971734916734976
1247306419180900357
1255402881320189958
1245171259211763717
1237905332183150592
1242513642165280769
1240783013954412544
1235246261390934017
1238580774108106753
1241439686557655041
1255145879045980162
1255588361361862661
1243352104808439815
1242909245286350848
1252698411159236609
1239965837307432961
1262915296047894533
1237905375535534082
1243802925731917830
1237907194013716481
1259974679177166852
1258464626720808960
1246978635292180483
1238816138546622465
1237908851468505089
1248538572761829376
1243241686765129731
1252580117710340096
1241748967882358786
1236064926407499776
1239426788922667008
1251642695241605122
1249196672065953792
1241056775916466183
1250503945967079424
1243595386062884864
1248236999036866561
1249828048796618754
1249825165065826304
1249828183660265472
1256258558447976449
1249825101740232704
1248231326630756352
1266502317106495495
1261082097185443840
1245470052901687301
1246112612519161862
