1260573149181235204
1248341024851677184
1238970093675008000
1234935558184456193
1248386899254759426
1237445600250966016
1247225346790809600
1253026923757752327
1245898753019482112
1242520261716410368
1235636181020229633
1241822774101815296
1240386267646496768
1270060796916178945
1254614340889530369
1240329629522481152
1250138325207224321
1268211753000689664
1238466546827051008
1261356284634259459
1243739702164783104
1235788057212678144
1241742961626329089
1253317397248794632
1255979483380645888
1260213753372504065
1242709166340227072
1238261772274020352
1253315019694981120
1253319188426313730
1250752280313225216
1247273456942460928
1241194840785686529
1260576599235321864
1245142653362110482
1248012972183580672
1235756940933775360
1236426339764207617
1236102848225480704
1241474793167147008
1243306334033854464
1255544260754980864
1240755742996680706
1240760054015340544
1253025337904001024
1237153619083849728
1253024031353135104
1241755095622021121
1248959215214817282
1239876952040689671
1258074416228888577
1247365707647430658
1243442226635702272
1239108983077474304
1255096675158290436
1243583979044757506
1238762966213734401
1238198588733181957
1250904497259339776
1246952454689705984
1243236447013855233
1237719748214804480
1239439435214680065
1238510775825616896
1248271873982361600
1236804555758690304
1259891359470587904
1253315753035489280
1242975490006114304
1250582614739542017
1246207555468005377
1241195537614823424
1254143494353858562
1238531012943941632
1247062674271129600
1253313372247846912
1253024608996868096
1246219314698452993
1240399973428211715
1239628392896565251
1247628702772424705
1240742510047059969
1243581450638643200
1244883096635183105
1246944177708908544
1264279048433225728
1259928020481011713
1262950360274161664
1239961718530293760
1239669823396655104
1242598558101987328
1253318090525310976
1244699943513686016
1242476947629731842
1241744763595796480
1253026644593242112
1245038445057257479
1243303601562247168
1247518317444837376
1241900155248365569
1256638685442789376
1243648568079970304
1254127469415657472
1247519268612108288
1234933078730006528
1244024443363643392
1258919022789263362
1247517628668637186
1261663654379810816
1244110624990224384
1237828228057722880
1266784960737878017
1255988351712112640
1239904447054008322
1251503084896792577
1253310938742001669
1242857441139671041
1253316837984448514
1244117708259471360
1253737171535749120
1246475028855574529
1247517629876584455
1244467354068594693
1258070535222804481
1244065214561021954
1242979412112338944
1253315277200080896
1246205126043303936
1254156223898767360
1247402025387622400
1260587534385463296
1247254704855199748
1253144736065437696
1239882127375601665
1245134630392561667
1235418053782974464
1245863341936893952
1239050953644335106
1242858883275567104
1249122704961212416
1242672231429410822
1253316414284238850
1253413179540963332
1253340655163592708
1254946448606523392
1237808783159472128
1253756597966266368
1241882586948882432
1264962825299955713
1247011336799711235
1246159011746959360
1239026586541670400
1257389039226957831
1261050326091616261
1253314279131844608
1253023505764872197
1248009406081421312
1253313612405280771
1239904869185617922
1248685632571838464
1247601716490407936
1241222875010314240
1238881908534046720
1241885790776377345
1239064284828585984
1248717702987800577
1251352277731901440
1238279876274085888
1242832180151115777
1245197629408985089
1254196142918660097
1249334747521626112
1253025646701195264
1238936681304199171
1263250988065939456
1242161531439042560
1239518191564369920
1238924514504794112
1247517634695839749
1247517627280265216
1251911756705746945
1258088942571712512
1248969514068271104
1248357481765457920
1237910974306213888
1253318369148727299
1237655597161431042
1246199936040894464
1264282368732311552
1242631464954429440
1253798480432136192
1245876673511211008
1236808458352996352
1251140471729971203
1243739066610241536
1250777745631502336
1235628848668012545
1244820843143655425
1243571886639833088
1238734167267061760
1239606977942016006
1264758562737160192
1241936554425122816
1242966053560274946
1240077188768002048
1242076696229990400
1243387221673041924
1258018312304259072
1238626105185058816
1255896108766646272
1247702945698738176
1260710300275240960
1247391814258061313
1240082954899996676
1251250195146272768
1241113257194053632
1238591259998064640
1258237893346197505
1242933158737108992
1238439518530719745
1240388400684978176
1240081705874014208
1243616101474480130
1238904273577988096
1235773941517627394
1244778671891607552
1259844355117985793
1252228137804587009
1250252835427500033
1253318926693363718
1246903985836945408
1253345477384265730
1241957489454616576
1239207922631991296
1244928538613932032
1237922028536999936
1245690588827090946
1252335964745158656
1238316712233074688
1265718536686538752
1259904503991529472
1247510531470065666
1253060914896531456
1249875984611856384
1256630702252019713
1259571198934913024
1245535218968064001
1238623835944968192
1251617322676224002
1250493575374102528
1248965712917356545
1237192051428478976
1237756585474019329
1260629848118095873
1247574760474595328
1238937257383350272
1238915452698423296
1254065621160980481
1245794527970918401
1238635147181735939
1245457816892002304
1249333271168614401
1241037172095873030
1240460670384001024
1245515060400840704
1254920923045453824
1253838633489989632
1235737053381292032
1263224250145497088
1265357759664369664
1253320333412556801
1264569123536662529
1239071137578942464
1241766588090437632
1238693496598323201
1236901633218490368
1249962149029588992
1235610409492717568
1248287278520094722
1248070628801777664
1238245827862298624
1248686859485466624
1243313276080902144
1266049514365841409
1237848688958963718
1255901613555933184
1262853768531472389
1253475211069911040
1238245197147930628
1259152284195250176
1239697369337229312
1243298834865889280
1256606245458341894
1240692479722053632
1247892468500033537
1236312259623698432
1252285734121140229
1243177396611584000
1255950248188375041
1244443062375346178
1244708849342468099
1259844380753526792
1246276441865502722
1264346295159762944
1245579865941667841
1261447734785015808
1239802180888080385
1245232241195638784
1238289601791291392
1255205833798938624
1249111104149549056
1241177534768615424
1239801047444406272
1243375271756976128
1242836522786668544
1253326866871508992
1238331785408180225
1240105069137129472
1253078489755836416
1251946595693682689
1259822438973534209
1251249347578093569
1254233116983439360
1245843839262154753
1241057619080433664
1237849736968716288
1238196504419950592
1261427635478880256
1263309440482082816
1251892561955835904
1238869815621586944
1240482090958782464
1236709099238113280
1234940692046077952
1245216076599721984
1253088781172797440
1266580891079307264
1240101717938548736
1242934880087891968
1250164723535904768
1270077711034101761
1234937804699779072
1239340165534855169
1243749050207240192
1250417258167484416
1243311996323287040
1239801364596830208
1248714035173916682
1264593817279201280
1252965065034063875
1250784429716299776
1266538150098120708
1237274233224302592
1238978583088918528
1264771301668839425
1238116044859830272
1239309169875771393
1248083750585589762
1239501735279951874
1244441678787862531
1240449474117292033
1243017643159764994
1248233025491439617
1258365778186788865
1262828433899286528
1237942295225184257
1238128870345158659
