1240641829252616192
1241126443263954945
1256248571990618113
1245525729758019584
1256408511124209666
1247572308539170816
1246212916254310401
1257713622907858944
1237775932141772800
1256733205656297472
1246612287600898049
1245819982803546113
1237567362838089728
1244030833603891200
1243253136388698114
1266497490246938626
1265359841842823175
1243225367629967366
1237855963589177344
1239374243730722816
1247632650061348864
1261337578176778241
1238105415847723009
1241815203156803587
1236388592194392070
1237173369021366272
1257713004399013889
1255647090480500736
1266888052238147584
1239540594659164161
1242163368364032006
1252313090609340416
1246819395235713025
1240436040369922048
1242270150549622785
1236701741833318400
1240306192817311744
1240468063880806400
1248746932064878592
1258197016200478721
1255234153441878017
1254156109419556865
1256212757864574977
1246997816918106112
1248992327705726976
1243716003982454784
1239579392185192455
1238300921903316993
1238586151197380611
1236701442154434561
1268751218874241024
1242941991387910145
1246210925520195584
1267974254743687168
1237071386939666433
1249065553861451780
1253003102992478208
1249377212094124032
1241033728010473473
1247326801757601793
1247607701099732992
1249382051163385856
1254236482887393281
1245862550165532672
1241577219270443008
1237760168345186304
1240610473579556864
1266175363450896385
1245130110006681600
1267212211765862400
1265358423673143297
1244421736508133377
1262734738864984065
1256211520972894210
1256903355990867968
1258417930037059585
1262402364230848513
1239647359560286209
1242257892121640960
1241154481955323905
1260174642305736705
1262129329686958084
1245270330370863105
1239647103565037571
1239775731602817026
1255654293249699841
1245175562223652864
1241127904500756480
1240040126899765248
1236489037923450881
1240414061231091718
1255503846752899072
1246535638402437121
1253010748156018690
1238905506632216584
1265695597518106624
1240772428365692928
1250769858167521287
1247730525210644482
1239233353569595392
1240072196606824448
1247968383028678657
1240411207477219328
1237833232470728710
1247981011914424323
1237533603979915265
1242282218657103874
1251000965626388481
1239116763406761985
1247564278200242178
1248996397422125057
1244775992037695488
1250999879050002432
1267147369889619971
1263630233166585857
1238602237406044160
1238603268521177088
1254823277429735426
1264265974645248003
1240810735502086144
1235638039772196865
1245370468829294600
1251877726975397890
1242892584747499522
1240070335518646273
1265720255172816899
1241390752963481600
1252313796808409090
1254965290758295555
1248762899188846593
1247690129692594178
1254823452403535874
1240813267586596865
1248412560660951042
1251915066456387586
1254575351226871808
1260031316059279364
1246101754195804161
1238175540810522625
1247887867939938305
1254763234063679488
1237160373003976705
1257715703131537414
1236465989941972992
1253102990392619008
1250154533029896193
1258594044642549764
1254823502156369921
1249435347311722496
1250854009344229388
1263608556953178112
1244778953648324612
1269981330814746624
1254822679229747206
1254822922344161283
1262795696173985792
1264208768205815809
1248372452176072704
1240278610646368260
1260939056453730306
1253503809214693391
1259229271891087360
1256290043058061317
1249011888484163586
1245878198308569090
1247327983410569219
1246269881756135430
1251908093035851776
1239699902843760640
1249977122115842049
1263810059622133760
1252708368747282432
1257354328018432001
1254253196463177733
1247340462769344512
1254823331993444352
1253109649554976769
1247218920202932224
1253704434900709377
1244733679978655744
1249346602659205126
1238803431701307393
1259131703320330244
1253743121206312963
1243922097564418049
1247709389370384387
1241186275874439170
1235603539877076992
1244356565949452288
1261025255721775104
1260952566730575879
1247901200269242368
1258397466556338177
1261017276540686336
1241053652137230341
1262058515042119680
1242169454504456194
1249697638418702337
1249011583407267842
1246373226730729472
1239006257199144961
1238148643095445506
1256337865333600257
1238840740555472896
1254823087633313794
1256340959333199873
1239715431209930754
1239344910572179460
1244484460667494400
1238703492681863169
1237907507160506370
1257169893914480641
1245414685106745344
1246635173132861441
1238979892051656710
1238544896081854464
1243590371420057601
1237033796119166976
