1256666830589980673
1238652359317704704
1242558235489357824
1255165636386279424
1261523762735808512
1247677076724838400
1254028997857431552
1254323352505683968
1241011029544284162
1243365176528654336
1246509724985688064
1251833938202386433
1246579277694410753
1245244241615278080
1238985448296456192
1246556262591901697
1248815227530964992
1236384833271500801
1252652443092971520
1246169463109685249
1248679999080554503
1257436317144752130
1247046558110978050
1239295847583510528
1243586861181755392
1263704342617395200
1244669348255596547
1248716049102577664
1261608660528254976
1249842781029203968
1237019647347535872
1244323297816264704
1262594119173410816
1247546384971993088
1240801014489497600
1241196550153334785
1253029833954607104
1268984344367923201
1241553821781745665
1262736563152187393
1249371952101199877
1261652478841327617
1235228406238699520
1235401171130634240
1258196252619087873
1245073985018056704
1237932475399061505
1243283796901822466
1244063399220137984
1240139223631646723
1238512229911154688
1257218728216985600
1245174913360519169
1251997048720637952
1254461716227743744
1268201139528298499
1235713227494838272
1264688725474201600
1240469713848651776
1238986559837241345
1253857197940805632
1252686471707811840
1246210794372476929
1247284947322146816
1256409988957786112
1246184719806423040
1252028345815973889
1244027578110763014
1269300356972007427
1264942885738131457
1244416682988392449
1262464842599821312
1252674060116525058
1241106325305729025
1242860566680686592
1242686294347530248
1267645250153013250
1240097385331576832
1247286673798352896
1243586277515067398
1241782793790611458
1238203604911009792
1234908990535958529
1244663074633596928
1264553747700690946
1240801964734078976
1243333781383073792
1239037032904536064
1235694967789502464
1265703969692594179
1238972949010546688
1246938054540947456
1247648603289440256
1235402756111777798
1240871181021937666
1260015465776033798
1237018855777562624
1268399485849231360
1247228073948237826
1249064140842258433
1236380918295609344
1240298445962743809
1246165421041938432
1263105592152875016
1245802601616035840
1251659722744160257
1247339364398465025
1243328063477133312
1246530307597070336
1260052389203075074
1238647915226083329
1240306935057899523
1267286083856818176
1240955642317135873
1250309423911723010
1238200610903576576
1258079188340236288
1250539989743489025
1238554756399783936
1239599955183976459
1242953142704070657
1236009496444428288
1249916448698437633
1252277613680181263
1252732896101593088
1251838917763989504
1236368764582559745
1265062109915856900
1247610991606509568
1244674729354510339
1237830985019846656
1253793264588566528
1267633657046433793
1256733673321160704
1267569505049309185
1248039726692438016
1239809903763451904
1252277185978630144
1250455033113645056
1245372860761133059
1245306941536002056
1248796485266759682
1244052900977860608
1243741502137749506
1252703128958275584
1245449860347596802
1238512645436616704
1243096501397544960
1251037386764455936
1259924209028853760
1252650016667168768
1254464207245860864
1252651348480290816
1250068377374265345
1249836879458910210
1238307992694427654
1259263041452929024
1242647569450205184
1249748718435237888
1235751692081061889
1237135412922945536
1267158880972271617
1237017984792580097
1265489745049722881
1245123070966157312
1236087903161180161
1256111335542161409
1237502221056479233
1264553567958024193
1248720075953262595
1239994774800568321
1254284248762089474
1255193934181003272
1246166855019945984
1257781028636069889
1250204303467274240
1245416789128798208
1237587763848855552
1269672842326495232
1240400878651281409
1253054167133728768
1266523436903366656
1241209305337974784
1255391031731933185
1245522948321980416
1260583470914588673
1240822635891544064
1259028485353295872
1248674659978989568
1253204862017265664
1238273993615892480
1270142206343438337
1242321496996900864
1255544839598305280
1251680854591430657
1239037162609238016
1237083092315078657
1242671062283726849
1237567612185239553
1238917634994786304
1245522957868216320
1253027698856783877
1240471780407398400
1259923499184844800
1240340631609720832
1244641210829959170
1236841879695581184
1249380396908740609
1248735238634622976
1255530884285059072
1261650455530102785
1236874536890429440
1237833420937420800
1258892287607595009
1239756336021123073
1245301950960156672
1240833819151757312
1237456831141863424
1239738628089106432
1267597285740830723
1238438004894486534
1260442845430808578
1249154878242504705
1251835248117047298
1245133062209323008
1259963326169116679
1245781739651252224
1244028289003294723
1267206632099856384
1267388903222153216
1266360716950294528
1250225444852346881
1254808103985520641
1241122027978670080
1240518552123138049
1257212807910617090
1269363875691982849
1236841454225391617
1246910379428433920
1250487117609758721
1239782945646239745
1259910220899160064
1238280415862906881
1239268199624933376
1258741837356916736
1267310813720662016
1255600972136452096
1245134169698471937
1241245747267301378
1243978235743850501
1267595362312675329
1237212093809491968
1244704890640666624
1253016633750089728
1244956455922323457
1248382661481000963
1237180674634690561
1253755977846804480
1255612220941037568
1248577358904229888
1255642255857074176
1257847133245370369
1238607151926411266
1245522956488343559
1257120996877758464
1245198198009810944
1264922303122468866
1242687453057540096
1240135912983584773
1245140837144637440
1237782815678148608
1263257042929823745
1242976273984442369
1255282546964914176
1235755409203294210
1240413434677571584
1255670063710887937
1240128305346555907
1252652163198672896
1236838780641804288
1235754652827709441
1260397231305154560
1235621559139618817
1243107371993333765
1237107531484295169
1238231163522519041
1240093385953705990
1242436341146587136
1250990587337007105
1259898041206636545
1250821123299848193
1245866558313754627
1242572274718273536
1250087953008693248
1235005543963484161
1257322200329150472
1250838662276952064
1242472420201476100
1242251216643448832
1237764277215191040
1251186481869148160
1257714797707030528
1253034988003459072
1247332611376082945
1248680627794259976
1255225012660899844
1252590003261075457
1260390838263136256
1244953433745969153
1263236210916384768
1237400581414608901
1254463578138001409
1264224430793859077
1238876791357370369
1267298867474690048
1258153894535815169
1241852278656495617
1259614811043684352
1261111095189635072
1255223681963474946
1253416248156667908
1258861941818142720
1267256282517405696
1248063012230979588
1237496972925419522
1267204353758162944
1251685114406289409
1242216837196070914
1239215987838185472
1252032829191360512
1235665042311237632
1251892539247845377
1240086421408366592
1262193195170975744
1257980482077122560
1239724666845122560
1245949486825762817
1247355167684489218
1259947959774400514
1243300065562648576
1245692468479197184
1259936797896794115
1239027430582607873
1241117798799007744
1248662897107955714
1236817330845421569
1250842781750185984
1260118584614772736
1257202287052615681
1246226822636830720
1244067807093899264
1248324530382098432
1255634997576257536
1265361440103251969
1250122017405165570
1238871759417294848
1249166241518030849
1242879374925295616
1241791470757175296
1263256788968882182
1242886235170820101
1255525321148903425
1243548111638757377
1252769431463157761
1236105143357034498
1243029986329518080
1236164563894013952
1242618102216560640
1266605756729573378
1235620884821315585
1247652576046116865
1261722792304635905
1244691833273212929
1251117047968223232
1247654873086083075
1236347441810530304
1260200591038398467
1247979634131472384
1238283284036980736
1240793587253559296
1240794032701231104
1248443414015660032
1240077013177663488
1251106704244084743
1259993844315156480
1251732305220997120
1261588886444060672
1242958209503002624
1253314294915067906
1251985568386256896
1239379651652235266
1268629834827063296
1250535137420312576
1242132561549127691
1259903212103991296
1262504304113414144
1253798216602009600
1241498613357744128
1255502923246829568
1239120681586974720
1237922523775266817
1253370276986777600
1253369547735760899
1243933728469970944
1235010333841821696
1240853436385488896
1252455404354678784
1237024105007706113
1245453396145917952
1245724134987857925
1257344061603790849
1250130011715072000
1256711437994479616
1255498344312582146
1252589563232452608
1240934340399226881
1246931361836847104
1244571155194761216
1248022995790000128
1239919314427240448
1237918647781216256
1242187343752130560
1249176838389354500
1246693426998808576
1249870987497074690
1258963675219496960
1249816664566157312
1247686941471989760
1250603494286868481
1268992984235814914
1240390452534181889
1246733489241600000
1243405646260625408
1242701472174706688
1261503911837315072
1235948066550628353
1235105564822126592
1255246763772055560
1235858978413805568
1238693130452361216
1245454742043504640
1248617269300584451
1250848146101374981
1265432520738234372
1257917998335004672
1247574477581340672
1240085430357258241
1237913918061678592
1251953145787211778
1236736110904004608
1266400317568094210
1246779787063865345
1242283173767081985
1255155502700355588
1252351034120257538
1250459445361967105
1241853625372033025
1240154453971480576
1238838179630698498
1242267449895956480
1244443581885976578
1255727376488525824
1245872066873581568
1261478578664820736
1249850936433897472
1262906954139262976
1238594463825453056
1238295468691427329
1249162605257797634
1267295239401664512
1240849822594334720
1238048419710562305
1246252916152778753
1269988864828952579
1242632803960918016
1258252948150185985
1261061816005754880
1252353086749732865
1241118059328200704
1252759278747742208
1246284516819259392
1244742774462664705
1238694457395924992
1248582788485283841
1245563410596552704
1235540902233268224
1256442905729744896
1238291307543425024
1267299745929674752
1261708249415299073
1257106128875319296
1241850087480811520
1243419609685823495
1266129305995669506
1254848030034944000
1250186149231878145
1255640231484612609
1252715489568096262
1263852630440153089
1242187128068386816
1253796365789880320
1258813721247272961
1245482266727305216
1244538302398636037
1262493544339537920
1244382970460266497
1246284514818547712
1253905832934170626
1268557825728372736
1241410992858206208
1241039772111589376
1238623219122237440
1260708310572871681
1240116367673692161
1239988596871802880
1265824585850646530
1244398770055348224
1238185066913599490
1260425085841805314
1237158945396887552
1250061793893941248
1263173777879334913
1255246776422064132
1253800990333001728
1253790194735607808
1240688487554138112
1245482338949066752
1242619057863458816
1255752687892611073
1239338017740881920
1246615861361651717
1262865957258702854
1248049355073794049
1258938342437093376
1243013339740946432
1239634026454855680
1255203462524088322
1246274038038540289
1246288537760096257
1247902127835365377
1246764321096388608
1243228163896819712
1253704016841764865
1236302308276752386
1266465016556863488
1243318251611799555
1247533976933171200
1242871195789168640
1246615859415531521
1244766961529016322
1246924957256306688
1241371836514009089
1255209036112248832
1249823126470287360
1237842803280850952
1254101600110510081
1242606611329241088
1246632568654426112
1260424732660375552
1241365917453312000
1248739764074762240
1240689120466239488
1249700733332500480
1253597131559976960
1250897274072215552
1240687194659942400
1247238082962702336
1236351343326924800
1257013508186628096
1247344798597386240
1241235216041033733
1249801828587327488
1241186130898239489
1242565967068069890
1256288932074942464
1247558863651405826
1257866350854275072
1248712435302838278
1247913436060585987
1243675751875891202
1243689541988311040
1247988489657839616
1241848195673513984
1240447851307495425
1251892766491029505
1243008508619972613
1248135226364055552
1247356931624189955
1235352054790578177
1249867190557265920
1246284518010417157
1244718672200908805
1245183085383045122
1242603032396746752
1248327384333312000
1269988342491303938
1245410913684828162
1247084486052855809
1255202050926772224
1239800904758358022
1250416807661522945
1239134901175107584
1236330179242250241
1238195315993272320
1237791021196435461
1252714425888342016
1248738933619314688
1243320422231203843
1256204642150572032
1269497735415136256
1252780520112394240
1250155482037153792
1245403174984269825
1251550825245106176
1253501239591006208
1259578198762967042
1242121249284747275
1264716732326768640
1240817240527650817
1263681689240231936
1241170644810661889
1253503126281183232
1248737382389518337
1245172748491481088
1249705408924549121
1252287874831007756
1235292802365427713
1244717288340598789
1252410548785831936
1248395345517670405
1243208167137263616
1255912386822692864
1240689946630877184
1244718756787400704
1257431590071828482
1237792514695786496
1243914511280525315
1247001326648569856
1242311056770260993
1239130916024242177
1257497369358118912
1246630691875377152
1244897283000299520
1244616685165981699
1235352683944513537
1238146667741773824
1246635345992540160
1238979607744761856
1240158860628770816
1260641702039056384
1240694803873984513
1237273927165997057
1250163698024341505
1241053428337401856
1256626224194965504
1243349496504803330
1237463494322049024
1265757980969951233
1234926087320113152
1245758373745680385
1241080918090985472
1245619022000873472
1251636806228959232
1244756207094530048
1261083561639075840
1237946981235830786
1248502585767550977
