1238785165490561024
1245104756164562955
1265027219266641921
1237877330409709568
1257998439171973120
1267039318671007745
1260600361615794176
1266214353335877632
1252211388988174336
1240974750123425792
1246862321089200131
1265133844019232772
1236827887636004865
1244945423690858502
1257634394484981760
1260152036294885376
1256909328977707008
1239195748010536960
1241514691169402880
1256413196233183232
1247622314507808770
1246999895183106050
1247544640087175169
1251305834077999104
1239391555577921542
1268624547596636162
1260576835303243777
1249386250500440064
1246583272714514437
1253718407909969921
1238825462413000705
1241535723423006722
1251678919012597760
1245884828081405955
1249753134228025344
1241807573508128769
1266741348343975936
1246425962100768769
1266514832783749121
1247249672563044354
1242034061138440204
1241532088412766208
1242386519287050241
1256360319967952902
1258515167505072129
1258515391044673537
1251661450474598401
1261861920128278528
1251527340510806016
1253052142799249411
1250073215260647424
1238822323735625729
1240439063573913611
1241417305214660615
1252718786609848329
1244790352114049025
1246579847649988609
1246878735195922433
1255278541471657985
1244362371843448834
1244390743302705152
1259644426793750530
1264958722922725377
1267419998764613632
1247937189532573696
1248016858768273408
1243338856214167553
1240384215486775306
1242038069185953792
1241884829928566784
1253635177944842240
1266334743194488839
1257821122608930817
1244842962397388800
1257504776281042951
1248256563644694528
1248256834336624644
1241392164950679554
1258895849091813376
1249520976427200518
1260611679211139072
1241807310227415041
1265982384698163206
1247624305317498882
1246603821423484928
1251663998140940288
1258485455722438656
1244664581403836422
1241190669059842048
1248989399402057729
1242544253701685249
1258486357766397952
1248093849513275393
1264350994290348032
1248275616182472710
1252550196015378432
1250481217943883778
1247242779740311561
1256595037674225670
1242585411647668224
1243786626670694400
1242946983909888003
1261846198744494081
1240304277098291201
1244271204866969600
1264674549242703872
1246398256399241217
1267650726047756288
1244293897360150528
1244391734286733312
1246188545443876871
1238552948176760833
1250484937939181569
1244435793818652673
1252929757303447553
1242665934520754182
1251007998404804608
1253017982441316355
1235671073619955712
1235669405150871554
1239328917103808513
1269675418275196932
1238953273752719366
1237761673462779905
1240300148091236353
1235668507091759104
1252947834497912832
1239974435999723522
1247335073415921666
1248275884345380865
1244297439491866627
1243983584932835329
1256310773476818947
1241810966100283408
1244765659906691075
1255855033184407552
1236426728672833537
1251939446955610118
1243487975582961664
1252687066225311745
1269636879676293120
1244439973715161090
1257800781111136258
1254063270497071104
1241539238920720384
1256669056603549696
1245065992868429826
1235677924608573440
1254116423472988161
1262583503708962823
1243880777735176192
1237784481119027200
1241809578133782529
1247336522724106242
1261836733093732353
1247517715524435968
1240608825058754560
1250822026589286403
1237785188891004928
1239603788987719681
1256681429762785283
1235172177781108737
1236654895803006978
1256157597188657152
1251519151182696448
1241812107508756480
1254384419609161728
1253714966755983367
1249918114927538176
1245819182052245505
1255536820949004288
1239105980710957057
1245526988422602752
1237532445840297985
1237784119460970496
1244902416253886464
1256551419051741184
1250136802956115970
1235905335296233473
1238948353393688580
1241462264097574912
1239870568033398784
1252505007225798656
1262961710358560768
1240946701336264704
1241884083493445641
1238588550075031554
1253442064462819340
1254951206910341121
1252930166986362881
1237042264033157120
1245371839838392323
1247650926778888198
1256185618993950720
1257286231450423296
1260580131548127233
1257459697168375810
1237406574831980544
1243505599138144256
1247698700467650560
1252008329804681217
1244740947407073281
1252945399951888385
1250581399293304832
1244665684543582210
1237360271343128578
1258482840028811265
1265066098212438021
1237067360470732801
1252376924652855305
1254655432158830592
1266736136782860293
1242856887613259776
1245720348311592961
1253201266412584960
1252374402152329223
1241698181932556289
1235012841830305793
1258515508183199745
1238301261126086656
1247526499772592132
1257466981869117441
1246799658158039040
1250121263546355712
1254401376001634306
1241698769038643200
1245117204091342849
1253116342070398976
1257150884506750981
1245795664988168192
1243483622390317057
1238556958036316161
1256157971589074945
1259892346319187970
1258078005320126464
1254386390906941440
1237891584370323457
1250903714698756101
1242152307069984768
1246876766834130944
1237534486436298752
1246194917472440321
1255927377097613312
1248365172097527809
1240749991347605507
1266006902636531717
1253481797897371649
1247681399227846656
1244977109027753984
1247651054168223745
1249854675840569344
1261659160451723264
1252982513422815233
1237902692544110592
1241902629774659596
1267955902402965504
1248647827070365696
1235378810767450115
1244608295471648768
1269439645961633792
1248602377961250816
1251685976352657412
1268542723713380353
1248418320220483588
1244074844377042950
1257485300412153856
1260609094475489280
1260340457772548097
1268270884806107136
1255558854386913282
1250996393231212550
1267814129340907520
1254125640078548992
1238085552987086850
1239691010583773184
1236462127294136321
1237786801177276416
1260711427452604416
1234917682090323979
1243343780952104963
1267634872966840320
1240425996274319360
1252919298177355776
1259296150861029376
1258491696280670213
1252007927281528833
1240573923823058946
1258200362454048773
1258512584451305472
1241137348093644806
1263982827202322432
1246777786599170055
1250189768807387136
1245900440744734726
1248326347279212545
1241852805335433217
1237500273268076544
1243141455004213253
1238560606808166401
1237497902777479174
1252394652726030342
1246431686935678976
1248209319180546048
1251139076721426435
1253069095614009344
1248063430822633472
1265962022774231041
1267110615715393538
1250842749013757955
1243289702184222721
1249532094730076160
1252395186321108993
1238109832969965568
1247604062960455681
1250575965392158721
1253535400758587392
1248211031681368064
1258177253751566338
1248206859410067456
1262195538612703232
1240603473873457152
1258019238243110912
1242402217958805506
1247754525252829185
1251843470857306113
1260503995816259584
1245673382034780160
1241113772976201730
1254609946328662018
1238518160854261763
1247652599651864580
1257267810503471106
1243276974044385306
1237363031589478400
1267264751563935744
1250841550956965889
1247194711800102912
1247322861418749952
1266385220028305408
1248066642036297729
1239507467098361857
1247139638327816192
1256525783348240384
1248775876717748224
1260040829349122049
1257667402072051712
1247700632254980096
1244997409735917568
1238671798713094144
1264564876611067904
1250207159041904642
1245837041117671424
1247651015027015683
1239949735714267136
1235187697142108164
1244917615837020160
1245482367374024705
1252018375548682240
1249745238865969153
1246455847393341443
1242628654582071296
1253796590625619968
1263484841569521664
1248057932157276160
1242890953511383041
1250200624974700544
1242890441663696902
1264703285115654153
1260943881413197826
1255266620500475905
1263241564203225092
1239714493388787714
1266702711094947842
1243898510325493762
1243565682014519299
1251584795467022336
1249407110175248385
1258216341099745281
1244101778456621056
1257851885912043522
1238182746687758337
1257863976739799040
1252981917571526656
1246969091191123969
1236353496120582150
1247218491305996288
1263963293691138049
1264409751724740609
1238667252808986624
1256556614993293312
1244742012877844483
1252504043618029568
1242236175147864065
1245351203594272773
1253292193428668417
1236404479660109827
1259949487323320325
1238439486033481730
1251686470504583169
1255604547394908161
1259953881041248257
1244921844781768704
1248773396596391936
1238572395578957826
1257797070695682050
1238874644687486987
1252978287732719619
1257572841597349888
1264701467883180036
1260655346785255426
1259467608316940291
1246430819943661568
1238095438156365824
1261731956372447232
1253483573748867077
1248728290174668802
1257581616207220738
1246233183437443073
1238561810883776513
1248964946177769472
1252516592656756736
1268876995976454146
1248287359331897344
1247507833744166912
1262075981503827968
1240656681790517250
1257580626191974401
1261248642389811201
1251462807452889088
1236314385582358541
1246776560188866561
1242267398411030529
1252758019915550722
1245294549775208449
1247509579380002817
1260967028397158401
1260962949570744320
1248208855726788608
1245528465278930944
1247618306913206272
1258785191860023300
1260364642246971392
1250849906748686336
1256569178640785409
1250219955813060608
1259605717440499714
1264911664463429638
1256582496369676288
1258856034229248001
1252395475593912326
1246455335436640259
1239235480346079235
1246445198621790209
1262141842809925634
1245843543836504067
1245692886651469825
1263989469193142272
1265432304517775367
1247497577127444482
1244103700437708807
1254984036117856256
1255619436704399366
1264646344590766080
1243719902135029762
1257354751123042304
1242906561816809472
1265745971599880195
1264924843172118531
1243563522749083656
1255446579072376835
1245922359954952193
1239768233785393153
1241862745433178112
1260595618793361409
1244091622444457985
1265652575715700747
1245683768364498944
1237804283455815681
1249345553722376194
1242835900222095361
1265431109577383940
1246992792217358337
1239988725280649218
1239006222927499266
1236819716989165577
1240405250797973505
1250193287044108292
1236150065888190464
1255496224310022145
1240449478987067393
1240785926034513920
1254656666685132808
1254854751549657088
1237793793258278912
1235041038550458368
1239005870253621248
1250175661953765376
1250434325650100234
1247315695190323203
1259176964079968256
1252409421365313538
1239272195932782596
1250151785106419713
1242237365063749632
1253624487586734080
1248286026738647040
1251178949314568193
1238789643346247680
1241484269492547591
1250049218695307265
1245919274679414785
1235597049434984448
1266419780019523590
1247558245096525824
1244707698274381826
1261709758261755904
1240057156549980161
1254187369311371266
1260384538854854656
1238107103484616704
1259470888254287873
1250469440270897153
1258856751396511744
1256038914130927621
1242264782016778240
1258390130823507968
1239008833143529472
1244395981396901891
1250187793927634945
1257500813301252097
1265804791172734977
1256606790898368512
1261026404336111617
1247934388341485569
1238977719179923456
1270030044593872897
1246072468483141632
1243319252913991680
1241468330533212160
1238790076458504192
1247316558264840197
1238543045550841859
1250036846643630081
1250887263132753922
1253792040011411457
1252001291036954626
1253113722568048641
1244328341102100485
1252191317570052098
1240589790589923328
1261675340713398273
1248123703961010176
1256894433716551680
1243193950170689539
1241473664173867008
1241143385089609729
1244824492683268096
1248742343903260674
1260663277329297409
1238919576596942848
1265827780475981827
1241337204770734081
1255576564735127552
1247650972261851139
1252711585338085376
1256604065062170629
1257568261954244609
1254513899438772224
1238812584477896704
1264169727183765504
1247085792993910784
1256897049586470912
1245297482088812544
1254382977758515200
1243205384925478913
1253354441467707392
1261120955683831809
1261121820620701696
1241090707990986755
1244463073877995520
1258106309033033733
1243594142258737154
1246984447553155076
1243588479298174988
1238814765474070530
1237032539136630789
1258092247087828995
1245757781124284417
1238123888460079106
