1245770838240112647
1253429935059791873
1239709818073554944
1254112194700218368
1251149590490787846
1247625242169704453
1251127953192255494
1250798329186918400
1247330836028051458
1245036915516112896
1249211830242881540
1251670407243075584
1267270993757835270
1262525651233517569
1255625812398702592
1246169856266899459
1247646972804239360
1270601503464620032
1254133319370969089
1247547796766539776
1259868012569640966
1256662031329120257
1264956428831383554
1236806387210113029
1245441438759911424
1259980991348772865
1238781463396519936
1255962581166063625
1241044370217975808
1255533050982776833
1240192338795864065
1245051319553048577
1249067667610198016
1238266092839190533
1239493489525694466
1246167490570391554
1266573358726029313
1244271949754351622
1239946892391395329
1240469489583603712
1267101900941516800
1253052879235153925
1249720835675471874
1249050019015151618
1249377292784209922
1240569222587207681
1248040046478995460
1252040723425263617
1254838489469915137
1238130938825097216
1249051037979328512
1242280463877705728
1252688423221186561
1253713318403063814
1237568375670198272
1251567841498804224
1240437391258718209
1246189391258816513
1240310484315840512
1240750169399975936
1249688828044075008
1248757100492226560
1246710251392360448
1252717861329666048
1246332335664041985
1246263049138438144
1239594822085881856
1239348447184146432
1244651698012008448
1235373686364008448
1256351268404068359
1248292109129572357
1253005078287601666
1240298441319874565
1244465026959892480
1258120678848499712
1253739313965260800
1249894365616648192
1248318901311680512
1243737727650144256
1250809845495869440
1243283393661599749
1235231920654610434
1236124751019544576
1243324682700492805
1267954195249934342
1235625625290866688
1238955091484442624
1253049009167634439
1248282314087583748
1245003943337504768
1245445367405203457
1237889967205928961
1246800350377586695
1252703648989184001
1247340111408267264
1262051574748233730
1242192030849253379
1257839092454260737
1239213603057807361
1246805448499638272
1246804462871732227
1252551492592001025
1242111728726544384
1250233064325857281
1239399155577106433
1246712072919973891
1245327648437534721
1250962497080905729
1237468242500780037
1235382737999220736
1254437091330740224
1237465447391526915
1253856760995237890
1248319108820713472
1243651374082076690
1254840200913735682
1261298142726717441
1258761437436051456
1239963249858076673
1254289355130179585
1243300323600535557
1256691677311438848
1239557303940022272
1245448837453336577
1245165190271901696
1249749116260954112
1261347632502489089
1240335675364425730
1245174909300506627
1252765952967675906
1246064576820654081
1253540596519665664
1252767309049012225
1258930322156257280
1262779971560407040
1236989233866379264
1255118045632225280
1244625167600492547
1253812720383725572
1259910520213311488
1260722229093990401
1258894496210837504
1258489045191208960
1244644867612999687
1243495515964223490
1247117826206445570
1250449015021469701
1255344033091792900
1236383598254710786
1248427229983330305
1242784410748977152
1247118663699836930
1241549789495508992
1257484004799938570
1257484470074183683
1259895469796462595
1243336470351486976
1255629310653804544
1248843832873103361
1244607881019830272
1263200391719800839
1240699529940234245
1244428544605917186
1253813491745427456
1242529706672619520
1244069791343816704
1255995395852906498
1235787925788528642
1269449033547952129
1236385416502226947
1254841442108915717
1237520683359285248
1234933086258745344
1242030657020268544
1243271120301764609
1254127317158203392
1248271861504409601
1247251902246649872
1241088145510277121
1247825872289181702
1264903876630773763
1249052934454771712
1245744287507251200
1263967925930688512
1266248628860928001
1241734207325552641
1245173978093756416
1244364152933621760
1244664430371225600
1263119660251258882
1247332866813460480
1250914940845604864
1243876070459428865
1243355360368287744
1247640808792227840
1255117061468098561
1247114540480937984
1260579063929987077
1257093958112612353
1253043823338455042
1251270796296806402
1269923565035454467
1262854355910303744
1237446553520033795
1259243657108078592
1244647867366756355
1239368165496406018
1249460537215332355
1247333458881454080
1248438125933690880
1252705036758585344
1255118453263958017
1244428529162432512
1257031267809452033
1245129353576566784
1246210149741662210
1247158213692227584
1244026383942266881
1239976730049249285
1248012906022621186
1256297943801397250
1262512506708393984
1252632130108231681
1237016744864231432
1236248050860990465
1238215376275734535
1255497240308862980
1251608771975163905
1245324197011824640
1246958277545603077
1252042590800789505
1248817669798866946
1244624347609755649
1245121756974714881
1260602122875351041
1244365603311419396
1244392698544566274
1239374678617198597
1239571615001841664
1248239252946771968
1255232904755634176
1251166514667048960
1266778982231486464
1245448046789492736
1236370021334560769
1238893287726972928
1237776016933879815
1245452298526081025
1243279730071273483
1255730472069496835
1245342064096788482
1243729794786828289
1245130474005168128
1244372439926296576
1250917376838766602
1245740519558447114
1254450901676429312
1236470162704007169
1251662388476235778
1245781764011888640
1241534150613532672
1259968587554533376
1259252560453677059
1252381660680577024
1238090674555293696
1260682335646814212
1245109457081847809
1249838605880758279
1249447743581491202
1248436112416108546
1259643477664632832
1256185293960630272
1249763202931527686
1242644639456387074
1238025239944192000
1240737769141538816
1241046402953809923
1236122459209940997
1254871734626537472
1241104948416458759
1262509248812122113
1240261570736816128
1244830605008871424
1250816924252016642
1235750484432089089
1244678066338578441
1247371081410846720
1256389817207787524
1250072660001853440
1250557688016244736
1266087716439146496
1249492936280203264
1246914258450837505
1252690340093595651
1242453102420267010
1237127204133392385
1246562657160900609
1252919650956062720
1251995760155074564
1247380766759231488
1245134424179703809
1241823676259078144
1245438494190850056
1250908798543450113
1260211455405821952
1236008620392943621
1253030366576812041
1242926958834573315
1266399500819668992
1260261764362645504
1253739474237997057
1248018887574056961
1252707518184329217
1244071173845069827
1252024527086915584
1253429842978062336
1256404094446698500
1257787610447122441
1249749012078628865
1264981994158673920
1248753100774617091
1245102682806812673
1242661872018632709
1247942826408718337
1264876707720368129
1237419829495320577
1237539498017185794
1262100455745892353
1248954175033049089
1262155986447618048
1241193672823189505
1263471681135312899
1241754725416153089
1244288147522977793
1242227994497814535
1236121363334729728
1236380905167638530
1248950650995650562
1254708972357107713
1236337902688370688
1260393897659904001
1255663818904080389
1263869774821568512
1250034802499207170
1235226002609131526
1260903989157285888
1257376740273422337
1237739429172822017
1255712564949860352
1244977972966088704
1239625280936906759
1257841230068809730
1258477897192529922
1253140016911564813
1246895989736247304
1245108729491660800
1236636959835074560
1264181433003884550
1247818836252012544
1241087871500587013
1245774379767730179
1248275847708106752
1241105526601265156
1249886891220049922
1237516944582086656
1246169202886615041
1244978371639087104
1242783937476378625
1255237158786473984
1245131030350016512
1259901526899916805
1241008029350404096
1237721482047913984
1245442667493933059
1249522246076502027
1252402721895809027
1266002947076509704
1246820668580167680
1262735514756698112
1240337157010702337
1249885739812298753
1254748232967741440
1269724658112303113
1259894450228264967
1266890796948697088
1258750372287578114
1246160682204217344
1259145974028656640
1264588291363479552
1254710311493472258
1238583885052731393
1237721246252634113
1248245145918517248
1254110697660825603
1260602681246318593
1248658884430106625
1243519010421047296
1246916673099255814
1249664480331681792
1256224424459673603
1247681105769238535
1264988367986593792
1251331277397032962
1247864901575553024
1250962248555782144
1247669687288238081
1250967379170988032
1241937720123031552
1238830042135879685
1237434975642890240
1261986597207183360
1244933577625595904
1246105950555009025
1235764315464007680
1251495242047594496
1253140985405747201
1236411517387636742
1254047145591812096
1246264854278746112
1249520380353576960
1249124809004535808
1261180848793149440
1238956557800484865
1262271586817773568
1255241097690955778
1238271187718987782
1242645382611578881
1236700505394610181
1250816123756478469
1262422048342671361
1249653125163745281
1269268789230735366
1243302117386960899
1266180395768430593
1245331896214663168
1254442321430695941
1257994970985881600
1263868767026757632
1264687221723938816
1242198676203855872
1263280083231440899
1266540715246485505
1250272627635056647
1241119888925655041
1239623729166127104
1262225623633874950
1247674945624313856
1254871442023501831
1246863565849493504
1239268325680721923
1252602441331355655
1245933454300024832
1238310055151382528
1255481362485841921
1240380797653094400
1243127760240947200
1245125614035767296
1250200523132846080
1250832708974059522
1251243195561844736
1245174511533797376
1237151972890947584
1242853582233272320
1256005622069366789
1240302378534023169
1240338736501719040
1248382362569736195
1257839449012084736
1253719728834719745
1249541604219785216
1239809541442809857
1245723920608694277
1270383576136257540
1250540500597329921
1244423194347536384
1238584829266067457
1247606235689627653
1253545489666105355
1249792323468374022
1238588018224758784
1253860915054870528
1267552990921195520
1237856016290574337
1243331049368760321
1237414687534391298
1242542996832301063
1244435400363515904
1258787000104222720
1243885135730262016
1249500606760452096
1243368485545111552
1250821203507449861
1238635961568890886
1245046197120667648
1242165926801412104
1252599698982084609
1237429318822789121
1247280179984072704
1262083096268210179
1261295376528748544
1241598336777564161
1243695257851658240
1243249351478083590
1261376510826409985
1254572188293894144
1249793197343215617
1238559567514042370
1238302411808276481
1241516344044064768
1248752800680554503
1237141603967475712
1237142760999849987
1242746730359263232
1268597436043452416
1238940632837697536
1245633229022842880
1240518389539508225
1238297218412617729
1255127811326709760
1248987166648217600
1244789876542910465
1265927630769008640
1250917956843966467
1242539660066328576
1243278433653854210
1249542979468931072
1246948728977620992
1247548582380568579
1260722559596859392
1248680004524834817
1247632436734853125
1238201082213515275
1254489015228735488
1247939545284444161
1266721411025993728
1243237885219921921
1251148448490901508
1246106394874576896
1235306023986098179
1257751045616414721
1238448042417754112
1247825390254596096
1239350847798153217
1244060216561410049
1248577407675760640
1255258825243885570
1246140663730708481
1250791228121194496
1250954231542054912
1238865642830188544
1247220025322283015
1247378072967487488
1254403474487480325
1248440917163495424
1257826418152673280
1245434649263947776
1254844012420304898
1243855908263866368
1248942843969880070
1240420009282854920
1256357522283298816
1247181651970531328
1259859473117708298
1251935766986530817
1261893413777158144
1265039156469805056
1266653063625965573
1249460624859561985
1252310047973089283
1239975995660046337
1247821198937018368
1250088032142794753
1240944217624641536
1240875061965467648
1244078994309423104
1237778060751110144
1246168378634637312
1259893215110598658
1260471962910035975
1249042646221369345
1239264609418313729
1238822877094387713
1237168914276253696
1249794705577172992
1246031107801432065
1240383388500058113
1249049651157884928
1243362953811746817
1244651311716536322
1252930068550242306
1240609111072321536
1249832122690473985
1255232322988802051
1240307761210175490
1255557655361454081
1239977913203724288
1255117705914523653
1238587700086632448
1265381708750295040
1243308116835553281
1252933988609556481
1249913982607073282
1238203412195532800
1253048529062440962
1254465706076372997
1241010194475343872
1245423467022999552
1258944690826723329
1253431321310846976
1255652379460087808
1236364357900087296
1240823864336109568
1262406116505419776
1249893065671626754
1246500299717607424
1260361847921946624
1250819995401105409
1244363169130135552
1239958878676078593
1239000523820486657
1241713311856635905
1257822417272991744
1261661844139360256
1250477659550859264
1237535343894622209
1248643819945558016
1237787379366342656
1238169546722283523
1247608972833705984
1250908312637452289
1242086599485202432
1251148909923102727
1241419335429734405
1238199108701224960
1236289639591350274
1245163264922849281
1238303397499088897
1238558908215631873
1255982356009226243
1253718553141936131
1239490341251801093
1234933537633185807
1247169756001697794
1249797422408257536
1242192224068255750
1237039193139879936
1242952791322230785
1246519522393284609
1250988424749776897
1250071479720517632
1239601198333861889
1262388073423351808
1254449371007123457
1265713791909736452
1261050643835498496
1253428448099364871
1247403831132065794
1257056992801275906
1239351129013719043
1236830628903092224
1260205018919157762
1249760249017511939
1249690203096219649
1270383823851847691
1242446824084049920
1262785164633092097
1260160921865007105
1245891807042580482
1244080914482814976
1237149519873290242
1238741770214801408
1245142632453541893
1241030267508269056
1245524435869806592
1256299068671668225
1236868239420002304
1239779738471800832
1235612053429248001
1244795496889278467
1245068809876254722
1240983476188389380
1235004418602479618
1263827943807123456
1265055094480998400
1245780227529281538
1240303525734887427
1250458161372422146
1250920842541912064
1250777751327514626
1246203461336797184
1247173761230610434
1256661491790614528
1254431147284709377
1247489774711160833
1235681875496251393
1250334491156951041
1254873963316097027
1238309688594370560
1236638072755957762
1257807334585368576
1243732201738514438
1236426270164103174
1244585331908849665
1261684099435114500
1249692252286394368
1262460736015646728
1249377829642371072
1247120830414413825
1237184065322786816
1262889863646511104
1241530241262202880
1249379339336060929
1249039165049778176
1254511270029660166
1262702042050629632
1241527841235271682
1251108632537772033
1247649772602875904
1238588852480225284
1262738373896286208
1239662366406688768
1249793227093393409
1239213108301893632
1270131824656867335
1240755335549378561
1238663860510429184
1242198043019091976
1252211599340982273
1264876536638865408
1253509852367904768
1248279700918673410
1245133937917255681
1236271052436779010
1255713991348891654
1241731791192555520
1238337616686338049
1263436818067927040
1245865306074972160
1249722912774520832
1250089177213014016
1249831940427067404
1255374093211389954
1253444541836857345
1263217416739459072
1238797062122156033
1241200551288811522
1245713561848098817
1253311539899174912
1265127355263090700
1241119732855713799
1258944959295741954
1256406625058992129
1248253311070998528
1235172542228434945
1241633824846622720
1258079765191364609
1257782948138561541
1263509683807100928
1248239457050005506
1253719327641145344
1246088347279331329
1244623206885064704
1239575641651056643
1245741672643694592
1258630119549292544
1240096582332297217
1245132175827230720
1247635054672609282
1238269512027443200
1241823571971919872
1249722791865221121
1239978168884375552
1237182273964965888
1254112778031452162
1249744908656807937
1237833155194880000
1236190379680116736
1242584858733481986
1250810916314198017
1237417059228811265
1241559778654064640
1245163263006068737
1254443336716496896
1245102751849361409
1250088762803134465
1240062822891032576
1252274290122207233
1246184050500472834
1260902947875061760
1240969151709052928
1253382969424785411
1257711283744505857
1259429615329738753
1237815331340591104
1241014437659754496
1246399636862107654
1251476561477451776
1248626777305444352
1246202644017942528
1268932105733619715
1247384097242132485
1244947788816924673
1238309733171441665
1249796093380100097
1237439138577526784
1260009123287990277
1236825698192498688
1241801173725839361
1242080924168265733
1242944938788229122
1241935433556209664
1237832837967028228
1245436197347962880
1261052933484969997
1250244833614204928
1241529587617718279
1257037655264710656
1259605874445697024
1253748531569012738
1248038529696964608
1237809030447456256
1251894427146215425
1250524728776888324
1243868089583898627
1245101082956771331
1247503250418532352
1247634310464667651
1251660204615372800
1245550871997546496
1261164897213218816
1263968818893860879
1265733499241279490
1241817563979530241
1238826309385584641
1239254631156514816
1266179696502484992
1234992718247424001
1251158342023524352
1238554080676642817
1237084587479760898
1263881370176192518
1245740101847715840
1251495354975092736
1259925191485947907
1241012906600402950
1250557473292984320
1260214345709035521
1249752778194522112
1253895711814492163
1258758144399982592
1249266734185492480
1262285450171101189
1252549092556890112
1244440015029100545
1243741423553466369
1249723603354112006
1259893583408177152
1268894897064607746
1244810494755721216
1242589615728529408
1243582980888711169
1243364517884465152
1247664411357175813
1242108564614889473
1269292683937243136
1239190037633400838
1238666293852737536
1256980849456754688
1249908995546062851
1242128214346121217
1245067999914188800
1253812634400350210
1246182755295207427
1262649113017016325
1239871567858991104
1252663040585216000
1238660495441367041
1254879063614906368
1259957203059998721
1244831257155928064
1256956872311091202
1237154714912993282
1264969854366502912
1237888305942781952
1240464966442012672
1265394856647671815
1252526843330207745
1260706436516057088
1244629141707726848
1251471452089585665
1255116134128521222
1247337412990296070
1253364708155031554
1252675290591084544
1250773341654441984
1267611667120128001
1238081160833634304
1244271202299977728
1243336175193972736
1239996996502593536
1244951423130927104
1237773231634944006
1236634548542345221
1268212743858982914
1265331913113337858
1241216270969851905
1241820725717188608
1260680551717122049
1258865309131440133
1247224479912275968
1247221807578599426
1241522381434359810
1248242944001310722
1245731906513244163
1260625070290079744
1238945251924074497
1238657628764549121
1252520015892484096
1266007418586136576
1253711747703361538
1265712774811914241
1267151839985885185
1254149645833588740
1237050075446206464
1241721828550344704
1242441240819445764
1243354491254190080
1266341213386522624
1266588948199022593
1248386715598737408
1251145335973412867
1244972927713513474
1258755707844939776
1249378654271836165
1239740632417087488
1236266763156848648
1258123793039413248
1261068824448811013
1238799304808169473
1258801086628061192
1239957805886570499
1239535925933355011
1252595705828519937
1248239075422875648
1243745199454662658
1251229214860247041
1240421535908757504
1251231418463793152
1253426557583896577
1247663527239847936
1252370950852505603
1238138848842059777
1249403087971852294
1246188841079377920
1261198224712499201
1252944446943121408
1242649483290296321
1247394046760419329
1259430362654138368
1253737863260319744
1248387973369827328
1240401898940895232
1245420065404616704
1239214486260776961
1259910884589174785
1244953400141385728
1249080540613021696
1243474250591240193
1240951088628617216
1240468680628199424
1267128742629040128
1249842774054141952
1244373178069258240
1258759484299710464
1239524673408425990
1249762095589097472
1267102913878470656
1249458168884854785
1257417340226076677
1234989255052513280
1251344517523005441
1240641397591552000
1239629005751533568
1250913014519402501
1249517168120811520
1241705773471862785
1252833946624118791
1237929126150930432
1255984925154689025
1239302772480245763
1238825775048142849
1266342538446864386
1257540120661708800
1247429265114660864
1262811028729069569
1250777637380816897
1267890123666010113
1240554028678905856
1241869494764605440
1237931679559421954
1239874761498300416
1241753668933881857
1253154405421125633
1247376440104030208
1238971293527166976
1262384059445137411
1250915653093130242
1236988683368239106
1260315672816615425
1242744881124126722
1252404234328276993
1237512246902681601
1240303362777677830
1254494148159311873
1243283382437588994
1241248297056174080
1240383411379994625
1244051397882118145
1244449728735121410
1249217154412695552
1270017156206518281
1249888057643466753
1251702340266196992
1237818320994344960
1252238309767684096
1248350676180185088
1238607927335936003
1263821955750297600
1247280118940270592
1242645976873041921
1237165685895090177
1241011154194923520
1266162841943519233
1249055029018886145
1247671883908202499
1243979198693142529
1264740056826286081
1235717737244168193
1255476648289488897
1267128080864288770
1245863647647162371
1247326329240006656
1245140391172636672
1259800184575397888
1259139052831465480
1258971481863790593
1247662947142455303
1257301389509877761
1238606363577769992
1235624898921410560
1255928941430349824
1244392061480185862
1247282277157154817
1255194869385113606
1235744465073115136
1247670270502023168
1248303077876215813
1243731324910911489
1247670347408826369
1237111439170641931
1240713433697288192
1236485617086803968
1245041570107330560
1257039285880066054
1254648035176480768
1263507715478958080
1258123255401123840
1245133089652817921
1258135000379199490
1261771199329304582
1248316378593009664
1248595202710867968
1255555673091383296
1264233945408983040
1247453755773259779
1255610895574675456
1254175043657097222
1242533079069188106
1260270900118794240
1241553341160787968
1235853810163056640
1241241290433585152
1268306266461437952
1261259817114652673
1247286797555634178
1263127467742674952
1240821681209274368
1242939162568929283
1262169580249776139
1267415568463822849
1241546196067454982
1235719775197765632
1248576536493674496
1237726965295198213
1252371518744453128
1244570341982318594
1252819835978842112
1261783839896145927
1252566799314571264
1245794498195722240
1242952486203330560
1258846782265663490
1258918970696097792
1250240630015614977
1249447647951323148
1257641718721261572
1264230000443736065
1264230643090817036
1252378806536384515
1240475185343541248
1249362607548571650
1242498898452721664
1242374711469883393
1251231112187305986
1244759544066170881
1249062008793726978
1245304825706885122
1237823898584059910
1238077369836957697
1239385637628805122
1247517581348651008
1236373695695855621
1259142094817505284
1253011666331205632
1259298023315775489
1244579640460611585
1241653143710117888
1256532959227793411
1242958688140353536
1255536371109937153
1242528484754415624
1259925720517787648
1264709203534458880
1235897653768011776
1239781294265024513
1269268878170996738
1249232211284504576
1244628944701124609
1238132767290019842
1245331222177501185
1245264851481645058
1258775261723713539
1242986042061447169
1265270240491057157
1244391001298526208
1238877034140643331
1244998637400272903
1244996315471384578
1249377375298740230
1265455937428619264
1245441556946927617
1243366724247810048
1256877923438669824
1264272668087463947
1247256198442860544
1243729020954578945
1250908037608624129
1254109291944050689
1258480565419982848
1251161269970714625
1235933000619167746
1250962106544984067
1261966938915381248
1240632794658803713
1244321509650452482
1252483785360277504
1245239020612915200
1246555961097142278
1240300157352185856
1246556249933500416
1250275922889981952
1245030897855991808
1265779865510445060
1237525552182902785
1242493111215030272
1248406380521742336
1250450044974698498
1241801200791621632
1260680329989443589
1263205801734389763
1261658914191486976
1243880230772715520
1236381554034847744
1242644513698562048
1240421695606927360
1244660387871678464
1242426660227559424
1248734186095116290
1245865307513606147
1253385110646337537
1244388584808906759
1248278567294828546
1255116694562930688
1249732299241009152
1248717729076596753
1242819421619523584
1236384565708685313
1254557598864588804
1236393536150482949
1251132259232555011
1250142933828984834
1244765611521183746
1250087484144435200
1243908350426976258
1242987912003604481
1263522812603650048
1239332456014249985
1259531012788424705
1247681428105691141
1264330315402788864
1254582650674860032
1249057615725965320
1245861793039126530
1240416368232747010
1236501553680461825
1255891562292301824
1257093015048466434
1249377167923961856
1237067695113277445
1250987226495926272
1250794565117804544
1260577872651132928
1262485944416047104
1241825542489493505
1249798798618038272
1246141046137987073
1244627118652301313
1238640066039349248
1255648236448219136
1247634312696074245
1260287845559828480
1249373320111247361
1242443852893618186
1244623035354828807
1245863449101361152
1242771987082117122
1260525638135492608
1257286811421990912
1247227424422670342
1242502621170188302
1235624508209287173
1251088411211051009
1245866991400808450
1264692701380788225
1267623947803164672
1259556133469118470
1245328286001086464
1253066762767216643
1241744775923019780
1268913416271474689
1240420854091087872
1255160886869753856
1252733935429263362
1235701890177957896
1242439491203317760
1264180542972583936
1247121048774066176
1245865313033306114
1257827101849387009
1242522017695502338
1243701878547980289
1243491777266540544
1239642137324589057
1247234193261813760
1252644217140195328
1257075190162501632
1250993526986477571
1269211504206909440
1236761554357489664
1253859927195627521
1262199664889204739
1246604527886897153
1241013212788768768
1236783242910543875
1243493721779376134
1241537206730326018
1250782531768762369
1261726466225639424
1237364452393201666
1258072417248989186
1242528990226767872
1241713180474310661
1249042511982624768
1240821362475876352
1246603188771401729
1253412388662939654
1241191682885943296
1249809146138025985
1247828787192049664
1245874109671780353
1244321538138091521
1254465411116138497
1242927991308648448
1246063441258872832
1244741397091160074
1249384788227772420
1255237378769387527
1255628473407803395
1257708658466664448
1235287795171831812
1237893960481169413
1235192097042583553
1246397498819776514
1261823212700291073
1265678544291729408
1257022048297201664
1243909833918681088
1235309364224954370
1245135170350518274
1250083424649580548
1239305348676280323
1245134226929917955
1245584927422210049
1247864079504543746
1250967934995968002
1238957966893748227
1246105133257297920
1241574316900257792
1238958965083553803
1240824475530268672
1245195900487700481
1241740893532704768
1241126898194923524
1245038690063339528
1238682878185295879
1251266703012626433
1266734274910314497
1257471976676958209
1267991673537208320
1241897889590325251
1252628441867997186
1244372822635487232
1240419254568091649
1265457745551069193
1241894035175940097
1246240497498238977
1253896331996913665
1246794955986743299
1243498175933091846
1250390828998103041
1235934737786703872
1244440705742917633
1265644805834629121
1242427919311536128
1269233591223029761
1259899541664468992
1262113245260849154
1248595708640452608
1261793745319735297
1240730668960808960
1255546484386390017
1259567863922393089
1244297187955220481
1268678969769033728
1242742922094788609
1241914761001959429
1263977138983665664
1241902948084592640
1246929662711922692
1248276980174393352
1246854358567981056
1250026311948664833
1252597926213410819
1237722507240714240
1250868111282143233
1258566965515431938
1242556538868432896
1246866320471269379
1262913161537171457
1247227444471517185
1270020932485201922
1250993662886019079
1251581705527402496
1257690206750244869
1260268536401932297
1251539639577477120
1242108330522394625
1262404550335619072
1240809101946499072
1236032758805344257
1239749881633398785
1239543118946590722
1244702954650771457
1252748226127691779
1248756109931876353
1239541935280394241
1249285400620908545
1252651038013865984
1259137001992970240
1255876296200118274
1255169352682389504
1252371531570671616
1255290311342989312
1261151267600162816
1252370870263148544
1250452853782654977
1242028626289229824
1251154446584647680
1247369619049832450
1236975816690597888
1240438469064785921
1246558612790693890
1243620696447758338
1251131766842195969
1238536792942485506
1242644401165393921
1245130007200043008
1247232007710683136
1254545844453416961
1240771106291712005
1249401571198341130
1256006669827481601
1240165260478332934
1249492124489392128
1259920941519437828
1241574923866443776
1239264080776626177
1242102844968370177
1260671584261541888
1241776669213577221
1244255710998867973
1258558274443583489
1255559396282826752
1257982060817498112
1256238219814977538
1237568130685087744
1245547019164360704
1254444014637666304
1241917174052270086
1249737227694821376
1237650274967334917
1259565210597240834
1258087221695045633
1243906184538619904
1236815302672990210
1249806230916382723
1267591804083417088
1250587009049133056
1236397648023822338
1249689805040074754
1249689962854916097
1240227352858279936
1240955089638117376
1240419108090523650
1264521192196714499
1247607362283847682
1245650698877849600
1265955687194136576
1243383657580167168
1243726973383442438
1266740083987800065
1235044450381877248
1252370555719696386
1257422511182098432
1239334855663640576
1251211081206415362
1266142252944015362
1256357782355415042
1263108762707132416
1244765005897256963
1262033133223972864
1237209157331230720
1247610711750180867
1260288182974808065
1252753164366987264
1245161001554784257
1269355272910315520
1255643070172823552
1252704940453244929
1270060011658584064
1245041265835683840
1249664392221749253
1248206483118067713
1242931094351040512
1250908200272048134
1255564497349226498
1239657150428909568
1254064671361032198
1255105404381659136
1243909466334035970
1252319478823739392
1256399913912500226
1240068257777954816
1244675573064007680
1258188717837123586
1235755333542436868
1237167729565630464
1248997297368764424
1247247452270473223
1240224963409448961
1240253612581883908
1237411355889721348
1249898444350775296
1244958167949344768
1238607730618912778
1242244728193761280
1240739251513372673
1244690357041823745
1253011868429570055
1260987386630148101
1238436691318374403
1245021018424475648
1240830964722532357
1247417015893143552
1266728525291282435
1245534191841837062
1251124725318901761
1241359241178423298
1236396428202848257
1249420957644664832
1247255014181085184
1260711248234254337
1252372397375676419
1259981658972999680
1245439663898349568
1243266587345539075
1250811485066067970
1244856001385414662
1264309076315590666
1250225379551465478
1248279371368091649
1242465713819750401
1237265415568535552
1262576514836705280
1248282024147910658
1258169724313178114
1240423653734584320
1265649721311404032
1237146690978754561
1246088377583259650
1252097732535300096
1256214885395988482
1240380294391304193
1258581084171898880
1235570752968994816
1245714693232132106
1255155609630117889
1241558333825388548
1237723224663826434
1237812449748955141
1245714970903543811
1239020763950309376
1239648818817351682
1248989131193155585
1238054892272582658
1260256205500489729
1237810764423012359
1255849247997595648
1270488215137456130
1249933876732051456
1241230261708304388
1252369346661281792
1262200504932851712
1252370049936920578
1246488417896206337
1244037022744023041
1240806355381952512
1243743508961341446
1235309522492829696
1237926507844157441
1245617455340212231
1265074453026873344
1239003031108308992
1253335014378369036
1237889854018433025
1237889965343694849
1245371328829456385
1243258853283823619
1260008946456162305
1238884119599370242
1242644972836466688
1250245638031368193
1260650015208296451
1239958329469865984
1240137024998445063
1246088615790247936
1239689620788523008
1236672415205404673
1244023822552096770
1255100543749455872
1235714690971549698
1257124088612556813
1239210008581193729
1237411637516255234
1244425155536990210
1241555984742416384
1249985752651329536
1259919360627486721
1240384152182181894
1234919158380400647
1266104322888269824
1247586373244276752
1260228300955439107
1258804810083696641
1247184880485556225
1244676872123924481
1238436292075098112
1254765902966464514
1254391418774265856
1247250501495906305
1256311629773336576
1266165951155879937
1250584394710081536
1242578896400285699
1256716058217627649
1242252610893164545
1236986762481872898
1247352355764535296
1255116596005294080
1263545980290555907
1246878884605329408
1241420956469547009
1263978147428601860
1250458697530257409
1237723912613617665
1246810506385666050
1250367042609438721
1241191033184157697
1249798669257375746
1250230894553686017
1245783858500587525
1265112138844168194
1242464557177532420
1252258964567457792
1248058885958766593
1241901072173727744
1257779105707114496
1243162559848611842
1261397969900879877
1243224968378355712
1260612054907486210
1268909406588149762
1250488793842552835
1261403045755117570
1260813227354664960
1248349484863631360
1266348017038159876
1242476271017361408
1251144114818646016
1268241755478114316
1261847944153759748
1264051374565855234
1260710637484851200
1242436604393926656
1254234432988491779
1239667156687761409
1254462446217113601
1239005185411895296
1238871582577131521
1258083414412058625
1253052681003950080
1257698642321965062
1242958213986889728
1245115359226671113
1255768612599726080
1254573202803773441
1235899552093425664
1246269758946885633
1250260723592200193
1262486280144859136
1245506066856775681
1259923829289254913
1251307223139090434
1242438569513365508
1241430560720982017
1246962669145464833
1261347316117585921
1247666964824305665
1239639923747160070
1246877007641804801
1250776319102681094
1265649879830990855
1242413041809076226
1248326709331595267
1241390634700869632
1237926244785819649
1254543632071303171
1244679095717441537
1245091243627024384
1250204936622747649
1241775145800384516
1237343892648996865
1258065634258235392
1245099807741534209
1252265348386226176
1254144933369466881
1247173857187790848
1260666532717346821
1249653474679275521
1258800714006122501
1247485118048079872
1255997851961905153
1244610454518992896
1235325149643186186
1243293289220112384
1255673900731596800
1258147737822015489
1238605775242657797
1248422563912413189
1255270621568786432
1237152331701116930
1245463458281381889
1244003102874894336
1252234553365688320
1251370208532615168
1250225786159804417
1265423499298066433
1247614972294623232
1240283871230545920
1245192583766294528
1246519846147366913
1247917585565388800
1245465321051389957
1259341094808162309
1249525188733042688
1254047393315774464
1247611367697387522
1258098311170592769
1248767673330216960
1245073927338110977
1249453562998001664
1258502658056486914
1241120143658422275
1246508738967633920
1257639993637572608
1248102092637720577
1237145077224521741
1237394681605980161
1239295595585527808
1237365416978235394
1262170465872875529
1245200340909162496
1242109935871287297
1236447134217617409
1244831486202830854
1248957302645948416
1261347605700886529
1237536822672019456
1251044981961342976
1241992887732252673
1253635574570901504
1261775784966053895
1238667633983135746
1248353327223627782
1242646138546765830
1255603930513506307
1249008005364006912
1251211160415866883
1238090551284641794
1252218865288908800
1235702362813222912
1252175038792548354
1250282961166938113
1269408814769623041
1241387598402248704
1244996042220765185
1236017925577994240
1238563376021766145
1260260710199803906
1250813365083082754
1239641844188950529
1267819301307731970
1250748987835113472
1241904254891294721
1255838797541134336
1236338518198272000
1247183145507717124
1251517255671840770
1255115620145868800
1259300266215641089
1253348849613254656
1241501659701837825
1246786709473427458
1246275085306081280
1261960280369700864
1247297520335835138
1255503265434869762
1253658804027297793
1251574260012929026
1250246519804047360
1248066296085913608
1252261810251718658
1239746170601246725
1251195925646716929
1237434975743627270
1253544586003300353
1258210829578711040
1235380914831712256
1242147773325234179
1240084168580743171
1259924512365305858
1242771461464625153
1269454677109805063
1241673586991128576
1248096464796102659
1245837540688416774
1262429251745300481
1251794393402654721
1240777154360721413
1240276215904251912
1253458845118214147
1247880108930732032
1258157555395760129
1245102521401651205
1259146743314341898
1239615080175734787
1254151644268433410
1260201927813537792
1266365074178015233
1252750405416685568
1267183138104659970
1266769469654925312
1235584458356600833
1259157184505667584
1239203162789228546
1244765693163311112
1253895559414415361
1263284370212892672
1238498842380775425
1235194138066333701
1237107831662411776
1240471784203456513
1256677411879616516
1256327619697446912
1266790406471245829
1241755924127272961
1240037169432899584
1248747389910999042
1269367336961744897
1242147769042812928
1261977891543437312
1253449044434788352
1249681523089051650
1248642364958289920
1240014185536401408
1251229874251055104
1245588250615377921
1243267128469397504
1263509413651939333
1249449762522365953
1255221108447510529
1259316023620141061
1255650622440902667
1245912033704521729
1243164162068488192
1236495938388209666
1261725044516012034
1255105453035597826
1255534988696662018
1249037431820738562
1257811444097261569
1237549534193963008
1246382405801345024
1244773471638491144
1240768804784873472
1254463906791251968
1249074506452230144
1247190328555253760
1262552009351233536
1269704412437647362
1241864508102115328
1257634206550761472
1239204882604834816
1244404568693276672
1244405020000477191
1257243465114673152
1246847056490225664
1258432920429170692
1248620012526391297
1268213955492749314
1270454898090442752
1246382290500018176
1247187178829930497
1238901056207294465
1259141436638928901
1240078866661638145
1240977662652399617
1244039121787633664
1255607038677266434
1245835435592597504
1243714716024942592
1255519365748985863
1247697552939589632
1242096669539340288
1244454624951783424
1260346682329440257
1265840992348966915
1255528879030222848
1239779406664663041
1259719702386892800
1243213018407862272
1261293120299372552
1256268240445153280
1257714050890436610
1255530028051443719
1246425545174368260
1253025745586270209
1260765343305412608
1252198328441470977
1258851485909233665
1247608346716315650
1266868680907948034
1244053492345552898
1254477901501775872
1247188043783647240
1243139310750236672
1259891685519220738
1244630754958757888
1253056722756947977
1246930241714630663
1245347219542347776
1253779460307988480
1260278966235119617
1236604085232709633
1250919075942981632
1259806374395076610
1246144206558629889
1240679804887842816
1246498295633063936
1247850361274204161
1248784411702812673
1249862141773074433
1250535664510275585
1244724851723599873
1251212219486015493
1246176968816635906
1250914523344711680
1246433073878765569
1240037754744049664
1249738822910382081
1242999380619268098
1248630611012734978
1247603201647534083
1252272317440425988
1246552251981856770
1240070511457193984
1240949365281259523
1243366126010028032
1244586311769452547
1249819023266795523
1241048064187645952
1243292308809940997
1251124641957138432
1245713965012959240
1263129816087375879
1244075700920827905
1252217761864003584
1252702966353707008
1270194822981312512
1236403894059761667
1240851206475583489
1253525661135835136
1261343118667984898
1248995657261645825
1237838075960725504
1236464428129890305
1248996906770014208
1268624123695116294
1235175269205528577
1246192394934063104
1241462620831526913
1254029261444468736
1251183536884899841
1242273745055748098
1269468559316574213
1269415165256179712
1237915434759999490
1241033414993731585
1248298368733974531
1260608022474297347
1268902196378206214
1248359997857284102
1244770219077271552
1249856166743736321
1249481962080931840
1246432952067723265
1243999123583500288
1247516113853911040
1240928924818956289
1249249502399258625
1254051782629691403
1244360145167056900
1236665513201319938
1250762534363299840
1248279795705827330
1246271116680859650
1248252488760741889
1259943915735650306
1242443229812994051
1246936081133600771
1267487493814919170
1256653147109556226
1240440591462342657
1267421712586551296
1247521406394355726
1255159753979936769
1260342140787359744
1246428276517744655
1255133476048666626
1261355706869002243
1237107894933491712
1252916665936949249
1236516634677972994
1250896618926243840
1237504493882769408
1238091742580269058
1245247797739347969
1245351395978608641
1259870786661298177
1270495268342022146
1248356135108775938
1244589099186556929
1256973007333048326
1247217340091183108
1254221722540216323
1242246097730514945
1248079137908183041
1241444716111179777
1263090584916561930
1243507092440432640
1255301817375821824
1239955088258387968
1248608964608024577
1241339766664302593
1261427175200342018
1252734586532044801
1243732821107146752
1246520474881929216
1259548470874181635
1239735476078219265
1246934186897870849
1247129615962984448
1242920167144857605
1235602390633463815
1246157544437014530
1248280118478462981
1242052864341663746
1263648358675165184
1250986769115463680
1254176944268115968
1265328330791927812
1241339987930558465
1258164230395748352
1246813642739286017
1247317772910186501
1238111469696253954
1237917521052909569
1247686438675722241
1238112691077742593
1249336881818591232
1249803913311719424
1259155013957533698
1255930754045030401
1239332598582775808
1268725446310494210
1243999621648613376
1262212341913071616
1238228737499508738
1246437780718260225
1255548841249685506
1255187475728945152
1259550055071199238
1244292476527149060
1254078723751653379
1249185947587096576
1235971882677088256
1260877527851114497
1248629913327939585
1247616052961382405
1250847552548810752
1262175397996900353
1254524435488440328
1238471428607008770
1239162939405414405
1251908564752490496
1266063032851009536
1245861222865440769
1253490524322967554
1257851268212690949
1254830898270408704
1241838259073945601
1263578015142985729
1263496438186729473
1247289138052837377
1242931973913546763
1235332441465851910
1249984577684287488
1245831892458336256
1243293112472088576
1241724361893122049
1242409306961649664
1250951666599432194
1236715727727529984
1242902033855926275
1236339101202292739
1239726827192684545
1239746428735492096
1240430919934189573
1243495142574743552
1259185148001611776
1259884678548525059
1257693361793830912
1246227913965436929
1240241656017928192
1249112574920028161
1268696618146070530
1240081235743051777
1250032867780026373
1240628643199692800
1246843524320055296
1237710406690496512
1245865302589505538
1241921822356094978
1248579676739698689
1249876790077784064
1248931379712311296
1244000063963136001
1244588457437077504
1252324250159104000
1245158131908390914
1244883513205293061
1258779710613524482
1268954648817344513
1242439407761833989
1242646754572611585
1250622961171734529
1241938907337576450
1237897437026516995
1240993733040111616
1237724072668213248
1245823814430158849
1239562785509572608
1253482261850337280
1242846543222378497
1247506560911396864
1240633076407025666
1235621968600281090
1241922957783564288
1246742786403119104
1239587810639638530
1245900002582462467
1236112633050419203
1240038025658281985
1237395233949626368
1240076057044226049
1269694375342354439
1255175443990315008
1236080095862894594
1236654513269981190
1238530667895496705
1269698310585167874
1253470547054338048
1253825612080459776
1246834862507675648
1253293309298126849
1250191138524463104
1242618098001367041
1264924589164986370
1269343852495867905
1241921815158624256
1255870701837443072
1251511911730106369
1255907400453890049
1255906100571967493
1249848157204332544
1244414794565857280
1236241171028103169
1255633006087241730
1247163347931475968
1240089585998278659
1237420433730949125
1242959991960723462
1262880761134436352
1236318267515572229
1237919151831867392
1259256886454558720
1266867031179251715
1263979085514014721
1257752207279239168
1250763084764983301
1245882612360634369
1260240159842406402
1246626808805670913
1259513726300033024
1252246594944188416
1249732529801879553
1240038450738405380
1243674547871797259
1250839232610029576
1259981842754818049
1243947325405433857
1249436287913910273
1246259172984918017
1263626922115956736
1246587268875288580
1240679948173619200
1259988143182413825
1248361685792043008
1262394250655862788
1259948954122420224
1243058372024373249
1241501700369809408
1247318762413608962
1237505399110205442
1255131563500564484
1256678688562786306
1263114705222189056
1250102151612940289
1246607445532774401
1243262467481927682
1255138953964818435
1236764383734378498
1242076180079161347
1240224663936122881
1249548418827108352
1239733778165182469
1242270484097613824
1238530635444215814
1248583736750415875
1266146177495511046
1252611845866893314
1249687833633316866
1247325146802782208
1242848907211747328
1254143757693353986
1260918368292478977
1248580068743536640
1237118210014695429
1251556731282427904
1245310066020024320
1242903004736454656
1242048114111979520
1266842713711837185
1252980578888138754
1252124209029013506
1245424784416088065
1262204212752068608
1241508990837764097
1239304618120826882
1236478653585858560
1239253644727529473
1239923638180220931
1248728012192874499
1253482082866728960
1244091032716836865
1236996432198086656
1242965491838324738
1255188696619454466
1244071620291047425
1238044753436033024
1240996399669542912
1252537913340018689
1258468983893868546
1246270225609359363
1243496529484288000
1238491228288749568
1256957093774385152
1242238387551186946
1242654706985566219
1240804313271873536
1241510349721014278
1254041203378716673
1239955271658676226
1238837563072315392
1239252605014102025
1235343836911677442
1254117841273524225
1255901452029038592
1260582959645708294
1244978140079951873
1248994809714524160
1239547941632856066
1238156104397357057
1237117352015265792
1241884941669011457
1254366463353389058
1236693377413980161
1239667614915399680
1248770560567529472
1254822006207496194
1261701864661401601
1242410211824058368
1243547110290657280
1242074915064418309
1242237548480561152
1245392215146401792
1239328462990725120
1245450796306698243
1242156388073328640
1244320304991817728
1245023283218649089
1244997598324445185
1239241272038211586
1258682924024676352
1252245374804377607
1247706127837671424
1257367217408270338
1252246291565903873
1239365502310518785
1238149473127280642
1269651726086352896
1246185785159811086
1259730695972442112
1235742547739201538
1247322233602748418
1241944799487426560
1236074670845235200
1259816324630487042
1256600838677639168
1253139959034327041
1262490681051922432
1242648763958808577
1245872066198470658
1245466652248064002
1259276155984777218
1245348251324334083
1254043353823444993
1246440129385893888
1248066068737921025
1239122708534829059
1245377073364992000
1242492654648266752
1245648428048113665
1239921630404542466
1240003766184706055
1260040853776711680
1251539511005380608
1235105303185645568
1239202717999955978
1264386910195273734
1235886557015552000
1248612532895371264
1246591627076022273
1255658765682200576
1235606508408365057
1251908119652900864
1240267734786748416
1243871782857252866
1243375220146176002
1241024966629437440
1236038126767878144
1243212908168970243
1245750026355249153
1247849390406066177
1241385873104605184
1239165187313348608
1254092427448762380
1255637416485978113
1260189805729759233
1252414740422254592
1239182164719263745
1263150402725384193
1245156220798939136
1240091194081734657
1250491017838682114
1251211599496597506
1263179486448750593
1244762343076175872
1248022772346953728
1239665604866514944
1240805726366371842
1245115811603324933
1248090309159862272
1250916662678880262
1237913598090973203
1235909567122464770
1236342494679490567
1260648091536945154
1255175115777740807
1238091765963423745
1236114822405730304
1236306358972153856
1245455998577455108
1251205667429416962
1263236960572903424
1251577548007505922
1244727716231905280
1254737469716729859
1255151468648075265
1246446924384911362
1251235815512039425
1244404713740697601
1258169890915188736
1245202739187068931
1263243152791666694
1243543219406868490
1243295580824064000
1242473722457608192
1238089918901039104
1251912683298963462
1243998972328456192
1253723262024122370
1250492328856489990
1256238585583411205
1243685478299295745
1244768276250492929
1241499560473694212
1236666654542749696
1236671946064093184
1239246463483420674
1238283174808977413
1255296048312070144
1240676352241565696
1253517865656946695
1237548879265980418
1252766321198202882
1269575839500455940
1246051899536621568
1266384347487186944
1236278558919720961
1240055981100478464
1260665914397200385
1246095985316675586
1246434940763414528
1244772626863661059
1242073492633391106
1248677586974257152
1246435319521644544
1238039632467709954
1248185667760402432
1262715752341295104
1245024512187531265
1246055059068092421
1246049342579933184
1247320811830116352
1237827501172408320
1255897749582725121
1251140087108206592
1254096023221407751
1247641569630597121
1241711080231092224
1250453617003442181
1246458544825806852
1238927961967005696
1235178413981339651
1235595002400722945
1260616659229958145
1240015267897409537
1242846858973675520
1260344194880737281
1253336306039414785
1242566201487888384
1258434319023996929
1241504284082135041
1244076519074471936
1247320720385900550
1242877025490173952
1236301867010924544
1247885480969953280
1235582823211257858
1240789993129476104
1237549188809809921
1261723659137355776
1268689355331248128
1247318028418777091
1239385792725860358
1238573080643059715
1238613263665037312
1244770610259124224
1238474157895168005
1239699760828817409
1239471329679736833
1266481660234797057
1238532422431580160
1251248404904194050
1253483370602008576
1250864539610030080
1236074252278919168
1255218794408050689
1238726237943627776
1244826072111292417
1239907062240497664
1250864826613673986
1240431912767848448
1244885405398376448
1238231326551093248
1240685471216234496
1244406631993049089
1235954669534547968
1254366264283234305
1237499609557196800
1240327930884096000
1251978646048444422
1238070318536839168
1250775939799298048
1244691648153620480
1253802457987252230
1258781182684250113
1237407510107238400
1242906535937933315
1245840643072512000
1242267542913273856
1240488746656595973
1240842971471319040
1240473886728294401
1250208518906535936
1238439497932644353
1250997612989349890
1252638220707344389
1250474271966728194
1239207372998008833
1248704710883848194
1252574808673521672
1254136571982499840
1263169286169862146
1236473496999546883
1237209718315237376
1270389414993301505
1244809963249205250
1258047581994827778
1240038244395483138
1264758376342458369
1238736097938755584
1252245015511871490
1237101311939747847
1248982258171723776
1240423883897024514
1247728078169804800
1261593673445388288
1244063633644150788
1245909235726254081
1245832401604894721
1253491924364861443
1258558908358156290
1239952541347131392
1245015091038347264
1251307569374736384
1245382936649703432
1245490068321644546
1255174439790149635
1244747341975912451
1249428636538732550
1259883337889517568
1255273348101218305
1244075386922827778
1244739038969561089
1252659974120996865
1242151053635747843
1249821325683830787
1252112742229524480
1248580452761374720
1239722618342825984
1238880373221793792
1238406664904151040
1241450608676286465
1249681743155773442
1259994848909824000
1242096375887781893
1248701447035895810
1242626118705913856
1242626143066435584
1263815937448386560
1235931500652244993
1257760938129870849
1254024087531380737
1241003478983548930
1238836894353457153
1257761930879668225
1241427045176856577
1255688668121124864
1257016298858520583
1252633591051440136
1238486120691830784
1263911347491831808
1252256010187743244
1245491929514676227
1242473481201164289
1263817087191003136
1248766474732351494
1260500971484053504
1255465141153542147
1266330991901245448
1255907062623744000
1238107580024721413
1247023047581761536
1253096295394414592
1247884132006260736
1250765351496945665
1259619272235548672
1238916745462759427
1255184692535529476
1250860817311989761
1241129234220953601
1238920939003355137
1239717765042311168
1241389623642918912
1236508483396272128
1236019049110396929
1243676420594905088
1239451196789870592
1244691220628213769
1251353233693368320
1240039291968983040
1254145634640240643
1243211525575151616
1241494627322134535
1242855428263903236
1242935883608752128
1259963553840353280
1255618179302395914
1252960475257737217
1239388042584043520
1249018539945734145
1255934860759314435
1253791446387351552
1263999925022531584
1255169726784901120
1238900933167374337
1263935783825793025
1242480265370513409
1248774276636958720
1240074991942668289
1239458017965305857
1241926024222425089
1246904891693502465
1236322034407407617
1249823810754396165
1245479211235770369
1259942439785201665
1251908759334641664
1237506939019358208
1263209685357924353
1261472941419778048
1236462947016364034
1253585158818664448
1252812914676969472
1247910696995770368
1235606766399795201
1254413608685056000
1250551969527275521
1247322362367918080
1248034169378217992
1258169070857465857
1240531264324714498
1257717267682463745
1265787052483903488
1254935701172387847
1238625008525684736
1257670880513196037
1239067462211121153
1244737680602279936
1246448530165768193
1242295399769047040
1245020289353859072
1238620791694151680
1256012170585923590
1247883550742863877
1264282966169194496
1250878589467103232
1255503771796414464
1237870631695204353
1239375838954631170
1240020397774508034
1259942270406668291
1246095045977137153
1241567420315303938
1241514627491680258
1257704202786177029
1242615564201349123
1241679824009207808
1239380357780250625
1238018422694436865
1248686267346321408
1237878538428018696
1239025027644895232
1251959966719770624
1239783930326396929
1252331322120589313
1247694609586798593
1252327450094305285
1260940387801280513
1240037238878109697
1239785812427931648
1253180140663836679
1246883094998724609
1255181485348474882
1242484906799874050
1255670022271311873
1238419066823553024
1241064887687798785
1250639382396239872
1251618664887070720
1244823086333079555
1239713496234962950
1258199826635935746
1238001429568196609
1242414577792552960
1245831923525726208
1243533920890548225
1238803042381844480
1235978375665246208
1257716242242129921
1244968440546365440
1243147888714297344
1239947227134603264
1261755848902180865
1257764188396683266
1237914810790133762
1259883559776641024
1245490946264850432
1247982126508761088
1244740419705090050
1246920350438502400
1240697520042291202
1260247275428818945
1246252040784957446
1253169308999520258
1263240223741353984
1240810196605296640
1254825570413752326
1257477446770790401
1241238162673930241
1263254516255936512
1248033286745739272
1252293856042848261
1244659661984464899
1256541124816187392
1236442046229086209
1237495534950252544
1246270492698345472
1242905259699208194
1253704035426803714
1240676718739968003
1240070619519205382
1269275144125583360
1251629637412753408
1235181205483552768
1244766323172954113
1248429156259389442
1263153140691537920
1251883683482648576
1238181904207286280
1246427266617409537
1255334625922158592
1251584722469347332
1253877175339663361
1245097146409500675
1261777798634536975
1248614509834461186
1246607613879517187
1252241108198993929
1240255960846827520
1259160425545052161
1250980677325119489
1245516580173287424
1242439082837450760
1253871341582893057
1264324021707046912
1260231668394229760
1240832256232640513
1236481451975213056
1237189052161499137
1265963256641970177
1269066865369845765
1264385391186137093
1260000928880644096
1238086467454472192
1255838580590682113
1242842906467209216
1255619905103245328
1239923910797340674
1269386828987224065
1245403040611471362
1241389423687798785
1250942954522509313
1242550698996310019
1241028377244348417
1251938280523923456
1246100955428458496
1258921030002802689
1267264672497053696
1267064187802382341
1252748041699893250
1262073328501743617
1237878450456637441
1248604677266116608
1238624557948383232
1263854087038218242
1265120924434497537
1245095615954063360
1242966699772645377
1239729270089490437
1247533813770551302
1236993413146386433
1238563351615229952
1255726761742159874
1243662260372938753
1251999433178460161
1252000181207400450
1240507268627562501
1250730035113349121
1243673447609315328
1252269997801472002
1262751298991996928
1244091594325790721
1240115268799660032
1263513670509830144
1245486029907337216
1265106008038391808
1253826880568004614
1262186038027603969
1246145407526338562
1249437149671366658
1261069694414585862
1240998307071242241
1258174783348506628
1264697793920348162
1236436960685764609
1244297527760953346
1263605540506210304
1260306334525919233
1249141401696251905
1253325144417697793
1253324933242945536
1256720170808205314
1239703151835369472
1239327226631421957
1252635888380674048
1244026524522725377
1260879849830391810
1254812716562333703
1255267581088407553
1258406760328593409
1253458369169575937
1256316885345267712
1264142569354731528
1242878237241479168
1241853613951070209
1245875951336132608
1250495182077919233
1251137279437033472
1253328933363146758
1264582289708679179
1255885533840060416
1244153887914942464
1251288230269460481
1245834811945578496
1240593859501084675
1250320620824301574
1251941210459197440
1246456168706445312
1249025567762067457
1252250707501240325
1237923874492289024
1248024686753185795
1250253439826886657
1242817942687027202
1237391825612058628
1256030038450987008
1249472010457137152
1249472256390115329
1250102057509564418
1252988452049747969
1252914479198846977
1245016881821634562
1253039484645629954
1235836827803643904
1237105954052767747
1259809205378322434
1235956588621344769
1255489949941596160
1247655559651889154
1239638078626713600
1252032199773339648
1253109642001080321
1236731626283024389
1253725636503506945
1262641074109059074
1247130311009460224
1248985226291879937
1240249883967324166
1248167327700602882
1255218036056915970
1246443841894350848
1236817287241482247
1251880356179070976
1240021366474227718
1251632600357187587
1246685997884215297
1245342559372742656
1247986344565059585
1239318744243019776
1257765394984701957
1239674195358945280
1264447361629249537
1238178273177276416
1247705233423204352
1244719008219267073
1255331715482103808
1246440802085208065
1250754579194617856
1235973020700872704
1246919203082379264
1243690950838419457
1245871578438459394
1238806222192721920
1254793775618183170
1242002574594772993
1255289932408594432
1247265215080730627
1246989051523223552
1250632998254530560
1258532112065417218
1240321523036151808
1248763068223500288
1252248872606367750
1264281524976996352
1261097525794275328
1265262099623743488
1241725615406972928
1258391993702547456
1260973925091115011
1248760536831086593
1259471023486963714
1244445452763889664
1269089395459731458
1245459073576902656
1238047983385575424
1249302108547026945
1252343379888726016
1243531616376455169
1247158567867736066
1264932312287981569
1236315027562430466
1250473740837761026
1250763713558335488
1237859626084782082
1268163910949056513
1239321722727301127
1251909132761870336
1250057371847704577
1247354269587603458
1245824638048964609
1237399838423220225
1266489995680002048
1257068540684836865
1244487438082420736
1236137611045015552
1260627288309272578
1250768748044222464
1254084218302365701
1260979333503516673
1266486576592367617
1254075308535414784
1238569888924532736
1245208542262505472
1251216286140465152
1249490803858329600
1269945885422731266
1246813779544989696
1251551480517197825
1245513824633073665
1242694103479042049
1236300542273601538
1259466774401085440
1260566187559305218
1265439060555948032
1242129387878846464
1239529357795827714
1241851816259788800
1247202715010314246
1245477388101836800
1251554474373468160
1265463813505265665
1248627655089545217
1242890486022537218
1251869032724258817
1261241692369367040
1238792269060280321
1254077907951116291
1266481746020892674
1256051353174056961
1268905850644676611
1252282855536943105
1251904606331953152
1254407476646207494
1245691360625262593
1245091823028232192
1268996498970365953
1239933374082568193
1237387653424783360
1237352317021835264
1258388039652474880
1239592930102444034
1262347070230401035
1258435935341068289
1255175322246447110
1252610154383769600
1255552053709090824
1270102473102032901
1253373752718622720
1239243973207736323
1259125929990860800
1253780158030450689
1245858067234746368
1241064471742885889
1244513267353092103
1239032567594201094
1237093401931255810
1237519143840002048
1252281476630097922
1239177677166313472
1248209481735036928
1248028916482269184
1248592472827211787
1245838889291517956
1248591759996846081
1248779860643917828
1243721224385110022
1263579035315113984
1240118733596758018
1248369133869203463
1242844392035168256
1255145361003302915
1240812006200037377
1266051135414185989
1255177121309306886
1243930536327950336
1237105809991049217
1254055337587544067
1242098317502357506
1246250802320039936
1251483919482052612
1251180025145167877
1242273728362434562
1258035301806747650
1240810904645701634
1239167612128542721
1269250859973718016
1250928847618478080
1239618318849445888
1240277139599097857
1239814953063927808
1246866072327856128
1238501206705790976
1261237177712881665
1241849168634826752
1262556254402117632
1238043978634801152
1240104557386043392
1253485675900547077
1237882918023782401
1242639587534569473
1243151395701895168
1268320567720960000
1263484100507246592
1246970687711035397
1252767998152249345
1245249465365168133
1238263534024380417
1246098014197841921
1265375647091867650
1261041839727161345
1239020957303541760
1244826086891851778
1239548068506279937
1245679483891441671
1237963284885786624
1255549073484021762
1252429111818989569
1250856986691985409
1240008664725012490
1248985814173966339
1253326265320271877
1250623155799982080
1246237713671639040
1245215876896432130
1255127310178664448
1238695592127160320
1240847094367297536
1253326554270035969
1252243604187361281
1253498432762908679
1267907809733197824
1254772507086696456
1249864949419081728
1247993323471732737
1254035567299317760
1251312088791879689
1249551696302243840
1255213575565647879
1258442141187084290
1243717754185830405
1242842304886554625
1253989540064354310
1247359744249155590
1239343768517607424
1238523283403931649
1244304949523165185
1267842755587461122
1238224298759905280
1241767697874108418
1242219662110347265
1260786421545271296
1245293205089902592
1251978473708687361
1240079662023356416
1266445183329189890
1242098670658564096
1235737213587132422
1241182234629083137
1239515312510427137
1240344197711958018
1266113162979553280
1251989105665327104
1237925200068476930
1237845400955932674
1263608121513119745
1244718118506823685
1253351138411319298
1242175911811825666
1238979677563346944
1238504807687753731
1258046195001409536
1263834731067723777
1247723787472318466
1252346482415398914
1258024985295290368
1245785419058470913
1257451613888880640
1253497669462392832
1262793947316879365
1253783550308036608
1242120921718099969
1240081984090705920
1243007439701770246
1267873505477038081
1253323123396575232
1250188522952196096
1253325543304380421
1242835505504534528
1237092178494709760
1245024240220454913
1264832010067030019
1249352332804046849
1266451203916955650
1264945988067885056
1247851772644917249
1265436831660888064
1245477069334683650
1236995808010080256
1266055166106763275
1245208448079446021
1258511469164900354
1255918543742394368
1245703706236063745
1236345513479417856
1237376622434701312
1248740254003142656
1249878365294735360
1239918706161070085
1248380648684847104
1250169566455619585
1238840135812132866
1244009402027433985
1240056440192188421
1237203355971264512
1257674011070382082
1267865680004734979
1238845824848867328
1245500962472701956
1254306177954885634
1244482089333985282
1256306165518077953
1235119326564208640
1245407226438864896
1258190457303175168
1253584658702503936
1245853376195289088
1239939627596820480
1241424533661376512
1245400971448123395
1249149730841595906
1258843096403582984
1244384924439887882
1260676141876207616
1258398159946072070
1246099577415106570
1244238137401978882
1262212242671616001
1262346393399767048
1251300655198863360
1241422947384012800
1243176833811484674
1243531098140925955
1259575581630500865
1250402120651739137
1249870437724684289
1261331641177387009
1238285800078540801
1245058825893355527
1251169356421218304
1237757699623919619
1239022918199390215
1240460467899977729
1249706071112978433
1248051997267419136
1247507104463826948
1237923892150272000
1254082456040472576
1266108459101171713
1238254949060030464
1244095326828535808
1259840657788669952
1257675491395469315
1240456147452203010
1245476042615259136
1247994841411334147
1236792345003274243
1240083726002016256
1247133035218243585
1239637914713296899
1263960946676031494
1235352612758839296
1257079674867458054
1251550476308529152
1252447818217861122
1244563765326155777
1243851817332674560
1257356952163713024
1267482518393106433
1237189670154514432
1243851420421545990
1243674187014844423
1255784923832541185
1253458689408798722
1250401033299386371
1244299078994923528
1260993360682274816
1252250387563847680
1245016766088196100
1249319069490135042
1249667212018880517
1264723593507868672
1244398668456890369
1250187010909908993
1249847374597496834
1248412553895489538
1241039808723652608
1251535582242766848
1245400091936112645
1236444955121520640
1245555115173359616
1269825241330614272
1250783587546345472
1253326399529607170
1240682622814162949
1238316394615320576
1253394422680760321
1244749459432538112
1246050060539842561
1250472793365413890
1236588563355127808
1250076144340172806
1258048411615596546
1251855552709353474
1249698344152301569
1255215409323704321
1268132335301677056
1250891696428244993
1244004299178422273
1261736282855813120
1250892442905214977
1267506760157462528
1243320819968888834
1250161646108057606
1246227942226657280
1250888287784505346
1243009571448393733
1237011205107089408
1259838497910915075
1252939224325685249
1253325379344859139
1251973497154351104
1244150200974925824
1244342199778770950
1243209925456728064
1239697431320768512
1243154330447994880
1240544379607138304
1259187561970520064
1254620081348317184
1239817883158564864
1248587257185030145
1253394425935548418
1263553745398509568
1246990847608082432
1245056394346323969
1240446133412990978
1245182694239211521
1241153748686327809
1254945117384867840
1248163287323287552
1247923664932257794
1250418815307038720
1242967446371344389
1246544380028162050
1250878358985904128
1247843739177046020
1239165370612822016
1238603800010797056
1269086969428168704
1244598421081788417
1255182588920152064
1250405661856468993
1247323157377286144
1236403902758760448
1262210166046498816
1244298462792949760
1264734363285143554
1245800110321172480
1262056161144119296
1240842972465422336
1252616729395695625
1247771846159654912
1242844632184164354
1240072557933592576
1251620621584412675
1261730234669432836
1249147210312437761
1244717883625820166
1252999190038425600
1237883995775352832
1242289116890279936
1240844067090714627
1243710346377994240
1264592866455834624
1254789448597815299
1242456482374959108
1260647235273887744
1235978954361749510
1238777705656713216
1251311750630313985
1260177914701721600
1238315481196617729
1253475524795564032
1239931981451968514
1265935506023604224
1245399650149990401
1269713245641859080
1235247863237668864
1250877076367958017
1267229418654707713
1240453329894944770
1238806313796280320
1265464969300230144
1252968313619124224
1255448976943394817
1242892539939753984
1243991843584516096
1243344043075043339
1252813018989133824
1255180139765338112
1248082343933460480
1259516064544817152
1264711540512604166
1261028102404296708
1247693061997711361
1239987181927702528
1243317485224542208
1246987800542674944
1244387759277641731
1236465530489405441
1241118583737987077
1239944601622007809
1241764967931686912
1255885953887059972
1269278810110857222
1251336331839537154
1252489884251688960
1236080657077501953
1246973542882775042
1261332861526970368
1247872031087099905
1255306966789955586
1248042902296633351
1247897960244862979
1245167777775747073
1239679735711567872
1236990023783854080
1242282334528966657
1261735463049736192
1253325701454782467
1239359661784076288
1253799232194166788
1243012689267437569
1254847107598635008
1245490394223251456
1255437999833260033
1236346794767986688
1270083230348296193
1267452916828422144
1248738991056314372
1252941686768111617
1236992009547718657
1253373965478825984
1253775320412545026
1268648261126152193
1260384465110654977
1243207191609389056
1238146915935674369
1256698951530676227
1242813032293527552
1240453866069667841
1248068874236563456
1243559169623560192
1239891803739807744
1257884684954079232
1249818197349498886
1270083228209201154
1246546631568261122
1247990081337667592
1258811055083569153
1240649149684555777
1254193345724846081
1241908553297911809
1240315864773206022
1241581636233412612
1242186619970555905
1260125331106734082
1246251705135702019
1237529322484727809
1259279591039959040
1239375826484936711
1244234722278064130
1236682544965443584
1244710598614618121
1240404230567059456
1251583341356355584
1263945058694443008
1261207117891018752
1250063133651148801
1265804326703738880
1247161915522105344
1246975804984131586
1244387942862401545
1239839409450647553
1266757797468868609
1267840394458533892
1257320713561624581
1250944555987410944
1262731646312251393
1243225999975874560
1245690427325517828
1266859024865206273
1245840048035188737
1237689199538704384
1254183476368154624
1254034858353004544
1242796453061447680
1253393540173963265
1255200553690370048
1251551817995112450
1246467819132289029
1244991387009003524
1250158605048872960
1255672773076119552
1245209638527795201
1245790306299248643
1262726539764019201
1242878031653482497
1247639673947803650
1246619712966066183
1250472009995296768
1241627986547191808
1235073551633387522
1245205845119565833
1250017458406203393
1252999534734704641
1263931220855083012
1240273738295398400
1236730526737870848
1253699198798761986
1236183408679755776
1252990973409406976
1253764883516133376
1237060679850483720
1248048275665666052
1239634740120031234
1243209218422984705
1239918790135156736
1256278369626439680
1253329848002441220
1241764804873895937
1257443966921957377
1254906360183078915
1243015345360777218
1257875373813088258
1249432046520258560
1257740722058465283
1241346362849071104
1257082559349088261
1242562926902460416
1256074662020362241
1236345275746312193
1241184569208037376
1244745420699504642
1246412750496161795
1235239634852024322
1252067301190336512
1266160687509839874
1260993301429268480
1250518100371484673
1251655760527925249
1264932051867914240
1251116460837085184
1242644283414495235
1251484064596537349
1259510456718372864
1235991185338126336
1255658674158174208
1253770750097530881
1240322981957636096
1256333944145891329
1242871457958461443
1244735013347885063
1239571253742239744
1234945482893516800
1237923223871913984
1265434148338089985
1236578101980790785
1263946659320532996
1251883081193095169
1242638300688629762
1264711796310622209
1239316794302771201
1251974614240178176
1244489784036397056
1238806306431160325
1244387813891735560
1246770083554304001
1247985733828325378
1264560906622709760
1256643822626451456
1261431742931460096
1243179964909969410
1236345186843852800
1267511071486750721
1237908687433449474
1242834554374799360
1240653715532644353
1244312442567614464
1239018126878138368
1247356671531323392
1247955543005843458
1237905279053955072
1246465747137806336
1263275351582654470
1251534877251588096
1263298329733201920
1257396782688075777
1261517505459298304
1262206990786482178
1251902845143654401
1236431310484320256
1246761610296856577
1261431212096159744
1262206705947021313
1240115871705706496
1267906445288321027
1242119320148336642
1240112986255228931
1239700775414177795
1263214126983196679
1243930076456124416
1240845083307581440
1262873223554895876
1263609572599701505
1256204778327150592
1244402611639508992
1248634804108754946
1260245064619614210
1264622538237378563
1255172937281306624
1255214925905092608
1251952295757176833
1251179830030340096
1270542441746227200
1239476187182792705
1238572776203706368
1243720958860505089
1249882991410765824
1250976664194031618
1255750321118289920
1241041102637015041
1249487041525579777
1269379678701305856
1250036714250346500
1249878313906188288
1249878337494843392
1236903013467504640
1240242113553616896
1251888628709634048
1253325967998636032
1245838837659529217
1241101420872568833
1250472846071148553
1255552255564156928
1264856432308097025
1240111104128421888
1262733202252316673
1264289744323784704
1249009928385302528
1241583796173987841
1245210467183636480
1248635664846987267
1257319474287357953
1238627796236337154
1238634467109081089
1245704926505906176
1257387619064983556
1261029705471451137
1251533248628490240
1236355352284758017
1261039668256288770
1239355227666632705
1253687366436491265
1244479049155727360
1246270395277348865
1245280406523568129
1243605558927687686
1245352672888225792
1243311319056515072
1254902190394703874
1252434203733397504
1239940906318520321
1249322796846649346
1255209482285694976
1240351961238691841
1250893296030842885
1261682380143824896
1262279521753083904
1238598138115612672
1252071232926859265
1254908233459937282
1238541364956143616
1263643968228777984
1259848089722126336
1244683054649663488
1239014706523799552
1241026296265744384
1262116483615899649
1239033703935938560
1251438261102313473
1246416285971427329
1243634335724560384
1252362765655699457
1254795972699357186
1241036531466412040
1263943721630007296
1237699588204740608
1239274277448429580
1264928209264664577
1236999489245847552
1245788774543634433
1244991968989646849
1265261953204838402
1267558780285435904
1267690042077507584
1237561352585019393
1264948264622792705
1238856351692083200
1237843649775333376
1245079169261854722
1242461721899323393
1241470845836550144
1235894752987557888
1247129289805516800
1239286247752962050
1244747096189743104
1236432575004127234
1236184572141989889
1269666043590574082
1258389178162786304
1239018790219890688
1258737100414947329
1240244860113821697
1252755563139694601
1265470007598657536
1238223280101875712
1250191948067078146
1265795873734381569
1259174321752346626
1270180862341140480
1234923514127405056
1262746940044767233
1259850879752077322
1254372324738052096
1254428213444476930
1246832017528033281
1245218051945050113
1261760459281178624
1247577071204868099
1258021015298465792
1255745857451892737
1244715223849861120
1260375369745682433
1247743990264238082
1244717950499766276
1258719281279369217
1241238799344193536
1238149208554655745
1245393320832053255
1264946727506735114
1244865827041673217
1239704550606548994
1255552400657649665
1240101067423207429
1244482133365862401
1256996472777736195
1249321023557775364
1251319290650820608
1257316714343133184
1246887985607475203
1240654638354968577
1258511795360165891
1247928046792912902
1235731334485512192
1257355863188217858
1252189003060838401
1247932550036815874
1256194848442527752
1250531505874644995
1249306352301694978
1251892754696695808
1240350950390403072
1254033605044600832
1254089236275441664
1247904869324713986
1240002906650284035
1247164901002338304
1248740780312866818
1253471608582348801
1254818307276001283
1262339419304005632
1252392664390971392
1238504668482818048
1245170922908258304
1250040958022025216
1267987387067576321
1256440124570775552
1264019583427645441
1240460665954930689
1256999468748156928
1240624204183154689
1243001660105994240
1244354422379028480
1250411588160491521
1268316730780192768
1246617182487879682
1255178970082967557
1247204255322312705
1245671640874221568
1247871477246017537
1261102847179010048
1264712053975142401
1237195405219237888
1243309031357284352
1257330737021403136
1250531933064486915
1247931467667300352
1250526353981612034
1247990479301611520
1252407197939535872
1248043563994267648
1247007187840438273
1250016786487091202
1240645806459404288
1242837796076863488
1240709710065655809
1239269796925014017
1253449523986391040
1251350531152515072
1247552151607484422
1235557002425835521
1263529706533634048
1241097737946517504
1245859139877666816
1258425002589859841
1259148382838435842
1243315594558046210
1255577409769914369
1253821073558298624
1251277825287630849
1247929420498776068
1244748000410439681
1269821367312093190
1257428409392795648
1256774773872484358
1270437957388898305
1258022964815167489
1264751239159525376
1244101060698025985
1245495298656555009
1240478741865934849
1255873893815988226
1247956748150988802
1252269408996790275
1246047926230691841
1251248643249770498
1261432735253454848
1257444948967927809
1247956218532057089
1241472863162568704
1243314096528863238
1250414660328853506
1240112018901864449
1251902707050389504
1257283203016151041
1253867802437410816
1248394932278022151
1264193920176721927
1242604418853371906
1252410608923709446
1245551500677525504
1245686402383216640
1249709332943470592
1244729610547404801
1262338330483703809
1244749569528926208
1253084867816050688
1254519324108349441
1237199072571817984
1252047491840827392
1246598847390011393
1244686455634563072
1261058870870499334
1250112150930173961
1267865479194062848
1263579787693486082
1239312831138455553
1250115245663813634
1264535883086258181
1257277029604564992
1245709401295634433
1256875419082596352
1260353578855735296
1250113246826246151
1244713810725867520
1243692706431410177
1243690002632097792
1249015184405999616
1252973495081996289
1248780019394060289
1241361372556001282
1243155069501157376
1255418036875677697
1251274851886796801
1243347168427159553
1241830830542110720
1248710220760539137
1241583367562375176
1238843806809800704
1249699775265607686
1254044259902263297
1263154575495872514
1237848598403878913
1265340174357143564
1239126423958360066
1247089771064766464
1254774994522931201
1239353530550452224
1241908451653160961
1264654960790298627
1245664394719170566
1260926301831155714
1249704381899051008
1254498926574608384
1252859031623884806
1241069442618048514
1261303317071892480
1243554957866958848
1249704350739566593
1237797302636511232
1263102969869824000
1243207057588858882
1270398610774122498
1261250906907185153
1261623004821413888
1261020332967833602
1246723655138189313
1243116856711548929
1247137794876735489
1238176702624346112
1250589485999493121
1238855454996008961
1254422546772111368
1247360374309036033
1258035122504335361
1247898149282185216
1253473706145390601
1268189634644922372
1265477150125277185
1259880992459952128
1255572346582286336
1248707868628520962
1240353755524222977
1250886439501520900
1238161382295691265
1239176788368134145
1258058427030474752
1236251514534072320
1247308856847450114
1241860606262759424
1256998193360969730
1262917561534107649
1249704200923201536
1242839703017177089
1249293798120787970
1239419344855187459
1254959123344404480
1238242857271558144
1243664942617841669
1250047494555340801
1250757825560797184
1250894097944121344
1239893460909424646
1237488877952208896
1247239074718658562
1251917210467041280
1262377206942220288
1243313337015943168
1255411053632110600
1251651868515803136
1253504843416842241
1235893987279548416
1245409320390492161
1242894082550247427
1244876992824172544
1266446573174689799
1249774141202448387
1244715773576318977
1261300473337982976
1243608629963624448
1236800322003251201
1245332111894159363
1261127742482980864
1245673664328105986
1255951916728823808
1247989972277305345
1246468666830598144
1249678218187202560
1241068800100966401
1250496161544384512
1236431311461548032
1261020856886624261
1253501829222195200
1243748709004988416
1244396801479884800
1251963912129515525
1251983170532249600
1266458438005071872
1241604471844732928
1238151449412014081
1239044694304325632
1237492018194059265
1262851142062608387
1249675439481802753
1243351772732809216
1247724184261853184
1240019789478797312
1250220553627209728
1243204737731829760
1241412783226454017
1248379041800843266
1261306720078495744
1240782782575661057
1254883370158489613
1245335087647989760
1249703851072126978
1253852296259215361
1258401662722543616
1252775906214416384
1247552152547049475
1261678256543105025
1238166507466752002
1234938318539894786
1245413993323298817
1239019321051013121
1265401251421962248
1239889664883990528
1247237345839063040
1238706369554980864
1266461593069654038
1255912484420104195
1236620353486696448
1263709089768628224
1241437619927515136
1240692572890095617
1243993426942705665
1246530501818671106
1253854694079893504
1246865561579126785
1243539585633828872
1244298248589844482
1254457174048333829
1238145571849936897
1238809089771216897
1242910803180892166
1237269260529029120
1267562296085229574
1255590437177393154
1235089929400545281
1265726990373412864
1240783127913652225
1253507456061386758
1238857873859411968
1259813240969854977
1264568627434586112
1258185098979147782
1253506245497061382
1244334772555579392
1237796200654548997
1241968618381901824
1238963757700825091
1254471768745615362
1243206485808726016
1245186247502565376
1264950731678920704
1243181129441644545
1246083247706161156
1251907239599910912
1237730527156658177
1238816267890499585
1251971774461378564
1253352307342954496
1251972068054351873
1248519633461596160
1244334452634984449
1263929253801922560
1237646100024250369
1244732183266365440
1250544161230635021
1243647526877696000
1247907203731906566
1249773514518863882
1249878257803169793
1235844878002614272
1244864813261602818
1260022817946341376
1238855119174881282
1251061471871676425
1261681689404870663
1254518328086851585
1237489841576783873
1260885101916946432
1253353388642832386
1260887525419253762
1237378769356275719
1239889208216621057
1244735247901745156
1241057492517478403
1237941365318746118
1254085951342682112
1238396773951045632
1247236787493167104
1249674788475473920
1250377271904555008
1249317776675782659
1262151008857272321
1247238758329651214
1242914215821824006
1241054746523254784
1265417476843753472
1238167107638001672
1247205632253530113
1242992892966309888
1241442357926596612
1237909816808476675
1243018052503027713
1248312628058955777
1245181863506915328
1239309614153375746
1247101525907976193
1258721474518581250
1258054492303613953
1256230505525149696
1263921833650388992
1253809294585274370
1241750586028146690
1261449043718238208
1235277528933122048
1238160689514061824
1263464826887692289
1244728897561903105
1256973079433142277
1256015785731985408
1248232526168145921
1237007993260179456
1248231400928694277
1246632754739101698
1244735133720035329
1245359000029474818
1240855203768930304
1241149253159915521
1250545874586959872
1249195029501009927
1253729373028524033
1241056866601447424
1242510950483329024
1242612379709562883
1242915406517501953
1253734032749322242
1244457783182987265
1238813062636933120
1243205506627444736
1239423535740866560
1263709007224565765
1237904209921691648
1240228790216921088
1241078662998503430
1254459263612747776
1261084050657366016
1243592338519347203
1243646079263965184
1247086043976945664
1248567025573793792
1241076673652670464
1248234540990152705
1237547647780573186
1255093092140621824
1237542632705757184
1257972182245916672
1241079505185366017
1259475854415089665
1259976900266602496
1265282695103479809
1253731361275482114
1256577101723033601
1237942102669103104
1252580345645596676
1253728935214485504
1241748194041757696
1245468024158765064
1256578543544414210
1259473444187639808
1254415718105448449
1245472922589974529
1257338691682476035
1257310516495544321
1238816057240027139
1249824267782545410
1238815422654316544
1248232524574269441
1245760087337172999
1248234407162523649
1256752117706088449
1261080782384377856
1261083696511270912
1245619437031440387
1249829512809975808
1249831593964908549
1237946557254770688
1258097030129483778
1260729327819329537
1249824692082544643
1241746409105297410
1248231395312443394
1237028873239506944
1238552026109403136
1237947056649408512
1237030247310204928
1242142282767269888
1248540485733552128
1237992546422460416
1261076872433225728
1261714483359232001
1238546871041298432
1246111051755786240
1238125613275324421
1242140946340499461
1260725220480090119
1242146020928217088
1261085753334956032
1261692205833564161
1248499581140086784
1261079733783027715
1266504788180643841
