1250394335390154755
1245730698306224128
1241782419814068229
1259245804931424256
1244842895410114564
1258038212414656512
1242665734616092672
1249360982582968321
1250086709452312582
1236973685149503489
1258690386995884033
1257259281755365376
1242770342340448256
1252721866021711880
1247851372734709760
1243366543662014466
1265950162960162818
1249162403264200705
1252051892009648133
1243249386244780033
1250580320405073923
1238139164714926080
1247667940662677511
1259137783752544256
1235902495869857796
1249527274002690050
1243940065950253057
1251270806551891968
1245140255071768577
1250277034212782080
1250276263047999488
1250109872659726340
1244893571859263488
1238646814884212738
1241868714343047168
1248280862401101824
1250910401128259584
1265603474399600640
1253673129186136064
1257646155078553602
1236807794915004416
1237145522496065538
1251165555568099330
1252038685421375488
1248989214949195776
1249384556219727872
1262453476883382277
1246582803933822976
1256554701895720960
1258546922517741568
1243734407699185664
1242988118648795139
1252084695703130118
1253023799257321478
1270455758367404034
1247665761985978368
1247946684832899074
1241863793195565061
1244039504891121671
1237841339963727875
1240772745551634432
1248669581729837057
1258832205113176064
1251663116586430464
1254435490134142980
1262413536560586752
1236415170970365952
1245541100812668928
1238285414672236544
1252233978142003200
1259790487180935170
1242597340118241280
1238276982066077697
1242595072232902660
1245745414718046216
1241219595941351425
1252946689016705024
1241842081489915906
1247249460998090759
1258871069697609729
1247504906644344835
1241195477917409280
1247500818699431937
1243254834431758337
1246208435114242048
1239899382864060417
1237056948299870210
1244805665794732032
1245127428395151360
1257763151212396544
1246177839566581760
1250923980044808194
1236386251219050496
1254748462521909248
1248230556657242113
1250031207989026818
1249763716427644934
1239330026484621312
1247484279506063360
1246504930548080640
1243544720426622981
1236128802876592128
1248260473163845638
1245131554172678146
1258042977471082496
1239261999898427398
1248813729128615938
1249792759944359937
1246152005929832448
1241088284626911236
1260024176145915904
1242209010759204865
1258852427350134784
1244275002570088453
1247547704588320769
1265998362941284352
1235507701842456576
1264550065592393728
1257820065199685633
1247665245889400835
1238170428973203456
1259142702626734084
1255794423469936641
1252598894313246720
1254944280818434049
1247677597183549440
1248101712960933888
1254050735374942213
1248439022701219842
1249072787777622022
1258272300958441474
1238518437992751105
1244637838081130499
1247335439444381698
1243336169917755393
1254040979839102978
1242195357091627008
1242154840991678474
1263665342959804416
1243652796563496961
1247854471281102851
1239297361651929091
1248015445673701376
1254838058853322752
1263217064359202817
1248648269200273411
1251068715891920896
1245431808004689920
1256370621711290374
1261818042251644928
1246820992443387905
1238260779511615490
1248241969308094465
1246504267890012162
1238989445451431938
1253157767684243456
1243329424172421121
1270405561759260676
1259141394599469056
1247521775367286787
1262349033558999041
1260604188683313159
1242766781590224897
1249846007258546183
1248790510887751682
1239584899293679617
1243484884657717249
1245728053214556162
1244391445785698311
1255117373461483523
1245804644292538372
1246861451224141824
1246822956547952640
1240798298405056513
1253652764586135552
1249539913772609536
1255341877072744451
1259093360914108416
1237499237014929409
1249444266373455875
1245820128165613568
1261615400736952321
1252521335441539072
1253318885761331202
1268643913415434242
1239605749816401922
1248385723515858946
1254125223097614338
1249127687148507137
1247337138343104514
1270062170961842176
1251574323812413441
1259609905666887681
1266098306800922624
1254134621656297472
1236413884694757376
1250834671849680896
1241917921280098304
1250450596932485124
1270339112973881344
1250139916832591874
1244811143824236544
1248275211675467776
1254060873678761985
1250810428202143751
1261688843792760832
1240075418906001411
1235632630474784768
1262552160199376896
1258086750913781761
1240334332486696962
1240474838118137856
1247570039202623489
1240380058453389313
1242225204228771841
1245140723474796548
1264972934176813066
1259922288172023810
1243219654342070274
1241414130613006336
1243365471816044545
1235170831397015552
1263824239561445376
1252943742639767552
1246513440912441345
1251895649773199363
1247603539284811777
1258931431985819651
1253043132746301440
1270459574798241793
1239624321431220224
1243364299432583170
1260897018677022720
1247791390962016265
1252042792395735043
1247064123717890050
1262628037583089664
1235398566719500288
1252384044773330944
1258819124039421952
1253740084454723587
1250104486762348544
1236100364270800896
1249514684795011083
1264607283742420992
1253739642916126723
1247278039538556929
1245796890412711938
1243623129525731329
1242974942666334210
1260321046286172164
1256355918423474176
1247625676326387714
1254109651777568769
1244758409636970496
1238934676313640961
1244259258776064003
1249075586695401472
1238552398601256963
1237511773311229959
1257113776463192066
1249725650874875905
1245386170617430022
1255527933843816450
1260614064008388608
1249651495513006080
1268626375365341185
1263776629408575490
1236391972375613442
1247505748671762433
1261603217298935808
1248038451078934529
1245701103901184000
1237476815716966405
1241795521846657028
1250909663220170753
1251843830581809154
1242553334067838976
1258895602093641729
1267892592278155269
1254476230121971712
1250241226399518720
1239035851499352065
1241033348178477056
1251474099462963200
1238454546176884738
1263084822509076481
1235306506314289153
1244431619030728704
1242664505500471298
1245548164666572804
1239335275614126085
1237455701175422977
1242197170750660608
1241774487940608001
1239249060776808448
1243328491900358658
1253412574340636674
1252814669099569158
1245121312596602880
1249539517532508162
1249541916426985473
1246063235301888002
1256486408790908929
1249520944424587264
1270508606497136642
1255963586830139395
1242672373968580609
1253157919291572224
1248598803940343813
1241421059393552394
1252024534611505152
1258204642800009216
1258846139681513473
1254440177457664000
1246215856914391045
1257122225242673152
1242274814439686144
1246031142144393218
1247325893225328652
1245738564824051714
1238242225756176385
1250563845166452737
1244998172256108545
1264575967160422401
1235384956970586112
1252302865022046209
1256407976719646720
1245710360964935680
1243702162082992129
1246804021270269954
1251850398182395906
1250817599887347713
1259271706616758276
1242490686085173254
1246609150601236484
1265219771534106627
1257813619963650048
1260195665801510912
1243746513005752320
1243632960500350976
1243497072353034240
1249454578434740224
1244949889353691136
1254551776650563589
1237077217991065602
1240328208807088128
1258913346478366721
1266082413756768257
1242464935017357312
1253996628467494914
1250823295282413568
1249728652549533697
1237163983225982976
1255113089109954563
1242196281797246976
1262173470139482119
1253313319877959681
1240413286602072068
1244587989864452101
1242850412195188736
1239781502419943424
1244956798551044102
1251571506229981184
1241872677188644864
1251573196060528640
1249891868684496897
1248733150206885890
1245523888433438721
1235635574964465665
1241820620612042753
1258119644377907200
1242810000206172160
1245127675515211782
1244215508423114752
1238668084682076160
1264217466701570048
1264218578728951813
1256683860001251329
1244323127624110080
1241877601771282433
1242667257848893441
1254386741143678978
1246910336545980421
1270019476252233729
1238078812409266176
1259612202274824194
1247170854489915393
1248964798898896896
1263061413205082113
1249409139102679041
1240063063400865795
1251164007102365696
1241328559060385792
1258433515676471296
1248814595940274178
1247491064602255361
1239779050245304321
1264965127784333312
1248222937808867329
1256761165625135104
1243498626325897218
1243498171516563457
1249498494194323456
1254945427083968512
1244912272172109825
1243910425915330561
1240834198296039430
1242862088957186048
1238884352219586562
1257700685702991872
1248960417067655168
1244424362201092097
1245047015026851842
1241419877916839936
1250198528137277441
1244319616517787648
1244030600161484801
1242490700056363009
1246792928615378945
1238684880965427200
1255117510187368458
1261640855238119425
1242578110203256832
1251126494451154946
1260681871219925004
1243201156295331840
1246820388052635650
1261786068078284800
1249809168661348354
1265706641988751360
1236987089801093123
1240609731074555904
1247259958321844227
1240311281388789762
1244918057560129541
1246244452865277952
1254198029801963522
1247046324488470528
1258954800215003137
1237924146744623104
1257245180027011072
1246061027323756545
1243975743882891264
1243267023406272516
1266033738862952450
1238406538617860101
1258077962446004226
1255534364093485056
1241478120869449736
1249003079296413696
1251137651329110018
1259562039795765251
1238510163205685248
1248479943178080258
1240792213132660736
1244777668794634240
1250132988135911425
1249871328838025221
1248642063740141569
1254060088861626369
1245118778628849664
1244914573670481922
1238531633399169028
1248009958211252225
1241743962408394764
1248781922257514498
1247665281557823489
1243546307123220480
1237554474027106304
1254866648269500422
1243472943218339843
1242251468410888192
1237474080128991233
1259087429895688192
1265179279794540544
1250206280838414337
1253450749167767552
1238463076682342406
1244319919849832450
1240712230649434112
1257326699840188416
1249452697151049729
1255932473999056899
1245765735412105222
1243878042528886786
1243714695544143876
1235010419032494080
1240330922005876737
1244342744136527872
1243500715126992897
1249766556386672641
1246202419840716805
1248728412639944706
1240042136063655942
1241699352655036418
1258932476690472963
1247330178185023488
1258156801155047424
1247143857218818048
1269425720410988550
1268510363009593346
1236401956622663680
1243897116503793666
1251186753697873921
1267073582829576194
1237366233017745408
1243386567915220992
1245861524381380608
1245099888314105859
1265487186792718339
1258770946602569730
1251128140006653957
1237127818183671813
1250281584269254659
1246055376878895104
1248999376724385793
1258910636110753793
1260687890008494081
1261727174266105856
1255672859608911878
1243260909570740224
1236633600277262344
1241862905768939522
1244059381081288705
1237361053505335297
1246535346944241664
1242433217107505154
1255610853866471426
1246956715058307074
1258136760971931655
1243271339223519233
1258168734562299905
1251294361830264832
1238614598552559617
1251583020693323776
1244297253667438597
1244024277650886656
1240829009430220801
1244392673840173056
1237509554247733248
1258167633796575237
1237214606860390402
1236739947018833922
1258066745287376896
1255926730356936706
1237124162914787328
1245236706116321280
1238202436424253440
1261710297141821440
1244558437431771136
1259197782495240192
1252329045271986177
1255683246010052610
1246249435421642754
1242583859507625986
1247058588373221376
1250278963449958405
1252402140758196230
1242963141341990912
1257727427314421761
1254814444812750850
1241924389253283844
1248294221104254977
1251846570330513409
1248585525990248448
1252734288036052993
1250257848728248320
1252032721678991363
1238407951020417025
1247726573412855809
1246819133393690624
1254452880528080896
1237501700031819776
1239678368032993281
1248107958162075648
1254631756596215808
1253106978722926592
1261006532105457669
1237040033737183240
1242843566323441665
1268867389812346881
1255175253216690181
1241192446119129088
1253373913343700995
1246771100631085057
1257853309655945227
1261710051414286341
1242027707916939264
1268235432615084032
1246493653234790400
1259936086412996610
1247564370189508608
1237335196166426624
1258204372217069568
1259936435790118912
1248615026195222528
1241455737961881600
1249681365953589250
1252267823763685376
1244338123334545408
1241453327633842177
1254144150024355840
1237344825961218048
1237123485991829504
1248769379497541632
1261410530192834560
1266072976572723200
1260912981858234372
1249221339656990720
1252269156088586241
1254042247009615872
1239716180279136256
1256008052505001984
1246817460101185537
1246931493278138370
1255655415888711681
1242158174993612800
1252261640998924299
1254813200475926530
1252240631801565186
1257088117665869830
1255905881352527872
1239695892330004481
1260628896002736128
1235545109476802560
1255124348324757505
1264030176243056640
1250057054406000640
1252419844244336650
1267166253422166016
1252008134631133184
1248782651638628352
1243874500359356421
1237501690879721472
1239701748803153924
1251121045337186305
1266474961130176515
1240533142265647104
1240982599146692609
1249447680666939394
1258774037398016000
1240240079207124994
1237919877899456513
1265763434026741760
1235554307434598401
1245346199055597568
1252518610473570304
1235810065006780416
1248058951050158080
1258716830161608705
1251905404935835653
1251514723687960582
1245986581166657536
1247360255216009216
1245898929083953155
1246489039785676802
1238288335937945601
1262318000507695107
1251194044832718848
1263367494678519809
1242751652924448768
1250593240132304901
1237038193553354752
1253116499474120704
1252757658165284864
1255219417992040448
1238189717025435648
1259848801021501441
1242729482110328833
1254738308690841600
1246812281431883776
1240475902846341121
1250477132196851712
1245976243708755969
1244561385448669185
1242822403446759425
1251623563699855361
1237501682021355520
1258492156047691779
1242549370144395269
1257266832593039360
1253753749467783169
1248785950462877703
1251559284716056576
1235233263809155072
1251871427789275137
1250862296349409284
1253842573489209344
1249018967554797568
1251199504830926852
1238935628986888192
1258163328175800327
1260678918710988800
1248365957032153095
1259209297264881675
1254877028530237446
1254044060190474240
1261136065236262912
1235378270771822599
1248610223834554368
1259820670583799808
1236279332101926913
1244738708491952128
1241166024541700099
1240429459272085505
1260734388922441734
1256992559697625091
1251135156792033280
1248008802575642624
1250744242110115840
1239708164821524480
1266927601353973760
1243030971219402753
1250279823106174977
1255175153761345536
1258887734090965000
1247214408113274881
1259185424053960704
1250196045738512384
1248125382320144385
1235949363991646208
1260401057227616256
1253389435087052812
1248983333603872769
1253038679414751233
1248284359213359104
1243388618745380868
1237681916754698242
1240804243658981376
1246138050813612032
1244005456227549184
1254189923332247552
1260910978926956544
1248761592147333126
1248028450314690563
1260715701549051904
1259202137508241411
1250296962118586368
1254766804641230850
1242620792619360264
1250295194458574849
1258378466837368833
1252513438221377539
1258783652428873730
1247538772771663879
1243635696897871872
1247145376244785154
1244819310826131458
1243372644977631232
1261731159186210816
1246592120011608066
1250540602955104261
1243027175558832131
1250059947431387139
1251869678441500672
1255269368222699520
1253392098168111105
1252338257704022018
1252231811801001984
1244593939618967553
1242925093094916096
1250278240603615234
1264936866287177730
1248621807801782273
1246882478012366848
1241220993089253376
1242164287113777152
1254100131433066496
1251195094054690818
1246878594388893698
1250670856478564353
1262347383205175301
1242123807642525696
1241844852507193346
1267983605340438528
1256614190334332929
1251551160227573760
1247574841726840833
1247885966913572873
1245558014695923713
1251487647668875266
1236707692502233088
1253724403701035012
1256592701350346753
1253392227335880709
1253488795175006210
1248002376008687623
1261033255261933570
1237127213029494786
1243975631693656064
1253999805631774723
1254412325672628230
1237410596255084545
1256253563551932416
1248592547913629696
1267838656766775297
1250056242044841984
1237924853497368576
1244337048544251907
1239951531610451969
1239729224044498945
1257113935465058306
1246618348659650561
1240976140472385536
1248619907333230602
1267542237677830146
1251620347889188865
1249138232832471043
1249332711451504644
1241157180306395137
1243389835819110401
1251599366500028420
1248743570590371847
1241148304735559683
1247955775458283520
1250114680607191044
1241905703842918400
1264002265637179393
1240628051739844608
1270016611588681729
1241374788620365824
1236085653831639040
1250472424849772544
1240446686000041984
1259822043429732352
1237354429814321153
1260538986931634176
1262838416699469824
1236401978718261248
1247692253415555073
1240003011449102342
1258724807253909505
1247310921766260738
1237800291262758912
1258013254003101696
1240443249803829248
1237376497549299715
1268011131236503555
1241377200781307905
1250597373639827456
1257338098918346754
1241157735133188096
1242566157187592194
1239722215177928705
1241117224468963331
1235989367753256965
1237501709896859648
1253370591048065024
1237843721430786054
1250192102891421697
1238619925029281792
1245557333096366082
1247351100019277824
1250841705726738433
1243657816340037638
1268294142406406147
1250056184196980736
1258438489969999873
1248936706159640582
1250162724186853377
1250645068274425856
1241114606791254018
1252913360204713985
1244346382233808896
1248355539731517440
1268827981881004033
1245290924982390785
1237920715455766529
1248358191995518982
1246838344530776065
1254884113770786816
1266115194478084103
1242607380589928448
1250518470560821254
1256930488016687104
1242293471421124608
1247927951708078084
1247926287605301248
1254649035434143746
1248432403661520897
1237192639138664455
1238092133434896386
1244713589509967873
1246326979349172225
1243680163579203584
1259169627160154116
1243752975249674241
1251289642281861122
1243963671333744643
1240245993532207104
1240019037616209928
1244750079887659009
1254041525018857472
1258737596286611459
1237199586734813185
1248047307423129600
1253032845410553856
1244772207580057600
1241177640301707264
1265621186542735362
1249667323126067202
1256322927764533249
1237397393173295105
1241832537019875329
1241346562770509828
1246545597206859776
1247145639466668033
1251179578393071619
1261252501610860544
1245551974088609793
1252776521636491266
1261619182086602754
1237206051776274432
1253823962204733442
1242905235137400832
1239908048099069952
1239171052711948288
1252364525430427648
1255953199887986689
1250399623799324672
1243317635384774659
1255487377902129152
1247269693674491904
1244402229387374594
1236711194397945857
1262918597237760004
1238112282267303938
1263432587533602817
1246909223717556236
1251554147473768449
1250409327304851457
1243577246230732802
1261091240340262914
1259391670342299648
1244712910569353219
1240688315218591745
1261409664127950848
1241041626006519808
1266113646154985473
1251887457857146882
1247341440423919617
1250281273978810372
1266077103134556165
1243927392906854402
1250405715249975300
1250060843791892485
1254757440941436930
1237197570155466754
1250405650506682371
1237063697169858560
1245509674536968193
1259681927814156289
1240448104480092160
1259848860979154944
1239044135526506498
1240450911484424193
1248684890306027522
1260992512262627329
1238923272646995968
1245210865315590144
1236703545031897090
1247954904922062848
1239224108635873280
1244719432322121728
1247952086333087747
1250178936174268416
1242605216463192064
1265469837561774085
1244354396605100032
1235650763738804226
1254043640227418113
1239785896733442048
1240966024910049281
1255488785493766145
1243971932099350528
1259648366654488576
1243530085308776450
1241490095418609667
1240057055920218112
1240457959378993152
1253290971367903233
1239722522293264389
1260111816874766337
1254706323788357632
1259827314109681666
1255486873658691584
1251177723692752897
1259544430840856577
1266903366803881984
1260659197697331206
1244152983006347264
1261443246296829952
1245485446530052096
1250010430032019457
1243693086208921602
1258732655866249218
1253820287453409287
1268992716307824640
1243526640367554564
1252290663661608965
1239178732709064705
1247952345813659649
1237867077743947781
1245096687993045000
1242877117697863681
1253393687503134720
1247927901430915072
1256340639014240256
1251277365117964288
1249016118301405184
1252242503417442305
1241581563378311168
1237204721657696256
1249085246081032192
1235652150803431424
1247901020258103297
1256605294320332800
1257080109053313024
1248558767387611136
1258387747674492930
1241441988777594882
1247722848430501888
1251281176355987456
1249780706500399104
1253390283309559811
1251922638928306178
1240325662101114881
1247148167713480706
1237375655169400832
1260109817361969152
1251862241831464966
1254817079263399936
1240813039898841088
1238505234818895874
1243524994279276544
1268856081897320448
1250076749649625091
1240695092895043590
1245828142737977344
1235952203237646336
1242835248121090048
1243606452377399296
1257500426682994688
1247711239104593921
1264007487239467009
1269834652593856515
1254855714293428224
1258033464814841856
1253758850819403776
1236704213163540486
1259219066188955648
1269501385009135618
1236324408337334273
1252357898627235841
1250787962020864001
1253110803873570823
1251970242349236224
1254705886116880384
1252288258777722883
1258032006178447360
1246543329472532482
1241470251495313409
1250788460362960896
1237907568728707082
1242599819446796291
1237387347278409728
1252050662017335302
1252051056537800704
1248291426481451010
1250753422049058821
1265726388973326336
1239895771245424642
1243180818538823681
1247744059256397828
1252842624970395656
1261036277195030528
1261811684756410368
1251463691683401728
1258427929803067392
1257278380493410304
1242514988335579136
1253087161047568386
1242059534992056334
1258508869354967040
1246411930253889537
1237562658833887232
1255909886938025986
1253504982369939456
1244481029152407559
1244715212202291200
1253507203954327552
1270025095780732928
1261445700346195968
1249783085673189376
1237489555311378434
1254883400516853761
1237936602346905601
1251880131750133766
1238960546495463424
1245409822838833155
1250043228423966722
1259970346180059136
1247552235585839104
1258362494214721539
1251276577654091780
1243666832856317953
1236846651844841473
1245167956327309313
1236359964454772736
1245354788876955648
1241436680013459456
1259818451301998593
1244442354590928897
1252049447661514754
1242991828254765058
1256611108334559238
1244732009517404164
1241080104719200262
1246448764136632327
1256585817771905024
1249314250608259073
1241411257779073025
1256481537383636993
1248712186060554242
1243015231262961664
1238384610024833025
1241056353021579265
1251120810347110400
1241437435470532608
1257130715281534978
1237459717775077378
1241090687644418048
1252579970100142086
1237906382306902021
1237734957495320580
1238815767560359936
1260446046267850753
1244865230653599744
1261288560638001152
1238549761873121282
1257951881537769473
1245474221238730752
1261692328177254403
1259975022615179271
1244754003696779264
1245472590799536128
1258091092584660992
1245761257040482305
1261716808488431618
