1238895816296632320
1254525794191196160
1248404381042532352
1239900789050507265
1239267898612318208
1242589777691439104
1246584638824419328
1248384347658309632
1236487669812617217
1237762070738636802
1253149633003438083
1250216698596057089
1235060031919247361
1262891570845507584
1241111478507204608
1248337540857430018
1238643718292299776
1253023376752300032
1267964536440553472
1251151107096670215
1252688219268714496
1251605955470438406
1245425409253986305
1246611680525791233
1245105573936238593
1237069037160431616
1237217835979427840
1245955309991899136
1247937541019324416
1256331829990141953
1245108584356036608
1246861102299766784
1246910717904728070
1267494475296800770
1241088029671878656
1256224898579562497
1240777045195419648
1254128310423924737
1242529079066152960
1238454646298923008
1263306367231823874
1242213054265413633
1240837239468257280
1238641960648237056
1238988637645049856
1251124455520133122
1249722785158619136
1255623601459351552
1240837427524063232
1253542898290679810
1238654895726587904
1249122535788220416
1242980903749439488
1246264029481500676
1243941128547622915
1246516312706134016
1235678041751179264
1249691407779942400
1244665837023158272
1239437515410604033
1244662746446086146
1239393096829292544
1244764562957537280
1240096907113852928
1253139899395391488
1239659112847282181
1238641358459437056
1245416211334041600
1258744529919905794
1254198134537768960
1262420619590684672
1244293270613590016
1238660382111100929
1238641663834091520
1246212895295365133
1247632096425721856
1239267087719100416
1252733257520607233
1238058901951541248
1246207602347794432
1241048932425187330
1238988222723571715
1265377364856496128
1239657268133560320
1238913692395130880
1240976857790476288
1244828068767621121
1237515832407625730
1258865157708460033
1235698085675728896
1253543665617666049
1264244910972174336
1245068153643655169
1238335082286338051
1249035709236883456
1238895422061473792
1236488203340636162
1240742183721787397
1239957742393024513
1258549875064504320
1254972593087475717
1259502797369704451
1266951793524776963
1237959480169693184
1240289192699019265
1235714630283976705
1247662232885850114
1254972458571984896
1246148369128419328
1244997171495047169
1240097951436816384
1240096758245572609
1253030813865664512
1245066888440197121
1249735582013460480
1257467145962676226
1246488005956841472
1250309763348353024
1257818172893179904
1253046607483768833
1246141204997210122
1249747220674445317
1237076708588539904
1237074837144612864
1261740350428909571
1245120071183130624
1242981429467688960
1253513228191059973
1256369991256924161
1253347324719501319
1238266937177567232
1238656907117621248
1250652392564994051
1245585541996802049
1248655849699938310
1246244985675993088
1258745588637667328
1243282140135067648
1242961130219139072
1251931756690735104
1264742578278354944
1250525200132632576
1258552303667167233
1255654472555982848
1243911905711804416
1238702598213054469
1239782389733134336
1260587492408872960
1258744682059837440
1237950403825651712
1236334620037140480
1244998971262562304
1247600369271590912
1244819597410385921
1253046050664804357
1241429606315503618
1246074707553599495
1237890847699382274
1261823872573325317
1260573475346972673
1251940737052114944
1242081759698673665
1247253698985603072
1241172369672036352
1252274639914450945
1240381673541210112
1240434019017191424
1245179862429532160
1244281054661234699
1244661403710980096
1236463919536857088
1245065366323122177
1258171087906463745
1253498742520508418
1238906335162273792
1243216523700744194
1240411424544837632
1248774257372364800
1252964612535758848
1241179178784833536
1236694624145735680
1241338320304521217
1246575766260891649
1258586410421907456
1253881480960331776
1242247801242898434
1240976606329368576
1239946582297960453
1240285742128984065
1238602820347023360
1238114414013923328
1237125846365691904
1254072871921442817
1253467701026197505
1236524125016821760
1253791086754979840
1240616442162294785
1240845005482311681
1248077905642450944
1245389559652929536
1253127879367385088
1238487773902000128
1244759089197936640
1238473286465384448
1260367284972818432
1263246710035247104
1261741695122706434
1256707326892896256
1247214905045868546
1254092002502807553
1253565893633691648
1249819037036470272
1247215347905650688
1244727859345797122
1256772850607742976
1241525437446025216
1264703666730090498
1235495526402904064
1236525525692116992
1244760836394147840
1237861263813705730
1236690031902785536
1238920530943594497
1242282578574372870
1237793271625273347
1263269999583490048
1248003990941503489
1235777019172073472
1252258581388374017
1250653222470995968
1244397510497464320
1251350276188958720
1247696537334870018
1247727349484773376
1235794566667616258
1263319056561565696
1238175088014290944
1238563962846728192
1237879986066829314
1238333120929243137
1256599962529312769
1240449433877106688
1253838052172144645
1238295479709880320
1246772650136879105
1248082205361836034
1236441858374422528
1248044969174040576
1239945117248577537
1235724793472626689
1247693280873025536
1256716994889412608
1245461585092431872
1237894241646346243
1239704852436901889
1258745159480741890
1238473105640542208
1258927555727380480
1265690623941718016
1253839196650795010
1261207264460967936
1260779514574979072
1239930198411231232
1247017958368403456
1238257359098707968
1254788287694139393
1236467310325448704
1240342317904678913
1238484455951499265
1250211209464274945
1238481175099797505
1244307457960071168
1253175436571316229
1238221520364654592
1246015642630672385
1235795497161355271
1240365672447627264
1247482009384964096
1236296420140789760
1254845265002954752
1237919089844056064
1245912984573980672
1265301447178149890
1235760250587942912
1253722987867455489
1246871366097231873
1253491015815557121
1237800969846558721
1262212669680934912
1252788793054240769
1254470963988623360
1247901233727197188
1247875171739824128
1256713320628809728
1248737105301262337
1239223797305098246
1244714245863780354
1245946437063430145
1243954591151996934
1253458591295500290
1243684990904225793
1264303487971663872
1253726895587250176
1239270233895915520
1253784759202795521
1250097667813900294
1240107434397413376
1240444485042966528
1244008919980224513
1242602813147865089
1265690381485826049
1235761583600488448
1256275198673711105
1238574458253840386
1243967325075681280
1235547124315586562
1268065276836315136
1251646110336253960
1236479954612662272
1252000060876849152
1238480738275569664
1248653207951126528
1239023066740490240
1244139834442219521
1254085007959703552
1254473408605110272
1247902606006997003
1244144074157772804
1238120059681173505
1238097916922744832
1239637528371552257
1251957320713531392
1245172119383625728
1247293360701730818
1251919023219990528
1237933785586364416
1265798944870694912
1257013818980306944
1238672277350174721
1241038366730153984
1245020495751180288
1244441668268376065
1245169052256882689
1240844950885015552
1257103135241273347
1245557154087501824
1259546450523852800
1252865734402650114
1266153849305399298
1240490378115141633
1241381347702312960
1247987122302152704
1245395603925811200
1238990550721630208
1262748297015357440
1254034205505277952
1238490550493278209
1239130398002745345
1247151345007616007
1257177117910958081
1239067534944391168
1261513519075336198
1245145250034745345
1253493530724634624
1247163574125920258
1244397335368445954
1253132648538533889
1241854362210553857
1244300101524299778
1250527523525419008
1253769162087739392
1239130399634337792
1238115731662725120
1245913473113980928
1247351499962888194
1238291301247758336
1250932597334478848
1254035835722186756
1238119098883567618
1239984993171935232
1240312241519542273
1247210756250058752
1239358246709792768
1243968316344958977
1245678906318794752
1243955183937183744
1240481872188067842
1239984425665875968
1243209435775823872
1246637323191595008
1238248455845396481
1251274905120727041
1259481813971398656
1238980343383949312
1239968325519564811
1237972429944827905
1255417694960132100
1246081990647898112
1245682272423968771
1237908122611548160
1245757513984659456
1237945995171778561
1242142358046568450
