1245845718855757824
1260240818356588546
1258817432573140992
1235581535509778434
1237893269129801729
1237570850741608449
1262783010388283396
1252675531293839360
1262485754179190784
1237759746448424966
1239187744120864771
1267459702771908609
1243377707062362114
1252628476240302083
1236427817497362433
1254870438494289922
1268157198988972033
1250780723704926208
1247661509871837184
1244368266874806272
1243090413390573568
1255708309874782211
1242661321063178240
1242446193919234048
1244071833164484612
1238784117422075905
1243141245951762437
1247689162867826695
1246089517997719552
1238802786529226752
1241015784937324546
1238236788331810817
1236785644069965832
1265391567935868928
1244083834980794370
1243854262184095745
1242422820031864832
1251486111999897604
1235918177588125696
1247227079835484161
1255539692784713729
1253048330202091520
1241867334329008132
1251271736697540615
1254445152971771906
1249055988986101763
1252647264520155136
1245424935247515648
1251272848443871232
1239668788435574790
1247669440264769539
1242651622993526787
1247868224433201153
1240129425326387200
1241756752108027909
1252227018063785984
1261296893528879104
1256978710047137793
1262050608833585153
1246205728601317384
1246850795166932997
1249815510906220546
1239561616536088577
1247443757961809921
1253158201907802112
1242569268841111554
1258245636870340610
1240971472589463557
1238216180625793024
1250145187571130369
1240302513888387074
1240394529125085185
1237013771434024960
1259617244834824197
1256114382263779328
1265042676354822150
1256282217480949768
1255610979385257990
1250812157488435200
1246857278243975170
1253428069001392130
1261721853090988032
1251348686308769798
1239910157674479619
1244601719457185798
1245422677747208193
1244695038065590273
1255315711930613764
1241399564072112128
1262536919801573381
1245428205323988993
1243329971134832640
1237812675935174659
1238822022777638923
1250960481369628674
1257772809524252672
1242092493707063302
1248699176793317378
1247274440284606464
1237434226687053826
1243598607124701184
1242384713865744384
1262784106787680258
1240379660179050496
1238959143278522369
1240380927299158016
1251994678012018697
1238820411242143744
1257418481307463683
1241810593281200128
1238958075920482312
1252643505731747842
1238821711795179520
1251492694590963712
1240049597814386698
1266012542377381888
1240310474668941312
1239324788230946817
1241699737180438528
1241557540120530944
1255315501473042433
1254585812118835204
1246475819809202178
1244640466160816129
1242454049158463488
1262811166272901121
1241891187776270336
1242523259586916355
1242198848082259969
1268616143830319110
1238268216016846849
1237577698479767552
1246514717373476871
1241808428533780480
1244979167499816961
1239098563474403328
1264629103266799616
1259529753876455425
1253669045729034241
1235174686893510657
1235744188202876928
1252556197653291008
1243511300950560768
1244818587900088320
1249841699511304195
1262354709903486976
1235388485399437315
1257685103658098691
1257030503590494213
1266570981667221505
1253673483483197441
1246556015417528325
1259088028817068032
1245452070280466435
1249745043168145413
1237581438188314624
1241813986296946688
1255153323591811072
1250447658919092227
1254131332520828936
1258350143180607488
1250805947972358144
1244646790130958339
1244584885899218944
1255097852117889026
1244587606618365954
1262818330592894976
1255554772943482880
1244084262153969667
1247640282688086017
1244085251988652034
1240400082241028097
1254874851921231881
1236488545105326080
1242038625224871938
1242453814839517186
1235388229152579585
1237065469120700417
1244297441639313410
1263468441484308483
1245526718498189317
1254604115197517825
1244466605188419588
1254873037175959558
1269307063982862337
1267797729033498626
1245893720874123278
1253432312210919429
1254448798300098562
1260681382797459458
1255593990742855680
1269630230022557698
1264975504437805057
1260216489833046016
1247939737173843969
1238335214897823748
1240128129554923521
1245821133737406465
1249725341771476992
1247363923495485441
1240028954901319680
1240800735136186372
1237018957925810178
1243029962455756800
1247000538442543110
1260216803038560256
1260580487799717890
1245772902668083201
1240193857951850496
1259643594979397638
1242878676645089280
1254712186678792192
1246391686277840896
1243650766293864448
1242447364260089863
1248226233869053954
1247502339247931393
1248424346554515456
1249458038974681095
1241106087971033090
1243308500111052803
1239295038644981763
1238505423793270788
1237786625020698627
1267118252074979330
1254109046107447298
1262816710505238528
1240970469475594242
1253152246575042560
1238958906900185088
1256279601837486080
1260607551139459074
1239721632127647744
1243695150100033536
1240383209034125312
1242861140130123777
1255977501530218498
1243871004394479616
1239872589633372162
1245275532750729217
1252692991736721413
1264400691541442560
1252380972638539781
1244841429739978752
1234975824316518401
1242506763372564480
1241743601593450497
1242808598230695944
1251495547611025409
1241891485026529280
1242113342371770370
1257362263780057106
1243602304135200770
1236393632489406465
1245428301730119682
1236803397329850368
1253520116001779713
1251592034827358215
1249524175728971778
1244763475072692229
1262109896352415747
1238583916442902529
1247573548111138816
1237438212743847936
1239293565949394945
1252929865973747715
1267657196281761792
1253860222151602179
1241785251464122374
1262552083372351496
1239631580945137665
1246159491097378819
1247545725279502337
1243253048903962624
1249793486032863233
1236629974939054080
1250275274907766790
1249745725191266305
1268622868402733056
1239738992377159680
1260680034970480643
1237053958700568576
1242527636032753669
1249752252958609408
1262352276947111950
1238651571128406016
1244313925992267780
1258349606699663360
1249734726467764224
1256402340132917248
1237250847081463808
1253716798194831362
1242235792900141056
1246476663870951429
1238868040709820419
1260932921902329857
1252379773579325442
1250582569692921856
1240742435573108736
1237097385131737093
1237921869786906624
1240424103275888640
1262123046300778496
1250481638481543169
1250447837353123842
1236630445049200642
1239383589017583622
1262050605083885580
1235348514072399873
1259790995597799427
1244268144656633856
1244085681162461184
1250229191414624256
1254749527011188736
1264989496044650496
1247382298506473472
1243784984932093959
1244438215135805441
1237774873524670472
1239877431282057218
1243650642490646530
1266413011243347983
1255821829379424256
1246160380713488384
1247661068740067335
1239348004097835008
1247167664444674050
1264362448796168200
1267566264647593987
1244079287319384065
1268676342628876288
1255508215309258755
1242338818851835904
1242229818374213633
1252716458590822401
1249519808586158080
1237810283491409920
1246472487355011073
1241700507065950208
1259090525313019904
1268306767554854912
1237593226497806336
1263861034974142469
1244844403279224832
1248260741435703296
1249661080521117699
1253428495620833280
1253311186533318659
1251931299125891073
1252389043892936711
1254709977157177344
1267151997633007617
1258216231036911616
1249831835061964801
1256391374812991495
1247635595922456580
1238941680897855491
1252299109740040198
1239579878581829642
1238892680031211520
1247628306280824832
1262407429997936640
1239596303174295553
1258819422787194887
1241386478569230338
1242584551098114071
1251496604911251458
1252139966206898177
1242589137099788290
1240984713780695040
1239658957209247745
1253716567600377860
1262814939657502720
1251562114520580096
1252717760167239680
1252718044025098242
1242092702960963586
1257641184580833286
1244584322004332546
1261364072412409857
1244010971770818561
1250579588285112320
1236769117937577984
1247649788356673538
1250092284814798850
1263108821532188673
1260312214772293632
1241707427092987904
1252385319527145472
1249661452144775169
1265491295163867136
1263560912549576704
1241106557980606464
1248411734357884931
1238958542876540933
1255843972225929218
1261291696240898048
1238819102199894023
1244947823126360066
1251167717207478273
1258413883112513537
1243985440253923328
1242268795579895809
1244292442377109504
1249418705035038722
1268944920980701184
1241008500316286976
1249506697720315904
1251471727885979648
1236824991146168325
1262401394239311872
1264675234940059648
1242195869279170564
1237902776367267845
1241202014702444544
1252271768611454977
1240836029839544320
1248694110933917698
1256374226677903360
1247250995224207363
1259790625223905281
1250142688877346817
1242954036061638657
1249501656682815488
1247516741665685504
1249515328847122437
1239999015607033856
1259144491543511040
1244802734928388097
1248746130659295234
1247272806930407425
1249796559069421569
1239367848658690049
1249845104044630016
1251720866817290240
1241386788335296512
1245120546179821568
1249723127959035904
1247914968713965570
1239643580295188481
1247524850668732416
1241432876111052800
1268619533385785344
1262893660166860803
1242040043809714178
1242037413003833345
1252274906886221830
1242507426873716736
1243654892427902977
1241555265121591296
1243372342136442880
1245851413889961985
1255168624135995393
1243508925858807812
1240297868159844354
1267549675290320897
1260681987414777856
1250768340831830018
1242820296412979200
1259894595363770369
1242205730100436994
1269293047713542144
1265041457884401665
1262841832205094912
1259456292210520064
1265781253791416320
1238137930360782855
1237451459177918464
1251008542179549184
1242443030520610816
1241873190747623425
1254874410722435072
1248726322991554560
1241208135731359744
1255476659161051137
1264358543211278337
1244625999033241601
1240777074698313731
1246472893132877824
1244649855349334017
1246549737697878016
1255108912178696193
1241796512302104577
1240571593081917440
1247364823568056320
1246613282888220705
1244379570519846919
1267248213607751681
1242475487827501056
1255892103504199682
1260682652941770752
1246511090680414213
1245119084263587842
1248989637965688832
1235011033066070017
1241700886696603654
1234913479561302023
1253344941176217606
1261327822989254658
1253427385879257092
1262389911174471682
1250988665779769347
1257093652704374789
1241034979083239430
1254601959358816257
1258353001225478147
1250776848600125442
1247330580422950912
1252647594444099586
1254841776613076999
1242879595436814336
1263469090687115264
1246941371421929472
1241558175112978433
1259455564398067715
1256298857207660549
1246648919267868674
1266085164314169344
1255564713880170501
1246023032663166976
1238909025015730179
1239556544150282240
1242617569745518593
1242532113473253379
1237347364685385729
1255508104961236993
1252933720887230464
1244780779084877824
1257827877711745034
1249064180696547328
1239737803245789186
1240761366161612806
1240717029310685197
1236984401524854784
1245132796982693894
1248443594463154179
1235629603466678272
1239556100812398593
1243624719686995969
1259184970142228480
1246201464579674113
1250821235560402945
1251572536745361408
1242535042636828674
1239260242300600321
1260933151930474498
1255978770332372992
1241780859520405504
1243332031972548610
1247687492649787398
1257328556700557312
1263087586601467904
1238988582506954752
1242946164904861697
1242532785241370625
1251474180530372609
1237142524449390598
1237165137548783616
1243875055467212802
1237575010857840641
1251272103434825735
1248225810458296320
1259929345277255680
1244024077859409920
1265813968054112257
1246022218016067591
1247488203260600320
1258197055660589056
1240767046981505027
1235196290054729728
1255593545743962112
1248736025737715713
1237049904406691841
1249890179990597632
1255593632477872128
1237895162698719233
1241694902645329923
1239561980064804864
1260201866224336896
1242960859560906757
1238168541481885698
1267576847451279361
1255505182332461056
1259618543294992384
1246782673349197824
1249721466502905861
1244389634274144256
1253315429772206080
1260720612852617217
1263826207570833409
1238219039471779840
1244679275699220480
1262735257545179137
1253296817162371072
1242807782648274945
1248226007716442112
1244949148320837632
1245851655930814466
1267164900197117954
1236757255615401987
1245529377288392712
1240833687077507073
1262200775469563904
1254049452266053634
1242224400646262787
1240468353770237954
1245140211773947905
1239523633392910338
1264228449721487361
1253923430870777856
1240329878341406721
1251140408719147008
1261045694753890306
1260577853193797632
1248446116498202624
1235216700322254848
1236632712355745797
1254752863487754240
1244623674008797189
1269803643001352195
1249856355781038081
1249790754874175488
1243282849748455427
1239549709389385731
1238086927770963969
1260853289173876737
1255658526766256128
1268888659899625474
1237446033304625152
1246197304090132483
1241192682011189249
1242880108483969025
1255554949599186944
1262389770031976453
1258073512633344001
1245325767120236545
1241890801740898305
1236983560701165570
1238821024596209665
1242475407473065984
1258549790616416256
1249495405643141120
1242760725375975424
1247292849076539398
1244314316431450113
1244285522710802432
1242764887539044352
1244640030284558336
1250906382590763008
1236888813689020418
1265390649190334473
1253138731617353733
1242516550269231107
1258900591436316673
1248784334112337920
1243362201261359104
1236408922107457537
1242520480122273797
1260574547155267584
1241401263373389825
1270090260966510593
1242863846785720321
1235226743990087681
1246497257895219202
1254115100975300610
1237141910344675330
1264748113832665088
1265711500859244544
1246789789124263936
1242948117445689345
1244998114404155395
1263491933189570560
1242224190687674369
1243907258137874433
1264356670991286272
1246549672203870209
1247601569924886540
1246853556545687552
1238269872070680577
1261947917285416960
1240981215601098753
1243510599977484291
1235718568651755527
1251208829578207235
1249502371077644291
1256029612766871552
1254016912788504576
1237406084828102657
1253922858578911233
1256182337827737600
1242560798326743046
1262389090760212487
1243870341434392577
1268730804043231232
1259292737272270849
1237409182258782209
1246191438842470400
1249504683741282305
1262552047804710912
1253157112437497862
1235973265195139080
1242227269919289344
1261046281784430597
1236286680912592897
1237419415744000000
1241561531063635968
1246793654934687744
1236640221111947265
1268202425195941888
1247180265488818178
1240045567046234118
1249413152359538691
1250203903083384832
1242166342196891655
1249917023532003329
1242225804806959106
1261749611435261959
1242223445796151296
1244805472282120195
1256188005716459520
1246789994431352833
1242557758794346498
1242156783461859330
1257062244975853584
1240947385460719617
1265388086789378050
1237515385626226688
1244393388591513600
1252379802046050308
1241809750163103746
1254832536313827328
1257407591472402432
1241475414704390144
1268171122341744641
1258534746373550081
1260575860123414533
1237348503334125572
1268879957628989440
1249742838692282368
1254589999346941952
1258419356775702535
1243363784971804672
1240418075289231360
1246496869477429251
1243978801002024963
1244700983462178820
1260534159505752064
1260206466801246209
1251501428385996800
1253317900565446659
1244583514705727490
1268269404611137539
1247880847681880064
1240419495820304384
1243938813292003330
1244726725457690630
1245522203183104000
1242167591860350978
1238586292893626369
1237435068437708800
1248977440988442630
1245044772521345030
1236288255957635072
1248924595798843395
1258522376947417089
1237117475868880897
1237953038842834944
1241545589260779520
1239652707281051648
1246791353972994049
1235920380650545154
1248036688477270016
1257390590993539073
1242036701389864960
1237893261433307136
1253067770511712258
1235637803125542912
1244266781490937858
1259451752182620161
1235895339271495681
1241327469568851970
1235623711639777280
1238290769087213568
1264740302583140355
1252221012613246977
1236339628451467265
1259889661423607809
1241940564515438592
1237738531843461124
1239041301837987840
1248422945703133184
1257273645220716547
1256360899444502528
1240261179479482369
1255664079353663491
1268734102833901568
1240756975681638401
1235575530658783234
1264011143661654016
1242191365833973765
1244586582260277248
1249662822679707650
1236292176675471360
1238132607382142979
1241387317258080256
1257029810376847360
1236845904793042947
1257413405805285376
1260573797519888401
1253319668816896000
1248774829051908096
1245417346447130628
1257421592243691527
1235940811436691457
1269285728061661184
1242037891527774209
1258514493044166656
1256240912050655233
1254867104773308420
1268677476756185090
1251114546577752067
1243236617558556673
1244695317771096071
1253834747907801089
1248640377722208257
1252308995882258434
1244992618620162055
1237407044958932999
1251579758762176515
1237411309534183424
1237451456481046530
1243270122653061120
1239247014317211648
1238868994561638402
1257392925518020609
1258089058825355265
1258115858402082819
1237177940103880704
1242862444847992832
1244017954473328643
1250085052672811008
1246130036710703104
1245438847527333891
1268506054809333761
1253065769962934274
1262380781130919937
1260588603647897607
1261775957041479687
1252314083459829761
1240984685699895301
1237716716085547008
1238086866307551237
1247604611655106562
1258204346627641355
1268695620254121984
1236339306685440000
1245732199858671616
1241511427585847299
1264428323758841856
1238321471556067328
1241896388918685697
1248770543958007810
1242754769741103104
1251308508022259712
1266046426183864320
1250143263786500096
1248999196482551809
1244774393680744455
1259617620472578048
1262035700964306944
1244314110231101440
1268938764186980352
1251944672035037185
1267420519290281984
1248030041755258880
1242207737473306625
1250591427366727680
1244950442947289088
1235259793494945794
1238410661337747456
1245655562978594821
1259798274552315905
1259961596773793794
1259966464255295496
1244089548319186944
1264667202692800514
1238109636278071296
1243200408920752128
1239383987241484290
1241330454940303360
1244297045042741252
1257476470928289794
1246138540033007616
1269353364405485568
1255793081753964548
1257471229524574208
1237535928387694592
1262786559075594241
1238561488119517186
1244468001954582530
1245510536499990529
1257322472644374530
1246155292322205697
1247531919006289929
1237583778601504768
1235944642153254913
1259656722735599616
1238018599635337216
1248976914792042496
1270187841067331585
1239367303638155264
1240777540408672256
1248357303725719555
1237106245858967554
1240732619911974921
1244727954703179778
1238469690483191808
1255130021137547264
1244314940456001536
1252197159107284992
1244021047004979200
1262468839624912898
1248930325331353603
1236739804924166144
1239304479993970691
1241048320954548224
1245713985627963395
1252732483625537536
1255466782548262913
1240416281788112896
1250255933411819525
1265380535884537856
1246503640757669888
1235197063970934790
1240999465387012097
1261219486444683264
1237876458011283456
1252735184774053893
1247349581253402626
1253310099826913285
1241859527974301697
1261112892931346434
1249525518598356992
1242150376985505794
1257653933998256133
1260717578336514048
1238926875105378304
1253129374028660738
1250905543713214464
1254831371798839297
1245534838813339648
1257364542167842816
1258348980087525378
1238278377724936192
1241392161695940608
1240822092926517249
1257698649049567232
1244816081363111937
1248250966903668738
1257650278465179648
1240072479617376256
1248775219432603649
1248745447134564352
1242424761768185856
1247193827326205952
1247135410674941952
1242436215279935490
1253066717519122444
1261876645427847168
1252397533701128193
1241033057244778498
1237486237977645057
1238260861682286592
1248617363798282241
1237345566448930822
1242199476036657152
1262934285864120320
1242216983665442822
1251595922007633922
1240699585984487424
1251185387214639107
1252404056653365252
1258067408389992448
1241549362540445704
1239713860879335424
1241772973729685512
1262462553982152704
1238906313096249347
1245783703479083010
1266484072597139461
1239624106665967619
1255253557382651904
1243902767636320258
1261479670526115841
1252643707809083392
1248413910769618945
1248408429313445895
1241853354474713088
1239365598582312961
1241964638637641729
1246034684682911744
1250778002713128960
1252332692995276800
1261091774711373825
1240731601471971334
1237342802251526146
1250770140356116487
1246159798707654658
1243262161956331526
1247354156014239744
1254115498775773184
1262187838369681408
1242205429830205441
1250056439843958788
1244928724660862976
1253664351799644161
1242609403443978241
1237106507281575937
1249875997224296448
1259934793363587073
1242890820962996225
1244033167180341249
1268202026032390146
1258724884676595712
1252230129352351744
1264015263034494980
1242219621140369410
1250476297823883264
1252035072435335169
1256308774710710272
1251100791194124288
1236977471192514563
1260233999991164929
1269769512594952193
1252241897831178240
1264927589841473536
1237420294836494337
1243933272649928704
1235977529518940160
1238284137146077186
1266486144914554883
1250097044456378368
1268225765537189890
1258550189855408128
1240008473083076608
1235941610497683458
1247709734355992580
1253295306722115584
1258149330709622785
1237325146383437826
1253449093646618630
1247015753225768961
1239202268832059392
1257474947196366850
1237395173492944899
1255835879827963904
1238831865399828481
1248777476790267905
1255270175525527552
1251089078835167233
1238015880300298240
1244591815862484992
1259878901112803329
1241858702967267331
1250840994611957763
1241141644579266562
1251883523344130048
1244970183007051776
1247528499008552961
1245868977177292805
1247526041226072065
1240472939306369031
1237879093162414080
1263186713222041600
1238522032616325122
1242289107113586688
1240327193370210305
1246864781581189120
1236476752815427584
1250942382687825920
1251871019968737285
1236339813659348998
1246440480457580545
1242809592352059392
1254877227445039105
1245524298695049216
1237703139903647744
1248785558551302146
1261395737629216768
1238410128820514816
1247713791044997127
1235540366339854338
1237403577217363968
1248645912601255938
1237714008138043392
1238254483358068739
1258066948891406336
1255569471097507841
1247509081620963328
1248772461463830530
1268170270335995906
1245392227142111232
1243570462636023810
1240236944719843328
1259489163356897280
1261462489725833222
1258191942439120897
1253689665649029122
1242204762168229890
1243410125819219968
1240416632511565829
1253722806958858241
1238352768437489664
1239377161011822594
1238018750923911169
1248009716015312896
1238672308430045186
1237750691516559360
1253837769555746817
1244072930700640263
1253453016944033793
1244610550593720320
1239944274487193600
1237394733036527621
1237896517182095366
1255154156207091715
1246534110740459520
1246917703111147520
1270197574759219200
1235953252153376769
1263582156871225345
1242936404822364161
1250548255399776262
1263155764161544199
1244726520519761927
1239376223769366529
1251205197340332032
1237522072693116928
1255303584041914369
1246013376439951360
1236304840147509249
1253345173406388227
1264287170459820032
1264288258277720066
1238620713139032072
1270088317313462273
1240962965966381057
1261594905933201408
1259160525071683584
1244073130122977281
1250997946952417280
1244771036899487745
1246201997847605248
1238159582448496640
1238623984209530880
1239026875000934402
1257470687876386816
1258910342740090880
1249808236271763456
1267567297876672512
1248767955715883008
1241314495886221313
1257296180293353473
1258583127141888002
1240803732239122434
1237049173716893697
1240967429871853568
1242270347413635072
1246778446505807873
1259798123540631552
1237815645020073985
1240965022270074880
1255680925943435270
1270670639486111744
1244312736625983488
1246816652899028993
1257461816403378177
1259994114969473024
1263185794652610561
1253794844054519811
1244310864397766660
1246590952506081281
1242753708598976517
1252988377026134017
1259211273293701120
1251172648056430592
1250549948178972673
1248778491862175746
1247218851546312706
1249877750934130688
1246229775376621569
1242754133280555008
1244311733474295808
1242155762958381056
1260238767920644096
1242753479715807232
1242074540420841477
1241888154304557056
1250460741209141249
1246100296285200386
1253062938094645250
1241237927696510976
1252002828794638336
1249812439782297600
1242631958267600896
1259880013387702272
1235953154577051648
1251634334123077633
1242236177559715841
1241549069614448641
1238409742629908481
1248210292535971845
1260650372512641024
1243680587803758592
1237708315624439808
1248409726884298758
1246883824853712897
1237109622336622592
1251290390331867136
1250612794480885760
1259188234472402944
1245733273302700033
1268691706725183491
1242051018474631169
1242082653228003329
1265425351343255552
1246073463363661824
1252241409542848513
1246041209933627397
1237096095932723202
1243294528527904769
1253490788748734466
1236335524274634752
1239681588864172032
1248797799933771781
1252991405011750912
1258744271139753984
1245505423995736065
1269641774160588802
1244771190603948038
1235197735147577346
1238109960107634690
1258177291034808322
1245480195768934400
1237916126983737345
1240036654192132097
1236618850776633344
1243261205772488707
1259460940426293248
1243212259901440001
1247347982657298432
1245455146060038144
1247613905817534465
1260739824845193220
1256306211408023552
1242070137051787264
1264927078228602883
1238089393933598720
1258536266804506624
1241860613166563328
1245491991254884352
1254006124996710402
1263156104835616769
1254042620864708613
1254059145772367873
1247130082185019393
1249365425911222277
1266037621471535104
1248788671404412928
1253335951104897025
1237020446807244801
1258067972427354112
1243676501163245570
1239655898446008325
1246572568833908737
1258117882615136256
1268695920301965314
1242230597826871304
1255150487961079808
1237498711833444354
1253394601702043649
1270196727782522880
1248611372729950208
1237756113027817479
1266185506427228160
1242936890824810502
1246013846986395649
1262554414444875777
1239545949422264320
1237156293334491142
1246640416461656067
1240767586838732800
1243618133434404870
1244101562261286912
1248616589047418881
1244298659975630848
1253478963017637890
1245287391889371137
1240371027756167180
1252247951432392706
1253489075312443394
1261632930524336129
1270125379802378240
1240236546638467072
1244613802181701634
1249534578626355202
1248327263931768835
1261331110887374852
1263655537654325249
1253834689921658884
1250774572628152320
1252298180768784389
1245506946771361797
1268694211982954496
1258813820480479235
1250058033159450627
1245353462759653376
1245383313839316994
1242081537849425921
1262097723198750729
1242052948013789184
1238294605797494784
1252221844163383296
1252035404741709826
1247855653802184704
1244236486486130688
1235031454419218433
1252961490057007106
1251863474952638465
1239340647225741319
1247681232361738247
1240115746216333315
1258405836357058562
1260995671404019712
1252619053618823169
1252391231058882560
1242629288307933194
1240342233611730944
1252619491617497089
1252297828497608706
1254043030413246466
1244009786020159489
1256338123954565125
1237354828180926466
1242289319479586816
1236446453037490176
1242908109095526404
1261632438440284165
1270403416691560455
1263184780528680960
1235541070760599552
1241022530359570435
1248759966216970240
1244336937323896832
1239390796559921152
1250183465854734342
1239694877367173120
1241203094878371844
1252578538710085632
1236405772113887233
1239917468560297984
1267806372361633792
1241885358121459719
1246143574846177282
1246436656565059584
1247325941694685185
1260308476871561216
1244039968697311232
1242070509992509441
1255888870195040264
1250175331262218241
1255152234741919745
1250895185824952320
1270193397672955904
1237814018519314437
1253831627991658498
1254052364132253701
1249514449708503040
1242047526989189121
1240963705883459584
1236771010734632960
1243372459593695238
1246836912385597440
1253485337017540609
1264605284326150150
1250465530932350977
1239303573151911941
1252973993101008898
1253721202964586496
1246224097463459845
1242463801984921600
1242067453460590593
1242484459179520000
1237404237405073410
1242965243917225984
1246258834416586754
1239878130493468672
1259994991436410880
1236292606516174853
1242846061879791617
1239223672067555336
1250930429244440576
1253802000107614210
1263188205349765122
1262435146294349826
1254768282189484032
1241203408570327040
1246649704580091906
1243372949001908224
1248834441465733121
1235570904542953472
1244682787027922950
1242629286881869824
1263177477024813057
1265692150546784258
1243030257155952640
1240625736001761282
1244250050148122624
1237872407412523014
1236436030326280192
1240279925220925440
1246554383971758080
1240489998215983105
1256928597413187586
1258354881842331649
1258179377541636096
1242480461353451521
1238524850878242817
1238524984999530501
1242167029005799424
1253449230804488198
1247293033504178177
1241911263069974528
1237496121360109573
1240416235520692230
1245454975930716160
1253604118972829697
1255285000037191681
1253873453050052609
1260677736261181442
1266036817155031045
1235607908940951554
1259279641484972044
1241332702625837057
1246903500371628039
1237597482000863233
1236774685406302210
1237922743703818241
1244969206766096384
1235991912584278017
1244446049479122946
1235603126318751745
1265230155934502912
1241237660024348673
1258560493280735233
1242609055736176647
1235560318782386176
1255952191321518093
1258908068269654016
1255453259109732354
1235391526596833280
1250479175397498881
1252229231276208136
1235562471215091712
1236140653140037632
1239517832636923904
1240803681341145089
1235068341083082752
1262356492105236485
1248069462131171339
1235914936066416642
1239736002006134787
1255820899745398785
1263309219949948929
1243314403484864519
1240019591591493633
1240023122700644355
1252242219714650113
1235917330967715840
1245490806477271047
1253663567620046850
1239715472712572934
1239216897952043014
1253472839740592128
1242899302197923841
1253748750729859074
1258838727499100161
1240444576244150279
1268604373871058948
1252988144720453638
1249697665111207936
1248770950054785026
1246848245101408256
1254772606927925251
1259875872368136192
1244286470258667521
1260928990350471170
1262064177662898177
1239010540027924480
1260203965586825216
1247856374324887552
1247927005011730432
1259570586675707908
1240477168737681409
1258511272041082880
1237704237284569092
1239918454347649026
1253498663701221376
1253782153416126466
1236391194382524418
1261042581015691264
1251196838692229121
1239317101883596811
1246909840569622528
1244615753048997894
1240116637300334594
1240235783262535680
1265261824959811584
1237025802904010752
1259535727093780482
1238176062200328195
1242456843215147010
1256074127150104576
1261760495238942721
1243316341064511490
1245911792267726850
1258438865297293315
1243722095089123329
1247873729981485056
1252990600552550401
1242568457939570689
1234998033445572611
1257671260940775428
1258493502817742853
1240362640431554561
1237385325871316992
1247360015708631040
1237703730503573506
1249354259000430598
1236321464174948352
1237382267842027521
1238181421816131585
1237387896233082880
1247530235144179713
1247530384071340041
1269093395802226688
1241134953758367749
1239353731612905477
1241062560625037318
1237426282444578822
1252632780049129474
1264539237279584256
1247994987360464896
1243926577878126595
1245489697083850754
1236797709249626118
1238016090841776128
1245908923464536064
1236329272735870981
1247990197100449793
1240057289572331521
1246444428413280264
1242901983637487618
1238850140976414720
1247590746473054208
1246444746895212545
1242800914139959296
1255288514339627008
1252970125478825987
1242877810462638088
1265047317780013056
1263484675307290624
1240114299240136713
1248376661210357766
1248429016048001024
1258855550001000448
1249484571894259713
1251999943478444039
1244344583162658817
1259876338598625281
1249027058182828032
1247936017094541313
1258911527068934144
1255140787060240387
1236788847402455041
1242117598780829697
1243954532050231296
1259465541770784769
1247855360251236352
1237388900177514496
1257447802835292161
1238251626315632642
1261407523384578048
1260960153710534661
1247496484846817280
1254879388308508673
1236295426548076544
1250588143989993472
1255171740159926275
1248702054341791745
1238603327455342593
1239224008119406592
1238208579762556935
1238115063535472647
1253484029388750850
1236402672351281152
1237385791862702080
1236990126695342080
1255202709516570624
1260939328831860738
1241059624079548416
1250527405896273921
1244772253046394880
1244772578520117255
1247001048067252224
1255616226576998403
1262905746091659264
1246542720040083459
1247148396655321088
1237381862139535360
1270311788840734723
1241322217838952449
1242835572475006976
1246890406597533697
1246255594853597184
1235027744263528448
1247541854779756545
1245282685611921408
1247704594068779008
1245210202628030464
1242456511890276355
1263288199021056012
1266075792615903237
1247347416430493700
1250188181355532293
1258561207264518150
1243191045107732483
1270558100748197893
1244333741721432065
1253378146553999362
1259628737106239488
1254241774475894784
1246283291495448579
1239012157628583937
1248167033772093446
1243189516975865857
1241833932120903682
1243949991225368576
1249704790210359297
1240404330601201664
1256648740552749059
1243662676766519296
1241235542223831041
1251559564870389760
1249703842289246208
1250460264325165056
1236341210928775168
1259678629723848704
1246771186845077504
1245840626555465730
1255932355082104834
1252562381345095681
1238500016647536640
1259636074764283906
1243930386738151425
1263166802143645698
1244991931610025985
1264755019393499138
1245785221687017473
1260630702669824000
1244344507908358145
1244299385451708416
1248363096680398851
1265303365619236865
1247906879755485185
1254542264677867525
1244444977448587265
1244073334033330176
1239342711016165377
1238220819899330562
1258536658627997696
1258537876486156288
1244352445892956160
1237382570020569089
1258810827966156800
1241548298458206213
1243942532792438786
1237005918337982465
1249698191672475648
1246100070715609089
1248020408462446592
1254799779801989122
1250429291814195200
1255306688221061120
1243660827292565504
1241851319377330189
1256307147555528704
1238211867534938112
1256273490950447104
1261103610513043456
1247963269832282113
1242508991198105602
1244343701939335175
1242916904404213763
1265526632359608321
1249709615216046082
1241336792818823168
1240406663036899329
1258739223391358977
1246012731548995591
1240062201983111170
1243949207855271936
1250973780224159751
1238630673214291971
1241729133161431041
1260006112490926083
1244240735249014785
1254227098186788867
1242512221160312834
1248377006548385794
1252976026348662784
1241165446231085057
1245078802616791048
1254907631455649794
1249701056428281856
1240624980540502017
1239007661326286849
1247160246772137984
1240626427759865859
1239761069163282434
1251204986492596224
1249341006274756609
1241409294916112384
1269019973692907521
1258138968006234113
1236797219732414466
1240695717464686592
1243950712159186945
1253038323154792448
1258107599817453568
1248666302882942981
1249119404484427776
1239361332618629120
1241238033002889216
1270437947817500674
1255309610778529793
1250876632442830853
1253134932714622976
1238997417137242112
1238177281039892483
1262161299921928196
1237491946005966850
1239936053039030272
1246885486846709760
1254901890124599296
1236707419528495105
1252680021191413762
1263100940321722369
1237345180505817088
1238775282175283201
1249011562150604801
1243101944052436992
1254170544133541889
1242513877507735553
1236706792232628224
1255873642770071553
1244242137253924869
1245146691881353218
1258179833026281472
1264604788286767116
1245503150246813697
1237064228030332929
1256307710556954624
1249010001554931713
1244729965490458624
1250041892961738752
1243863650579795969
1255874129816928256
1250111725648654336
1251649324683051008
1261330895551807496
1250101545749884929
1238070540314783746
1247964456132513793
1263769022417469440
1245844760281186304
1265598248716242951
1250074538026680326
1249821728584404994
1235914560844058626
1246600193044295687
1248053166580674561
1241847303331360768
1266127183409537027
1257398957384359936
1239591467259236354
1250172461917908995
1245332270342443008
1250846539670568966
1237702642337566720
1252936483398451200
1247209529558929408
1258509196988829696
1240056360571674625
1236140358821650432
1259826933048713216
1240111947712004097
1250185806452580358
1256341581780578304
1256566805033881600
1240322064705339395
1237089729738428416
1239634035258920961
1243232648207761421
1239938070818021376
1236423089862389762
1263187505907720192
1245842571634642944
1248638313256419328
1237384789235302400
1239936197042098179
1252975976688074752
1245502335134183425
1253501590599806979
1250049625089859585
1240275947569516547
1239570461308211200
1260221412096258050
1234939221049323521
1254900129871679495
1241185001267499010
1254851265588322304
1253764638417788929
1253760615195295744
1259845165608579073
1248707931744407552
1255456309501140993
1250413765612503041
1249696183402016768
1254136302074769408
1266029110985457664
1235638717982752768
1243178888353779712
1239678062645645318
1262928915959615490
1242610882171080704
1259788949171683333
1241908551846682625
1241489363671924745
1235915522899918850
1259466176981327872
1244312558825283587
1241910975105830912
1250736787464556545
1264345087800152067
1236625774138007552
1247206430823849986
1251177577361944577
1236788198979878916
1243666053550559234
1242458759668158465
1256698601092403200
1239633720002437120
1243688913765642240
1242262223919239169
1244351261123792896
1246970572300484616
1241848970814636033
1253503078793392128
1240624699895418883
1265081843512213504
1239310612049559555
1259474547159556096
1237756713819934721
1235735999159861249
1254877891013287936
1266054000350281730
1243925676601815042
1257426977017008132
1240101934016716800
1248550043537326082
1237201163835125762
1243142790021820417
1252681042454028294
1247150651852947459
1246284144860151810
1242609641890160643
1256335630260244480
1252696946776723461
1238579750362320896
1242266757705994245
1253001576979070976
1237195189543997441
1245665184422735873
1242692173411356672
1243665310667939843
1241830256731983873
1244990271017881600
1250874770696126465
1253760938697785344
1264591905452691459
1239571510572040195
1238250887564464130
1239006328623955975
1248628809869545472
1243141903895461889
1254856390566227971
1248710275366346754
1258035321897398273
1245167165797474305
1259785617816408065
1244748666243559425
1244041869706788867
1262483794839457793
1250760266322784256
1257315070175936512
1252356971971227648
1252698389126488064
1239507229717520386
1257432162938339330
1235343029663387649
1244304069189083136
1246596944262283265
1237123257674928134
1242174194344964103
1242833307827605505
1244731464115240960
1262571584755294219
1236725945391874049
1252662074532126722
1236849122247880704
1252049698589990912
1270312218140303360
1245502683303288833
1238523107629060102
1238052367146377217
1254455136333762562
1241317571321831425
1244333164421697536
1245669726333911045
1244302417233088514
1250533386164342785
1247199665667391493
1253125751894933505
1251303270129287168
1255183973854121991
1248023593067450368
1248714111397085184
1254214303990910983
1247304709767073797
1243315078432251905
1244989859288231936
1238574813142228993
1251286109507723265
1257236516000141312
1251296589785808896
1240687286854930440
1244302858184470530
1249352354329235458
1260329279927304195
1244300621261557766
1242691956070809600
1244730614693138433
1249087684515172352
1239895549194702850
1258035036005302272
1270401463286718467
1254897175684960259
1243012741171949568
1252284175945740290
1263533114460196867
1240112404429770754
1240112760056356865
1264664238511054853
1265749462376427520
1262030501008850945
1249342479629012994
1237881249756143619
1266131942682099714
1253088609638350849
1253131992427872256
1260997619834335233
1263135523301924867
1257356376629788684
1259946659204784134
1256192409538617344
1243186498297638915
1261445223206522892
1252697336465305605
1249706577805836290
1241320849875099649
1241911858304561154
1248393171593080834
1252969220029255683
1238291246080241664
1253299328418021376
1251864439445471232
1250896147352293377
1253924397699813376
1249345083746521090
1265373593887703040
1242093248316952576
1260222823399915530
1258037513026969604
1265598964969209856
1242896293560754176
1247897285393973251
1258059303895937024
1249090981753954304
1239890315202433025
1239935084381245449
1241410242346455040
1253503681871429632
1242058729052348418
1241845424048222213
1264595831992324098
1243350860996005888
1237493996441628672
1251276052812443650
1266030305686827008
1255139639079268352
1260592320975712256
1263462888250933250
1252711028963639297
1244706660620341248
1244301405428596737
1258033022902960128
1243205576588513280
1270314436201517059
1239340814469398528
1240708304445165569
1247497043930742789
1239382457813786625
1243952808967188482
1243971857088483329
1238244357964251138
1239312402522537987
1255571309754494983
1243918043958382592
1251487394123186179
1240314723477921793
1244304803280424961
1264436386649837569
1247988892483162115
1235068142495207424
1244301179414249475
1243716638152822785
1246081318993235970
1239146827892625408
1238981204361306112
1238160199661359104
1250498010880061440
1249354607958073344
1265405185880358920
1247740696288772096
1258058070929915909
1243016003656835073
1269680373581176833
1243204311816994819
1248522221703663616
1246832975830024192
1254170264809738240
1242510777464094720
1239964671068667906
1263459273562087424
1258058343404523521
1243206868694183937
1240233502127210496
1245183085328633859
1245394667715407878
1255461553261993987
1243352827063414792
1239313308261498882
1267838013389836288
1242260054935470083
1244718639300952066
1254457329229193219
1259584940016054272
1260594447764598787
1238811439424512000
1242515011148419074
1235282040947384320
1265280891305299970
1244734943818919946
1259847199720181765
1258033508905254912
1237556829569179651
1252693231822929922
1242997812712951811
1248565439820595202
1254380750817964033
1259816982628704258
1237907524692652032
1260595616574472194
1269680267108790273
1241409530031988741
1237910094278524930
1237205807307075584
1237458034009440256
1257972157440811008
1237905668398514177
1237559737618534400
1240709806811381762
1249318033274867714
1249830299736985601
1258109566258216960
1257501512647028736
1264435363902377985
1253805359124398082
1259700889541017602
1242265963980099585
1242265769607561216
1250220781935767552
1254207747467489281
1243089252918886402
1247924224729198593
1253728341905027072
1262828267062558721
1268918046367911937
1244458183139131393
1239284348223881224
1254417976410935298
1242329342522396673
1243016265612111876
1253728011830079488
1244730182570819588
1242140215654875137
1254214502578630664
1242909635406856198
1250504303372111877
1242263053644771330
1237460988749807623
1242264446459957248
1244754700748152836
1248331162415697920
1248330139727007747
1238550270176645122
1269606076133113856
1243247004035084288
1241747121465950215
1253804280567513089
1257340523523825665
1246112101199986689
1237544119854981120
1246113144520523778
1249826713363775490
1250505094140956674
1253803850965946368
1236856732703502341
1241748967869816832
1243245389056180224
1243247387432357889
1261079398553436161
1261079711985422337
1242140723476037632
1261072815257608197
1261085277348605952
1261074125180690432
