1249535974419431424
1247510244491747332
1256664729017335813
1266244474553786369
1237427728728690688
1239573834342305792
1240335583022649345
1262782866838228992
1244603024946769921
1261778516661678087
1245344315351748610
1241649524969439233
1244392024113139714
1241534807164755970
1256954347839197184
1242945830388195329
1244935287232290817
1253152028144005121
1250238364701220866
1254953525563572224
1258793950065786880
1239863203888156672
1250259645307985921
1257504098909409282
1249465784600006656
1244937446720024576
1245450275911020546
1262965852565110785
1244576552022495232
1245108452139118597
1257848420359761925
1254119658346733568
1244700935248584704
1246210295346991104
1235920016987615232
1244777901884682240
1241694152166965249
1255194685674569729
1244702913412431872
1240099666794086400
1243485814757060608
1252650768773062657
1249534426792505344
1248194324321439744
1249465788521644038
1244575729813032966
1246522160111398912
1253313166571962368
1254957178735263745
1247474034121605121
1238468772450701313
1248834878952611843
1237917735260016641
1254531457181245444
1252961764314136576
1255272092859326465
1247592082119720961
1246543487669096448
1261134695221334017
1239341831453892611
1254829325297352710
1258998580171464704
1249903865077604354
1245918370651721732
1237600158256259073
1245296000539004934
1247313359315197952
1245678745303818241
1246285763655892994
1238529279446732802
1259882242349961216
1255881270967574528
1247896344963870724
1246469016002199553
1258110087761145856
1258389739025117185
1240106515618566144
1250731308009115650
1240023972030234624
1238048143305920512
1255802652413161472
1251920538886422529
1249880106534711297
1249012839030939649
1258110054580064259
1245356107398250496
1237944135518228483
1237941939133124608
