1265737502134067201
1245164902286843904
1247883065558523905
1239086708731154434
1238639736656461824
1249838257631830016
1241783175489171457
1245100588645462016
1237567396535087109
1247117061580566530
1237568117959610368
1250492047053766656
1249370764505161729
1238699590188257282
1246155634367705089
1240729800421134342
1240400278685397000
1269026441636786177
1252183482056486912
1262355274830163968
1243467136770674688
1242575700563046407
1260050780163387394
1248261098752675840
1239347754368974848
1247916435894087685
1238696722492272641
1246856991110311937
1250752452267331584
1247338119164297216
1241108113945776135
1244640398884196355
1237625807935332353
1242589790647828488
1236111395881717762
1258760193191620608
1238827661708984321
1240748864543559682
1242545753601519626
1243698487491006467
1241805506601197571
1264235786993651712
1258372588507508736
1252685742448562177
1238428700825313280
1245820112386633729
1244427854496088073
1250271169581699074
1243274912913076224
1265102933751992321
1256329493934862336
1240079969700765699
1246148955492225024
1244082536701140994
1266139531222437888
1242572614775771138
1253049827694383105
1257687179339456513
1237821663728644096
1247568474899124232
1242807712934776832
1243705532550176770
1250267094639423488
1250817951575486468
1267797618215858177
1237448640668422149
1239599503445045248
1268938864669925376
1245369967127789570
1246915934088040448
1240772276003504128
1242770116556861440
1243161360491597826
1237569734578561024
1237719659161493504
1249898777789509632
1238603003168534535
1236271828852760576
1246423560215805954
1242763448087445507
1247282991967150087
1266138400601575424
1247625523452416001
1242419509035753478
1236982289449521152
1246579652476448770
1239862650156265474
1254128235622944770
1244319323809865732
1243630268616851456
1244645087986008065
1238513594754641922
1234933803833004033
1241550707410587648
1269759342477279233
1239876856029097985
1237569069999521793
1255163800371769351
1262398468141862914
1241874526423715842
1251269419076116480
1242945429219803141
1238556291154534401
1239576551500496896
1235906980092526597
1243882719295217666
1249381515894669315
1247261088837783552
1270210992509763584
1240748922232061954
1253153199063805957
1238951583435698177
1235701484005863426
1251567125187235840
1243354653087186948
1255253504383467522
1259890988681748480
1245069055905673216
1261338798954352641
1246511011739455490
1243328740211544066
1266365981498019840
1237524207619063808
1243882874354438154
1252688780701716482
1234900973392363520
1240262207633580034
1238939042240217088
1239614652138561537
1249907540843954176
1239875886700208133
1241476392656740352
1262414272010825728
1237579774752514049
1237344103362441218
1252599744402243585
1246497403076829184
1243740792155488259
1242666785306009600
1243650138960277504
1240032258779725835
1261798019042861056
1264328249578008577
1241465259631824896
1246182967011094530
1239740019268608006
1248017767267102720
1240052955325386753
1248403327756320770
1255965934650613766
1266607196609093633
1252519999606054912
1235673589539631118
1239324759554392065
1236385437796782080
1238464909601640448
1238141260218728448
1247818263993692160
1241718234191200268
1259321681123868673
1252216914937630721
1245121240915947522
1240832642041425920
1243707282199887872
1242071889415200782
1249410165587263488
1251936003952082945
1239693803004612609
1265968420618731520
1259644818218680322
1236195395891585025
1242559763860381699
1243507479792754688
1257087183137243137
1246509361381466113
1265122342746951680
1239064216843280384
1235369425030742017
1262502175676215296
1249359201564086274
1244439054135025667
1235155434199228416
1251681031301758977
1257041671323373568
1239743404881457153
1248732619593916417
1239627714350526464
1270411038379462662
1257439702430420994
1238300317764259841
1249361887101366272
1248241773773799425
1257767841027297288
1252701153269334018
1246912299253858305
1258103712482033664
1237152993897840642
1246915778676391936
1257808448797970432
1254962086318391298
1240304800488718339
1245341116699942913
1254125075823026177
1245121439461752835
1238660647690346496
1238430248204677122
1257768244527501312
1264557678287818752
1244625281404620803
1255297636225122305
1241465867994632192
1255888932170063872
1257665474512510977
1236123990378373120
1265817236570279943
1247274714093019137
1252816244115267585
1239876940233936896
1267054989492596736
1255165313563459584
1235006627578859521
1254484024250245121
1249076489653563392
1238822930592739329
1264907688179306498
1239740969106407424
1249833487743549442
1258102853425664000
1264184299428995075
1239186604293570560
1246512591150764037
1237580693732872193
1253004699948769281
1246902377090777095
1237698820944748544
1248572215760760833
1240558924971028481
1241871487356846080
1249049737950564352
1250393336353116161
1250563225302818818
1249493910025576448
1249754242166001670
1252908250984579074
1250090688571719681
1249751003458568200
1249365368642158598
1262812350261968902
1250792020064550913
1266321642608877568
1264632462132629504
1238654432008638464
1265100881214803968
1247054393805070342
1238652677803966465
1265128548525899777
1261907826823266305
1250572111447547909
1242573970139951105
1247853260024827905
1260261165894176769
1238170299486679040
1251148397370765312
1259353520823771137
1243515543723933696
1247173502316281859
1242762255906877441
1239257607661109248
1256529634079932416
1246854274451111936
1252201792651366400
1252577106879537152
1248942118787264513
1237070378805145606
1249799263464443910
1237569430546087939
1265061404995989510
1237514295048466432
1250898046285684742
1249524869324312577
1245864553490960385
1260905360786890752
1243307879811158029
1270431052474003456
1255476761430802432
1244612179007021056
1242489860512010242
1245869288277168130
1266693123083776002
1252400893065977856
1248340143821533186
1257678066505129990
1265982743302877185
1266320988293271552
1241703852652597248
1242775622839042048
1246498149369249792
1250940098520154112
1246910940873965568
1241602279951740928
1256733458107432966
1247669726676946948
1237150906141028356
1243158337719611395
1238649115740946432
1243706326527741958
1253669854617448448
1244629132652302336
1252716258069483523
1244222273726427136
1242258798997356544
1235307285292908545
1247378600782954496
1265761317413179394
1243600856982962177
1253426801612742657
1247611396726161409
1252571211978153984
1244953580978741252
1242986146688352258
1242939986196004872
1255242525415276547
1245064342447456261
1240777897989849089
1247571641980325889
1240400010417778689
1239189866094776321
1243276264468819971
1253417806525116416
1243249308725583882
1241246892803194880
1241867382592806925
1250089857176801280
1238324741867479040
1242739746159439873
1248279315055284226
1249643020741423105
1238658922153639939
1247487767631794176
1245893965896994818
1242762843906342912
1241825832588500992
1238133454455390208
1259795815889076230
1246182454911807488
1253667190798245895
1262078456910798848
1240054607046488066
1266519264497995777
1261783092513198083
1237151747812007936
1237152021125496834
1240779092150149120
1260934571824209920
1244980207888543744
1255927480776622081
1242592459026292738
1244421283259056133
1242598481920917505
1244373140039401476
1250541280993718272
1239875693124694016
1242986697320734720
1239691669802450946
1242497146705924097
1244580536984784897
1263823544393371649
1255282524034666497
1239572752014573568
1262392873951145993
1236088634299879424
1241820488235655170
1247230087516348417
1253900210377547776
1248649998281199617
1262355772962373634
1244016591588786177
1247152787454074882
1251595885366185989
1247262318167306247
1246091546761592832
1248794598236917761
1250089039140663299
1262716186732761091
1239597104999337985
1239541361721905152
1265267406164951043
1255845164884557824
1242517536555630593
1244430814374436869
1246419761229152256
1247636754779209729
1253751421025091586
1245087791324770313
1250572614466244609
1244541000669954048
1246519778145116163
1260025800738267136
1252835305352122372
1246786561649381377
1246521537257254912
1244669292639027201
1249373435446394883
1246498176581996544
1251935366854201347
1247173556020088833
1237749123337633792
1267249324016140289
1255877485360791564
1239600795064176645
1236126940274323456
1263145129193472002
1252381183360380941
1238912002048897031
1268582724929048576
1240420411982131200
1249383961861726210
1243695589277290496
1262410126755090438
1265607604979609600
1257461702599348230
1251124017563566081
1247259229653733378
1236827288681033728
1236827504830296065
1252816440656183296
1260904863971540995
1239998049734320129
1253077858383208448
1252389273061343234
1240419163157471239
1243212938460176386
1247285571132801026
1238334193383415808
1265640795081752576
1254491281469976577
1248274388761403393
1244368306661974019
1260046351372558338
1252215328127553537
1262109286093766663
1241087075052650501
1255080193435275270
1241802029737152512
1240435093249892354
1240639795631738887
1244812190726619138
1248669907157504003
1242198638195023878
1237788489858658305
1250582649527250944
1244761014400212992
1253007595675189249
1242585482296545282
1235195268519399424
1244790455126110211
1241715446824480771
1236803549109067776
1265388277584011266
1260165483682291713
1237070620174811144
1243236240754913280
1260049298345070593
1242944143669760000
1248676563383734275
1251697942483759105
1252598286747340802
1237134702080901124
1234953800349364231
1239777422226141186
1239754936176566272
1242764370578472960
1253888272960544769
1238303328179826688
1265314663291662342
1244421370316029952
1263983931520692226
1244956968550379521
1246421395598385153
1247514253302603781
1253716718276562945
1243873976264376321
1251512148725030913
1253993979814850560
1238945883305246720
1255859716846170115
1246561734476906498
1248720584290304000
1261778983017906182
1240123736612896771
1245173678456877056
1240756321554698240
1262240127742590978
1263219611308351489
1246203239554600962
1242444763720290304
1235673261138206720
1261654802519527424
1265063894365679618
1240131813529530370
1253464793417224193
1242951667567468544
1249369392116350984
1249370066493333509
1246820769876901888
1239885571973099521
1239212800909680651
1249750670531596290
1247224987817332737
1240711723948048397
1240064425958215681
1251691903227252741
1238236892841365507
1246941613529718786
1258849416041115650
1247264416351096836
1241782302847504385
1263217390831259648
1250089932946800641
1243649678085890052
1247298319715635200
1252303594491195395
1252301091015925769
1235711567402065920
1245537707918385152
1236505303627292672
1252274398880546818
1240048973240512512
1243973403087982592
1267395108170805248
1237412561869582337
1239560495620734981
1239978043902320641
1242967168108675072
1266042596557836295
1238306395923120130
1243707835080376323
1247301414784811011
1245709684142718976
1237069206409093123
1234935219276460034
1239658306429489152
1259428435363061766
1241527265302806531
1254783100292218880
1241110702158303234
1238469217764204544
1262351589198761984
1245180878759878656
1235370074917269506
1253492387265028099
1260667395594760194
1242443186871599106
1267151160982544386
1243169081890615297
1240135199477940236
1246517176657469446
1245726345390407681
1240643494399574016
1242583431105708032
1248300038134136835
1251148943947227139
1248988768515895299
1255471735182409730
1247611009822531584
1246947097347264513
1242587218570612743
1237762775566422016
1255515890885570562
1241651712307482625
1252706281523208192
1236414972927901702
1239329923745095681
1239685117330759682
1245439307395063809
1243705241775857664
1242199833773060096
1242192824113733632
1244372470452363265
1248282678098526210
1237533246918758400
1240439143643205640
1257150336558661632
1249297274359988224
1244953034775552001
1238831114891993092
1243630644179148801
1248404751537987585
1260646371452833794
1240734326939140097
1240769505539903488
1249684048185905154
1248754912768528384
1255302578285486085
1262485810563121156
1236430138897764352
1247514139712421889
1238490172746010625
1251496723677052929
1262702945256251392
1262578679558930439
1237448461332725763
1253150341660577793
1242505514354905088
1246388757772881920
1260734876686397440
1239247408397266944
1241552882173870086
1249762966217555971
1250781836994908160
1244450964763017216
1245050731578765314
1250090486485917696
1253432144350728192
1255112196935299073
1255161076859179008
1252947418867544064
1249368634910179328
1239688113183735808
1241540385576493056
1240435326608343040
1238829486856114176
1245420317318811650
1246604189377101825
1248346125561667586
1234953061208133632
1255869902222700546
1243239353171705856
1255425997823979520
1265396066813456384
1243336891904200705
1249062436126195713
1246262823354802176
1236447224739115021
1242669804839985152
1237411573330739200
1242382918917513217
1258075888895352834
1245894156704251910
1252399449873121291
1246608181649911808
1240974999336423433
1237529826820411393
1238700881215971331
1252598749333016577
1243982408103399424
1259092368046919680
1238349878629146624
1242547512965304320
1263524970002604033
1249663231460851712
1252942507501072385
1255335519053131776
1258892466465406976
1245375857964863489
1269703585174040576
1235382606847492103
1254129912421769217
1239646348623908864
1240801565927186433
1247686284002426880
1248654384176734208
1235200093470339077
1253306063887237120
1242275310382579712
1250778994368286720
1246511318544375811
1242588469764988933
1238592273765597185
1245165072441360386
1238438899145478144
1247937955555151879
1262199356033314816
1249665030053822464
1243220488064819201
1240946488051630081
1242412975757164545
1240397624731226113
1245194173311070213
1242108912922492928
1242276403846012933
1242109684825444353
1238611167037325312
1246510719711010817
1252062836962013185
1242275369186668545
1245798271055998976
1245326012797390853
1249070694836719618
1257121780654911490
1243301852944445445
1237695783706730497
1254051818532986881
1242251214395490307
1239733980808777728
1249002905249734663
1257641146123157504
1243879904502054913
1244936852815196160
1239690569275920384
1246499032081534979
1237949987855663105
1238587947282292736
1242805960911044608
1244323971056664577
1251602260540428289
1245178270150164480
1242558112483217408
1244623004522426368
1249371805762105345
1244697219023937539
1239664474220572679
1241557288017702920
1240979374159118338
1239331557699190789
1236133841363968001
1243695247936405504
1238531929818923010
1235902096844697601
1243700632151785475
1242990425922822145
1266825504457404420
1260554553797365760
1245440314380296199
1245108009803616261
1245774610001469441
1244288600415617024
1257768236306755584
1241512258519384065
1242386106676662274
1244271770061942784
1250914525622218753
1266744232213123073
1244294300529233920
1237086384701222912
1254180214277627905
1260256220931293191
1248751023298150406
1261747794966188032
1243506883631222786
1257787872838631425
1250804394171514887
1261384239133556736
1240953484494733314
1241680197302312961
1246504178521907200
1241556068892921856
1257546653143371776
1263630553355620352
1257666128198995968
1239958024082591746
1237052630242930688
1250302236380389378
1242574666675490818
1239366641277861889
1253437378070491137
1240944302248861696
1253670918234218496
1237147242215157760
1241612166479982592
1238553410603028483
1242387084280725504
1249764916648710145
1245796023466897408
1253052167403028482
1238907917077819393
1255597529787482116
1238970240979144706
1250916741380702208
1246061332581027846
1237049520069976069
1237135576509407233
1241304195401166848
1253021341277708290
1242449951533252609
1238641567499419648
1246925441568591878
1253577412568367105
1247830977906446336
1263265621887930368
1238958353671430144
1261283838669578241
1245160309947588609
1262529806224306178
1237894504172023809
1261640508335587330
1253413615916351495
1248859680463630337
1237513517604827136
1263651653825200130
1242228753662652417
1248224981907111936
1247645628026556421
1244315662727688192
1237453522813235201
1249414057637093376
1246783916737998849
1243304545171709952
1254813589464125446
1246787111505801216
1249380772932444163
1244363502975881217
1244276705243598852
1265641289900589067
1248419860985479168
1241811655438274567
1260050335269257217
1246054806441152514
1245875507029254144
1248843090208620544
1260682497983229955
1240947290304581634
1262816075495940097
1247587186406494208
1242576619274936321
1258254574407897089
1241889238637072385
1244909374373593089
1244983908208447489
1242253155745828864
1244807670684672002
1266100665421639684
1249745817570811906
1245768954502623234
1254046799406542848
1238263130574200832
1242883898524291075
1249406237688528897
1251241073432842240
1243882135196401665
1249436933710897152
1239552614762786816
1242577019545755648
1259531449436377088
1241111620371320833
1247333015178686466
1263208623796301824
1245159027912384512
1262725684151095302
1240758077999153153
1263196614266695682
1256329835405697024
1252205736882573312
1248751256618840064
1255196578039640064
1242217018503372802
1248203459440054272
1245118366475567104
1241303746329616386
1249422184872804352
1247573534278287363
1241875752217444352
1260735036954902529
1242276593889878018
1266369221144932356
1245769265602613248
1247829225614323712
1268156232143159298
1252566087591440386
1270481724498235393
1250126858458468353
1260256870939406342
1244263179997384704
1243492591611654145
1242373866804203520
1240099787225075720
1240838680266358785
1242421019358507009
1253667812951949323
1256350181366345728
1246516116589076480
1249856560576290818
1246157038268399619
1238460566353539077
1242184008852701184
1245528845039566848
1262697868407844864
1237861404616429572
1235431164892102656
1240980142060703745
1245111390467239939
1235745764485316608
1241417367525220352
1246911623304011776
1250480146009767936
1242619910171303936
1244679249346379788
1249857378922778632
1241192033349505025
1245866631877685249
1242540426701217794
1235427474776997893
1249382399819087873
1244980232194609159
1237717392798748672
1245137034752266242
1261754230244769793
1266164676985073664
1262823213081346048
1262717775589584896
1267991978832265217
1260897697516662784
1269632374570209280
1260159758969044993
1246930889457704961
1252628778611806208
1258749660795219968
1248262679271215107
1246895958249611264
1244031455602376706
1251163346943930373
1235013701935259651
1238267142119751680
1245387664020381698
1245073199458639874
1244074101972578306
1246092731929239555
1243998882809380864
1245114329323704322
1238279732183158784
1238595134670942211
1270678894635556864
1248612309527715840
1257668165397614593
1240595561822257153
1237215028836737026
1250989921743114240
1248649115359236098
1266790298006552576
1260029058928087044
1262545661490233344
1242521633408946177
1260553163272265729
1252306711769157637
1246511439369637889
1259560702454398976
1248940689355952128
1255195424941649922
1254129282013638661
1263882656418275328
1238493553535442946
1239324227544776706
1236425242224070670
1251896935348346881
1247915930719576064
1261279044991057922
1266801813807923206
1242930832714747905
1265984060276518914
1240067323941322754
1245046139101077505
1250940930376511491
1248718228106461185
1236335208665944064
1239657044657016833
1259919560788119552
1243744185620054022
1242870606871355392
1239039067809030145
1241697078453075974
1239877497552097377
1242146964499816456
1242336933029785602
1253712339758702596
1241579160507756544
1242974655754964992
1243279195939233793
1249416419533520899
1253509585400483840
1270131810282999815
1244059141641043971
1244976488048472064
1237522578203267072
1246781779643695106
1240184756198879232
1235344306619244544
1241918614757953538
1265732256271826945
1266140029052686337
1242533130315145216
1243616099549265923
1264903530252468230
1258174681519185920
1236840051440521216
1261326135306194945
1256012510936915969
1256356506750144512
1238795568375377920
1261114049863049216
1253415570575208454
1239300399376596993
1247517821099282432
1245735375601090560
1236496357202046976
1242588041371320320
1242091649896939523
1249077953650135050
1242419404303933452
1246955839677751299
1248672395721945088
1257467174911913989
1250911021411241996
1243648608618123268
1246786479168389120
1240025816127418368
1256402757394870273
1237911698637492225
1237673893843918848
1242543204676837377
1259156846234959873
1252990438606352386
1248465488373407745
1255260815818665986
1256357672892485632
1238610595856908288
1253123605518594054
1248296831446114309
1251187523142983688
1259912963097612288
1244032883758694401
1257791933457543173
1260198829422448643
1238590709214711808
1239647176168550400
1250251668484173825
1253338672285405185
1253313276756320256
1243267908001837056
1242537400733020160
1236509754421399552
1241919140643966976
1249460336450768896
1237927465521164288
1240824726999764992
1241415271300182025
1236034982793134080
1268169993516208128
1239602359501762564
1250002785325776897
1234990604993490945
1260188787130470401
1241826334780858368
1244392059504599040
1237530251846021122
1244654730036600832
1269079760644247553
1237130009254469649
1261847491751948291
1242582551052668932
1239394314460987392
1261738133449846784
1253845961870368775
1250146704814477318
1246155030471663616
1253741281836240896
1266207041464471555
1256074395552034816
1240300005912608771
1244394195781136384
1260256539941765121
1244063912884084736
1257774983054594050
1251500431546646528
1259529220365189120
1242949078809485312
1264270081405714432
1242242516176510977
1256312774139031553
1243285938089885697
1249075780157689860
1256222416193441792
1240293962222624768
1245847147955638272
1240757995497275392
1252756723154268166
1249006440221675520
1243997812045594625
1252323074164371457
1243875131967057925
1240809599390941184
1251735605417033735
1246202661956976640
1235678141613568020
1240788298429337600
1246127715197095938
1256757159121035266
1247972566393933824
1250440551041662982
1250797080001613824
1267593346584846340
1239613956853043201
1238360044674170881
1245376478818136071
1256759994340511744
1245494570328211458
1237863538791780352
1241803618979905536
1242226362443870213
1244058077269315586
1242375830896066560
1237340281453895680
1242078357375811585
1260739716166680576
1245771828569821185
1244034520644497417
1268166167811760135
1248642318472810501
1253920277404233728
1242956690993172480
1240733948340252685
1253638790608011269
1243390720892755971
1249855071887798278
1253309911263522822
1266151541196587008
1246473083805929474
1246136300291358721
1240607906535477248
1252735587343351816
1237654224445542400
1245722389708779520
1242222540732465157
1248766203612540929
1238258964653113344
1251852099215900672
1246640679226310656
1257659561793802240
1251134151970959361
1241599385894600706
1249859345640296448
1248764250362908678
1252273474170761218
1244114271430225922
1249769877231022087
1247372691960717317
1235196214859177987
1248996103489454081
1245646875660677120
1238593855940943875
1246785135124643841
1254476007110774791
1242300494044938247
1256682298717671425
1242236239329230848
1238588747689725956
1248607317727350785
1250130628596699136
1235673730518601738
1242138168436162562
1250232874420383744
1238444006427811841
1241898924073537537
1255266355072434179
1245113766741770242
1237815402870321152
1249484216523522048
1243291928730439680
1241796425475858437
1237512400019927042
1246902733829033984
1253642298849705985
1249860169288298501
1246197274813890560
1270411954235064321
1251702091883712512
1251538370045661184
1238985469888790529
1262551637685604352
1250750504218624000
1251132422432882689
1250741134768443392
1240740370805338113
1240764400451141633
1257465517834723328
1257241674734075905
1250031439061663744
1240592571841294336
1255794220167843841
1263254705058263041
1238688182704750592
1240053083222290433
1245753450211786755
1262203006457647104
1255840719773798404
1251930404900257792
1246148719369760768
1239336340308852742
1242991333779877893
1259965023226601472
1242428833317498880
1250192682384850945
1246875196897796097
1244000165696020480
1242885890646650880
1242978609243054081
1237655429511098369
1265981629853564933
1248588637593313280
1238984361908875268
1254526607789883393
1264559234462646273
1242244918531231744
1240777083955171329
1244961941493252096
1240595301523734528
1242782900044607489
1255190100557824001
1265901110893711361
1251209943014879234
1246421704844378113
1241698548045041666
1250522230842417152
1239664167814135809
1250487081782194183
1265814538575851528
1255933639633797120
1266478384131039235
1245734746530951175
1253985553747492866
1247695459407331328
1253058596939665408
1254148916746092547
1251847637243965440
1251847929205346310
1246264937862881281
1245735933749727242
1243714116063281162
1241890676159152129
1241197290347466754
1238444794139029504
1251847409019346944
1258801908132843521
1260770381650186240
1244740858232156166
1263817448253542401
1247335777287184384
1238270240179585026
1236642676520304640
1260608880079495168
1237535516704137216
1261087889720512513
1237410911276728320
1235673621911269385
1235610102415179777
1245738592238014465
1242851778263240704
1247227871887843330
1255823296886644737
1251123598867279875
1251124585623404544
1251213108078620677
1250915266470567936
1242615341169160192
1244228885501358081
1247013913394372610
1242286630926528515
1236512486179975169
1249429531049558016
1246585973280030721
1239766650603347976
1253752856693350401
1238355614788714496
1242079910618947585
1259933734863687680
1246532622920101893
1241818713264992257
1235199446411030528
1237916735203872769
1240739673858813959
1253747225152323584
1248675766264610816
1253749265706504196
1252333614781644802
1238497119218159616
1242630694154784768
1259722441439481856
1238929686069215234
1250294354708582401
1241003773767684096
1236514612448768000
1241448097697484803
1254969358738173952
1250215102659297285
1239536274630901761
1264740614169649152
1247730730152726528
1262095758620266500
1260179540636250112
1254953682057248768
1241535531659509761
1241140127705042944
1255480361271857156
1240261531444695040
1244777458274111488
1250458475064373250
1242226187037966336
1247979202525134848
1241430739738034179
1242200794461503488
1250897755402391555
1240223531939573760
1247849614834794500
1238427611900137474
1255675672208592897
1267658666129395712
1248201651787268096
1238015906682490880
1255836344649121793
1251844825432940545
1238214296745570304
1241420573613400066
1244607364281573377
1251845955537842176
1249731016404676609
1246940297742946305
1249731789905682433
1266057353079730182
1253332431123308549
1243622244506570755
1252399209149394945
1247511195172691968
1253661698453618689
1237508947705073664
1262436584307208192
1247054147888779266
1253654771409588226
1257322192515170310
1245345767461707778
1247037211700232196
1248358709656461314
1239726136235560961
1256062416867282945
1245028833914429440
1256927773538635781
1247838906315411456
1238935271565078532
1245404884251353089
1240066238388277248
1253985479785152512
1261982438798036992
1262707799773118465
1252262060727177217
1242097107005313025
1242880518435340288
1248296663829135371
1241517453798227970
1242848114161209344
1263097987951210496
1240922639507640323
1264258627835170818
1235197576074407941
1244262311952596993
1238681868024905728
1253394387658256384
1239229905700884480
1243689226073497605
1245773103050915842
1241935750586916864
1241341964693504001
1255684299585662979
1242936546824720394
1247592512522461184
1258024510403600394
1243540382522146819
1262901111381516288
1249179591895322625
1244409415295365121
1240114655676239872
1258174083319107584
1239376246728986628
1250252947348492288
1246077837645398016
1263862927611887616
1239318631554654209
1251553939302100992
1239710711435141121
1253794682603216897
1255246670926839808
1248110224021520390
1237805653256790018
1251187959208034305
1250860300796133376
1262096174753951744
1262089825605296130
1268353680706854917
1244802568359948289
1241496080430268419
1261708414532620290
1260288583405051911
1254081237402214402
1255756507003658246
1263139021498310657
1246665950113472513
1255899581247827968
1250394011438850050
1266467768326656000
1243570906594754566
1240792263636201478
1239768481047949312
1235181000889692160
1244813859099234305
1260192861938728963
1251667323448066048
1248031426194419714
1239706124779216903
1241854042944548864
1237917473837645824
1252030054210641925
1239673088729657350
1240005260678238213
1240850546338287617
1241153732508823552
1240495979293364224
1239948431734562819
1252594908160036864
1243000492709511169
1251682621345718272
1250742361388433413
1248597537105289216
1245152177137516546
1249138704188399616
1241112073532313609
1248920305570959366
1243523999319162880
1245156700786696192
1245534890432610304
1250021897154236424
1263185794296090624
1236448732675268608
1249551179501182976
1242401080933322752
1244610565479239680
1248768919512457216
1260544818939408384
1237859853856419845
1248595023710609411
1254949232341069824
1240163103800807424
1264964183994621954
1235578850169556994
1242392762323959810
1261724487101427716
1243005502142984193
1264261923283091468
1242635329301106688
1252940900868726784
1262475614642200582
1251846824605949953
1255908452855091201
1244021749420830721
1238600456944967680
1261733366422011906
1242474216517251072
1241696274019164164
1253177734072881153
1245057680189906948
1239507729900867584
1265249107486138373
1252598503416705024
1260669237137465346
1245509999566245889
1269457604482383872
1262367917330649088
1242475383158603778
1245154339229962240
1258438098146525184
1246529045346516993
1240009555398008833
1242069265072697351
1238612876371378176
1246253979367063555
1244738613205700608
1251846188883738631
1245535265973841926
1249024052347506691
1250392244437372931
1245824262889504769
1241027662975512576
1248580014691491840
1242634866799321088
1251708083593777152
1240825405176786946
1245152629317152770
1241855153281605638
1244247349888716802
1251955792133132291
1246247803577384968
1254765299754315782
1242889247482425346
1238928213478445056
1250595862482468871
1250826202375434240
1236512074177617920
1251865780494491653
1242258196905046016
1240808960149590019
1242670657843924992
1262039913857454080
1245795583987789825
1250841777252245505
1239378785742585858
1266866065289687043
1238153625152651264
1251692266705555456
1256027346043375616
1260695983081611265
1244612468711792640
1245751184897511424
1236691938855792640
1262327929482153984
1263213157058740229
1237797505414434822
1264238162324467714
1257778163838529536
1242963932043776006
1256009074187153416
1245798009738321921
1252636250433040384
1262193952003887104
1268670825399541761
1247598070549950465
1242235921262575618
1238599693673865217
1242793922440704000
1245156308371869699
1246626074756251648
1245201518195851265
1253485727045898240
1249818646513319937
1266824512579960834
1256755082156216321
1238083115572244482
1248268294567624705
1244768762378805248
1238084730987429888
1240422195538595845
1245545555046141954
1246125507629940739
1248767924237668353
1246576821954662400
1266475360151048192
1264993987095597062
1263500445084983297
1246536607878000645
1269287017889890310
1235754251999010816
1245909255124910088
1250760487907794950
1241302962795950087
1258533593330053120
1240674990376263682
1239772136442560512
1252974266682871808
1256602570661015552
1255828821166698503
1266806785752645636
1252231535274659840
1247595588566355968
1263301486836092928
1246409421166710784
1248967593282723840
1245840195901063168
1250251617674440704
1239921616815079424
1245906373235347458
1242567375645544450
1242933751505735683
1246461385367838722
1249130309624487937
1256650679004868611
1251846494589763584
1256011043073077248
1237859852187095041
1257363235877126155
1243681886167277575
1262768111150825472
1241716909592190983
1257372757618233351
1259879799457267712
1241612983782060032
1268138146765705216
1236672977078571010
1238799658614390784
1237103277608710153
1263326201566900224
1263183081898496001
1248047325521551363
1251249039418560514
1262993705415389184
1252305156739411971
1243300082809790465
1240919222873739264
1239025990636052480
1259946904483495937
1242035464384716800
1236275748253638656
1242022113210511360
1239026932454436865
1253471249784848384
1239699400387104769
1242189221445750785
1262492423156006912
1262896056943218690
1260892402136616960
1243683175303446528
1242886462271631361
1239244458769727494
1243890364190162945
1250208234545299457
1235939004681420802
1250861259924344832
1252034180734685184
1247346571177533443
1264615854433583104
1237158013833789445
1235622625608638465
1242614770626371585
1239665143686017025
1257516286038458370
1235338720682881027
1243270717971533827
1245001119815864325
1235771131610742790
1237704694174187524
1242623311366033409
1244737745047769088
1245688034382790656
1241314387509600258
1242892527105179655
1247217309644701696
1243657434264109057
1242480344336674816
1264379515377156099
1237503486339592192
1248718891955740674
1237917209239879682
1259999290417721345
1244736498932559874
1249666649613111299
1254412587007127555
1258975507099639808
1255739344624717826
1245915290380062726
1251940408701190144
1263270227757989896
1242138139885527046
1237510107514068992
1245026425687683075
1240830897638838278
1236447237472952321
1246291715444613123
1253118613071986688
1257872434050609158
1235053158294073344
1247886716423176193
1238422622876155905
1243000432890445824
1256191805961523201
1245832977357119494
1248057601063075843
1269238671133347840
1253039131950792710
1246170775704547335
1255470117166727174
1251144306892500996
1244104485624053760
1246440508773281792
1239020485561720832
1241700455014686720
1247654859807100928
1261115501947879431
1239026463774474240
1242050557319282693
1257511109810098183
1237537814754889728
1238916357330276354
1259460046460792832
1240363593272565760
1257726018892304384
1244041151662956547
1254477143532359683
1242203301703229445
1242472936696680450
1254898583020752901
1264615906514276353
1256321625990893569
1242037451541155843
1239733087011045377
1238413702900170756
1263077231515107329
1245020950808203264
1244746676012711936
1250196132837408768
1249683858846617614
1240075557993418753
1255839148725977089
1238195858220429312
1259229352241307649
1262182577714139136
1238581354557845505
1250865110379376640
1269708637351657473
1249748165428940800
1261558620602458113
1253119886609584128
1243716265388257288
1239238088750235649
1244103330084855808
1244311245240459265
1238672654111870976
1239317591845412871
1239942769596149766
1248618201132351490
1269946521476386817
1239991700107526145
1258728134809210881
1247479728166113280
1250986658041864192
1247129013602181120
1249012338663006211
1240620925600628742
1239046622094462976
1256235217943216128
1248771735937220610
1237549829565206528
1256322556627259392
1240253638536282112
1244727456277413891
1242999852281270274
1254786119272501249
1242079614782111752
1242604646092410881
1250252575187906563
1241508017411153922
1239716205696552960
1240812396131823618
1256250829746700290
1261755327407632390
1246435062486368257
1239708710659858437
1243999726409789441
1236516051183185922
1238231364652187651
1246935739411173378
1264916934291861506
1244106359693611008
1260273091873247235
1243995923287552001
1246223123868942337
1260272906090790913
1260031959134138373
1247686901181669376
1240115453453885440
1248455567217004545
1260404207418511361
1239236042697441280
1257545286668505089
1249851751194415105
1250079060442730509
1251863002523013120
1247508006025285633
1238495911329873920
1238805324058038272
1254822131160006663
1247318183696048129
1261478070994771968
1263038931660144640
1242172515423850500
1256070894876651520
1251201835458875392
1240425899146850305
1237842866317037568
1240013216278810624
1238995745316818945
1252340248635338752
1235078561326759936
1237499545002676224
1246942460363911170
1251673253950693376
1256718160444735488
1252990374165000193
1248954297477476353
1251173509063225344
1239513692506591232
1264571946332758018
1257728121274396677
1236714697182908416
1237672891229048833
1240360143545663489
1254784985849970694
1251208208234012672
1262100366029737984
1257907372472905729
1242886932222402561
1242425682812186626
1246874880127258624
1250491641086873600
1251141836896419845
1246441081979404291
1256565596323528704
1247143585142771712
1243340550650114050
1246432141589782528
1248377807639433218
1251977991472766976
1255174758062317568
1235915979055456256
1254763964321366017
1235645165890613253
1236056598931542019
1239220035526238209
1238775456385679360
1245057290404868097
1240829352822165507
1240925910200733696
1260912881840709641
1246224514851246081
1240063473402417153
1249823851674025993
1251179011818041355
1250896515465428993
1239020861144944642
1238281733558206464
1245396244236832768
1247619569054777344
1259883791423811592
1244522673545322496
1252351040327827457
1268961051237920768
1239705998195032066
1247132191831855106
1245509988845568001
1239878178157613067
1260015680981614597
1235216104361951235
1244589702209994754
1257554259622670336
1255832099694747654
1245207814643036169
1257473506641666049
1243895146074210305
1260054766450851840
1248290704985554944
1259829295834423296
1239515151218475009
1244408458352431104
1240815786723246082
1254918548025233409
1239941800883818497
1241510914295312385
1259325635492806657
1235075714539388928
1264899307150475265
1266907806277554178
1239530163706064896
1237400210218913792
1237864713607770112
1250862971703758848
1264340362681880577
1253114027368161281
1261008959697227777
1243562211240443904
1235974730429104128
1248970449947488256
1250188583408893952
1247591413627473920
1254932010889613312
1266864084550586374
1257885186932510720
1237505715666911239
1253330847911964672
1268144352141991936
1259491032158396416
1269728768186372098
1252001147713400833
1253288334451003392
1242040800449527808
1246408924833755136
1251696333343334405
1251605404901150720
1242397918469988352
1263308362512584704
1240716672266190849
1240457985274654721
1238672639478116352
1240631344427827200
1257803028318519297
1243686909077082113
1247726271141949440
1249852191847911426
1251016489286672385
1237100962717761538
1243531240239763458
1240447755522322437
1250851100976189440
1237866172709650433
1258909995867017218
1246908114202394631
1256074362496712709
1243003893388361729
1252340654849396737
1252915288011673604
1238047899415707650
1262751870344327174
1237729099814252547
1241344581108666368
1247017852181401601
1235602512125837314
1263185497540739074
1252559558133846019
1246097326952849410
1262090172432363521
1243138191856742401
1257881619727372289
1253884268394274821
1243345358106898435
1263832899301842945
1255184640001875971
1254824603538665473
1245093488024326144
1243300247901745160
1234942614769668098
1245827869676191744
1239153577836326914
1248798133640998912
1236681624445751297
1251326391414591489
1247900956965998601
1243973932434313217
1247134832989175808
1244309446483947523
1261736589199396865
1237394619991601152
1255113570267869184
1258769506866016258
1236096618669228034
1238488562103975946
1247559994792390656
1235722751438204928
1266836949106655235
1245481871703789570
1270665580199190528
1239711129489813505
1260805664739385344
1257083774858416135
1253495777588101120
1264949938888335362
1240925486013976576
1242964407304572930
1241070495388315648
1235410768457326592
1239700499223310336
1249590507107487744
1240320948605267969
1257740081424711682
1261263198105329664
1239343205260369928
1241933355253411841
1243155984236916738
1249625778104553477
1242125695058313216
1245029016446414851
1248629287860629504
1245835825893576704
1239943444270809091
1242836445137645568
1247720068450058247
1240320042526523392
1263065419549736961
1242847635972796416
1238224094224678917
1241497522474045443
1245692594199429123
1254052052575105026
1246248129810268161
1245518808334372864
1239286700158959617
1266417806603685889
1245315408086872064
1239170274072784897
1237672040808751104
1247651666855374850
1248032942233923592
1239321597464510465
1253394198331625482
1248086732429496321
1260760076647833605
1268012740125380608
1265444090994479104
1248054510230044674
1242514628032081921
1258591029156032512
1239047160232054787
1251862258692624384
1247963180418191360
1241374867896832005
1251901886631944194
1236593229753090048
1244857500748386304
1249443845290504194
1246776995771539461
1238458978754916352
1248968531108077568
1244593752326488066
1263808061463986176
1244352420983046144
1251891085468749826
1244962843839074310
1243023329872797697
1253091194495696898
1250159426205605888
1256920457175015426
1248214211966259202
1239991410713071616
1250846831476649985
1252064547172646913
1239224163434483715
1241948545730707456
1241846144268931073
1259837817611575299
1238205221282725896
1248626901352144896
1248409757137825793
1237401303946612738
1268178611762323461
1239358390972878849
1245844198307139589
1240405729233731589
1247859145971240962
1250184369244864517
1246529488999063558
1238039445162647554
1247155005100040192
1255188535239487488
1242610400232902664
1238178451967946752
1239320732439584771
1243340113532379140
1241523163848224769
1241060923823009793
1255758416787714049
1257757060688744456
1259676112784969733
1246848053702807552
1246786875580452864
1263098168687898625
1242638009687781377
1250470544857841672
1237095126503219201
1243344160545013776
1239823052558553088
1253464615721238533
1247557768749383682
1242962881043468288
1240484166074015746
1238846612606246912
1241148809238982656
1265511801485131776
1242609872467828737
1246918131039289345
1261706819833135104
1262870774706298880
1245149009582448643
1238849491329056770
1247590908360560641
1242075383597535234
1249414466703327233
1243347098675941381
1245025418266193920
1243661438994046977
1249433666981449731
1237667357352513536
1246541438411825152
1237358996970971138
1238293223132532738
1251999047617044482
1245751670040072192
1247305934881382400
1247492610303971328
1238071594016223232
1251324580834217988
1248688627397189632
1249349960170176512
1250113471540342785
1250183431721570304
1259829682083692544
1242799942047092736
1245482755636506625
1252015862657277952
1242636815284215808
1243747159746412545
1240483524156755968
1246977162420326402
1240704916147941376
1266468612245721089
1237874756910592000
1239634018859171840
1263811795766202368
1236297715220430849
1242834108272783362
1243954008378703872
1254371652198170624
1245477402702155781
1239935790089752579
1260927321424441346
1249117155888635904
1247006199276544001
1240427963168014337
1260963650006913027
1250291260620849152
1261098088569192448
1237376976031223808
1263298067392008193
1255135122417827840
1243186676672933888
1255829641845256194
1246544631401234434
1247532231901339648
1264388624684113922
1241175790546489346
1257753041568235525
1257867856697573376
1263214142124687360
1261253611755094016
1244387598598053890
1240815166809354240
1251847476954480641
1248126469404008456
1253323269437972482
1257879624731820039
1255587808389062659
1240651741164601345
1262089658244182024
1234946336165965826
1250038195364003846
1238179412102860802
1250218386283528192
1249312664934846466
1268056581515730944
1253795554758459393
1243616699649327114
1238501397332664324
1251948712307408897
1243345193916600326
1254041323457347592
1238291734133723138
1261734485323849730
1242811680968658944
1248020784741834752
1235553593358512130
1243664909214388224
1244386139932327936
1247507601136521218
1259854209060605952
1261504272958738440
1240055222917087232
1243690538987147266
1258406114443489280
1259827560277557250
1248587838989492225
1238064913324572673
1239714248034574338
1248024639684644864
1257879930114899968
1244230634190626816
1246544977557172224
1262492682573828102
1241850012642009089
1244311706727317505
1250892195697233925
1235169876957896706
1252245780389388288
1252621124116021248
1240445171843706880
1242702353981112322
1244594629292539905
1247305820997660672
1256569482681688064
1263793765724143616
1244596143910203394
1242836252119969794
1265255221397262336
1246431392180862977
1240964874416599040
1264573179122659328
1238177277659226116
1260031688307924994
1239358373570711555
1247267712922988544
1262495333235544066
1235981533850349569
1236423052260511744
1237689013097705476
1247123031014637569
1237203505737236481
1255586871905857544
1260917215051886592
1256609723287318533
1241932630460968960
1248056833811644416
1239344800345853959
1239019505973710854
1246430347891531777
1242641960478834692
1263715755356553216
1252979616425349121
1247985079835598853
1245808937997348869
1261306749044260865
1261329217775681536
1247718972260257792
1248058081973547008
1245170104616304645
1246036912797859841
1257475037633880070
1252998675011436544
1243691733948534784
1253704580497473541
1242637475442540544
1259683689048477697
1252979564470509570
1240250224494460928
1253302112299122688
1249626867411365888
1250403666508513280
1236342505425133570
1258385160954920966
1251139438517813250
1241060655551184896
1251586502104096768
1259828333551980544
1244410886904840193
1254267898996174849
1258564431753207822
1240074381944066058
1270139609750605824
1239007938003550211
1244489425092034562
1250942374794145794
1259833735236722688
1242605928211308544
1240451294457970689
1247146523454066693
1239289904108056584
1254903549198204928
1244770886525337601
1239380746063798272
1244997714280157185
1240404852347469824
1254991286370742272
1250061785207635972
1260190104179671043
1262494728169426944
1240122309828108291
1240060260150321153
1253702082433032199
1237063340096204800
1262443682780897281
1262219285826592768
1237871382832111624
1243969288593190914
1252433047284101124
1251986074316013582
1251783153838174209
1246287114674806784
1250857581284900864
1249165220167245831
1253915205588979713
1238206446090805248
1244443371243999234
1242935918601928712
1256342419135700992
1256931817619435522
1240448041032855552
1264541836959535106
1269989662015266817
1238626872814194698
1237369022485757953
1251119121196089345
1258138592926404609
1247165202220511232
1239170082561024001
1241041491553923072
1247994665091174401
1242045301470486528
1245210698646315008
1240585740087627778
1250095994676666374
1238851730609254402
1245144585002725377
1244987480924917760
1243225683649757186
1240393531426066439
1244768481033191424
1245691045733687297
1245690294475128833
1257106593029726213
1243681525528395777
1235178022078160899
1262833861337251848
1268650409293463552
1247931097712857088
1252014363520782336
1253744109732483072
1245562038249836544
1242699857086865409
1246767912729432069
1269740838399156225
1258388748057874432
1253389052050657280
1242291646882086912
1264563480193052673
1263249529744195584
1252254251025391616
1245485121953771521
1253761891299667971
1238478433644150784
1238804709114290176
1253511692589432834
1241039457203126273
1253135164605071360
1249009911750688768
1253495809380884480
1248589918290481152
1257800384388763651
1267803658034589696
1242871660006473730
1236790227081080833
1249164695770222592
1258845212014637056
1249354761608052736
1253164298358136832
1236311159755747330
1237910549234671618
1259647750741819401
1252429393537818624
1244597688081014785
1247923624201326593
1254845415947673601
1240490687210180609
1243687587669323781
1246831707594129416
1247810484595638272
1241919860508184577
1243721994899726336
1264722057578807297
1270123106015883264
1247987549886459905
1239028212652544001
1244349742773084166
1250404103156572161
1240657113250172929
1250213181189955584
1246407770200518658
1242793052105818115
1240349544510095360
1266450408228237313
1255950394901123073
1247722857599287298
1264312353463644166
1241322696920764416
1241421513963851780
1259276362768175109
1249397675629445121
1257501100120383488
1240058138595917827
1259467343358558209
1254890669564452866
1252998166519185408
1249343869478674432
1247984315994177538
1245150016039055360
1240402675415613449
1237997332509200390
1250876942406094848
1244344872582160387
1247857113994539008
1252787856772337669
1251119948669374465
1242130237464424448
1240927119712096256
1247265713460576259
1250218079881170944
1249316375308521473
1241847790810128386
1264951055068037127
1243921325888090113
1264646713433784332
1246287504841609218
1260748932864507904
1251182154450690048
1237908633066917888
1246569697862180867
1238312137061261312
1240455853666373633
1240657550670004227
1242171433230483458
1250853672994701317
1255427646386769921
1236595467162726400
1237848743778512898
1265252430226305024
1270565584783192067
1250846638358364161
1240658270299115522
1256039064614121472
1251989929342783489
1246619002878791681
1243719875530575873
1268216296170291200
1262160395353153537
1246415645945802752
1254900176621363200
1243185675433840642
1251532102547406848
1247897369221292033
1238222904774574081
1259827626358734848
1250755274773798912
1244238726697541632
1267230796131205121
1238628350693957641
1245255406248693760
1247991595049332738
1266714487534616576
1263099422126333953
1243193412339318786
1252191099969470470
1243151575935340544
1243309751410311174
1263096638014439424
1242908997612642307
1242606898333061125
1259816008723968000
1244718798231539716
1245399809936240642
1245843125429366784
1237907177932763137
1246817938386141184
1255487946016292870
1252450859188981765
1241425867626160136
1250184851057065984
1242608669403078660
1251049331592957952
1247574695060307975
1255139916771516418
1249547483388280833
1247540395875033089
1245361106090168322
1243989172060401665
1252658269929209856
1239888772105482240
1246253043508748288
1240249489404891138
1262058447983579136
1243143645471158273
1237094454349180935
1241336729975611392
1244144233126264833
1246568731213471745
1268650398073716738
1257449246539886592
1250885459414102016
1243228616319733763
1241581519648575488
1238887566126047234
1238853336209784839
1268916135841406982
1242458617758056453
1270532723749388291
1263464603574509568
1243604807778217984
1247314612367896577
1264951659672854528
1239568251908231169
1270565690282512384
1260918366577086464
1247554386924056583
1240628016897720321
1250014524566011905
1245683580216446976
1246568900109705217
1241422247706988545
1246969001693065216
1243666874786885632
1246984844644618242
1250048055644246017
1241157758902251526
1250014610834497536
1238541885066657792
1242877603012399107
1237685178690125825
1245854432299892743
1253925489200283648
1247203434182455297
1259770246380040192
1256343500490227712
1255492632496746503
1238068088463077378
1237864128615550987
1259228332329259009
1240617052668416000
1240616064058380288
1251215573800964101
1246288135568359424
1243013222443241477
1250163339877060608
1235210769018605570
1252658637052489731
1239801254202744832
1241367980593856514
1253091832826822656
1237795887822315522
1256047367889063936
1265944771882860545
1241237392125833217
1251296447494082560
1240004933220474880
1240651112358830081
1263922853545738241
1244744644195495936
1260031921087643650
1260223424103841795
1242293735418970113
1249847911111892993
1257628715724439552
1246045991754780672
1249784340168323072
1243099739228340229
1243318413696565250
1247268359005253638
1240646665276719104
1241364669497053187
1250018299758460931
1246977009986744321
1254422403997995008
1249706679987396611
1236998023475081218
1245563458181050369
1239281251628048386
1248058440536281089
1244598236142284801
1247199505952448514
1238847795601256448
1250118235061616640
1263540999831326721
1252077899622027264
1241904891846672384
1251219889685233665
1247160063518793728
1247554376312467456
1251048892457771010
1246470869054078979
1241312928923443200
1239183502756757511
1239179498416934918
1244462366709952512
1252713126509895680
1254380820497907712
1258938486373126144
1243576210917142536
1254424707480334341
1240779604668878852
1241729367304273922
1240586414540103682
1253685758264840192
1246253089683800067
1261444764139843585
1246415905459965952
1240108509376778241
1237094481557667844
1250893135414210562
1243689788500316160
1257630341814194176
1259483644495880192
1248707701175173121
1246415348452265984
1241467611847823370
1241467754340929542
1243748514036887554
1245168015932448769
1238538548950847488
1240483117779111949
1253476681999945732
1237848810254028804
1238191273422577665
1239277024067321857
1256605386557329408
1239939879846522880
1263679935828447232
1256126516167086080
1245217484078268417
1243720359125417988
1237790109816291335
1245334766892785664
1239981889236217858
1264346461904482305
1238851453705433088
1243604592807608322
1250758055559606279
1237557603619618817
1238150797919166472
1238288783260430338
1247909648029581316
1266378308423475200
1236114079405703170
1245811255815876611
1252582518471233536
1242266084234985474
1243113429902254082
1238888262237904896
1239937585423712256
1239035035719798784
1243119785388527616
1243536915120508928
1241411974690476032
1238962539104526338
1261672459687903232
1252699106839068673
1238857594330103808
1249304395084451841
1263925167069290496
1261449349747236864
1253355698353774593
1249679384216252418
1268650407498260480
1246085751638499328
1251911723713470465
1260913566032502788
1254031883463200771
1250594959205568512
1238632117367603201
1239017799541981184
1252941898513297410
1246466041259134982
1266578414431023105
1252358801367298050
1252940967235276800
1244334460981653505
1241907114186027008
1246635185594130432
1250224015484084224
1245677770245574656
1244299040864579585
1246595356252614656
1252695660333334529
1244717287019630595
1251651455821512709
1250544639872040960
1242183479581970438
1260594447609401344
1244457453636521984
1241055530631802880
1253506621680095233
1238146880758038529
1254883630054289408
1240315575487942656
1250756142239756294
1237908981999374337
1235894207895810048
1254215506757857281
1239895093399695366
1245827010276065284
1251118546849091584
1253928693438840832
1261706392056074241
1260244226576703490
1254205142766944257
1240695734761951233
1238121417385926656
1241093926678904832
1234948581557252099
1246680741678927877
1249392934119772163
1260657329130766337
1242915692116049922
1254796763258642432
1253300646310293506
1249776203260743680
1240691314271739904
1242993092564787201
1250217638229409797
1239311131325411329
1237938085314408451
1243993241218945026
1239147421642391552
1240583089094635520
1238061721161515008
1241411295724875776
1263922003335094273
1238146932297564161
1238246731256561671
1259970572714487810
1255570659952001028
1243536751504875525
1240231174192140288
1251118181344821248
1253087314328387584
1240228644896849921
1239282232956780544
1243019578051092482
1247239415816171521
1254376349395017728
1237559472383352840
1252584878757089281
1237905227711483908
1249827133008031744
1254470613370109954
1270041659896729602
1238245757842591744
1239965074090946572
1251122273429458945
1242797644143099905
1237201430521565185
1245182148887416833
1245187971424423936
1241090174827757572
1256567045157765120
1239968803468894208
1237908115699499010
1249831229274361867
1244866783187816448
1240786383599517696
1242176483029811200
1255088490049568769
1241053688443084800
1242511444609990656
1245473908591124482
1254205768255094785
1237909402138574849
1252586179096203265
1243644235745824770
1242262643307679744
1245756411000360960
1244757138288885760
1250385067899260928
1253730206789009412
1250218696267702280
1241077068147970048
1242263011106177032
1246086766366543874
1238545960441131010
1243647062304063495
1255092619258089473
1248235102024409088
1244458130345517057
1238964799746330624
1249316880847962114
1250385768419414017
1238816367333322753
1243644782854971392
1237541317736943617
1259478810182942720
1238127864433840133
1241750408852373506
1237461585939046400
1245468466506870784
1237543298836754437
1262538295256526848
1237032041084051457
1241053169720975366
1249825610148569089
1237459395639992326
1257339465057677315
1245183169021837312
1234972348102561792
1263137878395273217
1242140721991299083
1251360388639227904
1254421427085860866
1234972633801740290
1248236876349296640
1237944358864814081
1248238399313580035
1256579936929878016
1237034734468902914
1238548180268199938
1249827731099078658
1261832561086660608
1247835883040051201
1260730695749697543
1238126153946271747
1248235663981502464
1242144711034523648
1261076302993461251
1247838256525463554
1261079080075657217
