1239631602583568386
1237696843724832768
1237448050932699136
1235533952980418562
1245534307596357633
1236269387923050496
1256376657398693888
1238637922829643776
1243281231292370945
1250138284250017796
1245734004856369152
1236389332224745475
1244669369399029760
1252625913348534273
1239628267679813634
1269705244218359814
1268001900655452160
1255543240729772032
1257983066104094721
1236804332240199681
1240048150754328576
1244050049631424513
1269618168194048000
1241855517636640769
1247643956982288384
1241813177911869441
1258413853194534912
1252946992977924096
1239259441368883201
1234987787255861248
1250107470896336904
1238864509579788289
1247940781618483206
1251165690545033217
1249271551062614017
1242320106795012097
1235047828214317056
1241787592514973696
1237184106045333509
1248977225052909570
1265964868248776705
1243695367838994433
1248734435190677504
1243586617765437443
1238635571578376193
1255253805169545216
1248224535276650497
1238268574533287937
1242545359743782912
1250791194092863488
1255238160986132480
1249886922442489856
1248650092241960962
1238949457623945216
1242280892892090368
1260944767787163648
1241404592946122754
1243328596418146307
1248270541082984449
1262109767834710024
1239296606492602368
1242986478684327938
1237469075770675201
1238638109945991169
1239626074176344066
1259090399450234880
1238953352949530628
1247947738668503040
1249142526604427264
1234930314159546368
1240876383074689024
1253517009209511938
1242321724542275585
1239606269335527425
1240339709265620993
1241541940245602306
1257077861116260358
1247971536788750340
1245122641075322885
1240596307879825412
1255121896779251719
1246209926680248321
1239698991245414400
1239517806212808704
1242976377470701570
1244406588212994050
1250143809591222273
1236875678177525760
1240890454142484481
1257258281719992320
1249842312156495872
1238680070853726210
1236779934351310858
1253344034501922819
1242115208597864453
1264329695564304393
1239201430642274306
1246562291719581697
1238818796653228033
1235685463123521538
1244794420777623552
1240187796570193923
1238781363811205121
1241436340308320258
1242114957115875344
1237452027678072832
1263872549089349633
1248864344538054656
1238913939674738689
1243651848663425025
1242867524531863552
1244945075563626497
1260333870676934657
1240629192095563776
1246583460615147521
1235365292408217600
1243655652444196864
1241535557836181504
1251525748696985600
1254711772042461185
1241815518715301890
1238687840403406849
1243325906787188744
1247598368655921159
1247242224640933891
1247336322647445506
1249129405894533126
1257816194645667841
1244262389928820738
1259146691405656071
1236014303611936768
1255538104447967234
1240437751272689675
1240025095516704769
1263871809230905344
1245417098710581248
1256055934851391489
1239550923824824321
1241194039753486339
1255539764243173381
1243332361007304704
1254444296557735936
1257366222691348484
1247941369093636098
1243308506213728260
1242660271023407104
1253629668210683905
1252644955375521794
1243731111643144197
1250105120035045377
1242740467458023426
1244826458427551748
1237102979901259786
1243171200441991168
1240340083661770752
1262696834738331648
1235685606367416320
1242569946422554624
1259640776692121601
1252195452746956801
1242532143093383168
1241733955403108353
1250486089837674496
1249146137526894592
1242571008256675840
1237432902763323392
1257686858982723587
1241035669633470469
1252084632515940354
1261861131724996609
1242280472366977024
1243333045941350401
1246056926472998913
1238953668826759168
1239631677967794176
1241358540519899137
1240822097124999168
1254123166076674048
1255661133501018114
1238879078062665728
1255546404296110080
1253143354327674880
1238215877880930305
1242783360008835072
1247363983016951808
1247000492519104514
1248915633552719873
1260944726645264384
1260944795113005057
1258913269248638982
1242979815625457664
1254126005687549954
1237516763144826889
1236805007070179332
1248736807388356610
1239399470711930881
1245173671536271360
1235369794838433793
1268539396783046657
1239039003179077632
1257260558421811201
1253816885046632448
1237918748457209863
1249360766798528512
1241717044460077066
1245806187561566209
1235897517319086082
1244646902945193984
1237429889210421249
1239885119671783425
1240379970364604422
1247242234476613638
1238308168431734785
1257717789248323585
1246130655391514626
1249911637487824896
1255481608389435392
1241554750631444480
1241211223611408384
1249004825225953282
1238136840059830272
1240955076178587651
1246473154492542978
1249722137079840768
1251475963726237696
1240395981344079875
1241415042286919681
1250827637464989696
1237857713981231104
1234988512836907008
1240064633882492931
1246215076471869441
1245806378410741761
1241266847162433537
1247277923381448705
1238675687214649345
1236290516817453060
1243879295287779334
1245523004945293313
1239552367202381827
1238269564569477121
1249838788202901507
1236286307984379904
1242488305280745473
1238893405687754754
1251331558432260099
1244946857131900929
1268626222633934849
1242574788465434631
1258198026612506624
1249039120820731904
1245190258821681152
1237176777241505795
1261740140977848321
1251609699952349190
1240077050632863749
1240574502343520257
1237181453223542786
1243743581342400512
1240423647266910208
1237727608873398274
1245890529860169732
1260313621697105921
1238948811147444225
1251092952606277632
1239553952292708353
1258607746120847360
1238135141106663424
1248687811227762689
1237582031514505216
1244067510556725249
1261050317036236800
1241048387237150722
1255342534307590144
1242530277802553346
1236805796165496833
1239062180668063745
1242862344092467200
1247278801303805952
1237822566691147777
1260882152583028736
1246860749353496577
1239872234040295426
1249815412252061701
1243978564598411265
1260944742130606080
1249820935957426176
1260530459357962241
1241788015581843456
1238941386851876870
1240379623973752832
1247644486538313732
1257376603233046528
1253638922816684036
1243841253256675328
1237807343947190275
1250957667344035841
1239626568814809088
1250915690963447809
1238637032152457219
1255543465859059717
1261375672209018881
1247663759230976000
1242987425577795585
1235673221464195072
1242201552712093696
1245743457420939266
1239084988781469697
1239215762826559488
1253413724074864642
1239251242263678979
1235326155659583491
1248297766641598464
1270518685149650944
1239688037707190273
1247232816942854145
1237591449920659456
1242538365100179459
1244049308451831808
1237891278240493568
1248945303518150656
1254556049312538624
1241106763971203072
1237517384988028928
1248238917003943937
1257788057908129792
1247737619464798208
1246934192761589765
1242208687697080320
1237013401408159745
1253029168348114944
1259298164332355586
1242819198595801091
1238266074656845825
1246209902093139969
1251333416416575488
1243036789851525120
1267441763796516864
1249265026516557825
1239658253186994176
1249506342018191360
1240731486271266818
1239557569271812097
1239629505628721153
1256554369300017154
1239629870591873025
1244892311865249797
1238605502503890944
1253417249915826181
1239776869563740160
1237228375955177472
1239630658051465223
1250357418711633920
1250519345240977411
1239256538809860096
1242853662516445184
1262791978464485387
1235371642924171264
1246961170906591232
1239562743478353920
1239255507686350855
1238820147680378881
1247914121384931328
1267366986134310912
1241538735075987458
1262403587797323776
1248593895245656065
1241033377236516867
1236987710935650304
1236195472861257728
1270506939445907461
1239750713380614145
1237113079617511425
1237113180255588354
1237476604747677698
1238639548193746945
1241400336625041410
1239105847474651137
1242759567085375490
1244995306527379457
1243336822308196356
1238638403207430150
1236191401609777152
1238185770231508992
1242226140258938881
1239333436797616130
1255525038209617922
1250241661868945414
1244391930865336320
1239754124108890114
1238427922580602881
1243737095883063301
1237452365638311937
1236193049371381760
1248679242067566592
1239776118766526465
1245417538147803140
1244069354012114947
1237465959276916737
1262023246775496711
1252603560296153090
1241871117104615425
1246557508002594818
1243783388877721606
1249362428632186880
1242576575515766786
1235629209659281410
1257091021218906114
1265995511791783937
1240642080977948672
1243171729679298560
1238308645898784772
1250261724894310401
1242582238023364609
1243325421049073664
1237181495464341511
1242211924999274503
1243276881883017217
1243361427227701248
1249464466938515462
1242999368971628545
1254767097571393536
1250205992182218752
1251305832832282624
1238267538179579904
1245221717599047685
1236783616354668545
1247940276137742339
1244018259428589568
1244286546796326912
1243158656121819138
1240411529016639488
1248699135064244226
1239302773210038283
1252038774281953281
1246209430905118721
1237911388586151936
1247186919332741120
1246168863483584512
1236983053165232128
1260944671121039360
1238274645272469504
1237050843586797574
1261738416544366592
1241992280229150720
1247299955167019008
1246087393603698689
1267993053899481088
1248462771575914504
1246929791753879553
1241914089930141696
1237518897508683776
1252672300190760961
1239331568180776961
1246206933620719616
1259661356787261440
1236972410953482240
1245521533948362752
1257509768744312832
1266149787965030400
1238531280192634882
1244937915643449345
1241916999325945856
1258963221999992833
1267855049847431177
1257778684729200641
1236815447267426306
1249059845925453826
1270518709140979713
1242772544459022337
1246993062582276099
1238596481310998528
1255117610422763521
1255513280543678464
1247485493878706176
1248248678084567042
1235658031091900416
1244933525633150977
1235019641082257408
1247735536732778496
1265426979878309888
1240774448967569408
1238169594340179972
1237408995842961409
1260255729916743681
1244369932902715394
1236862207935369217
1248458593369649152
1254592477513674757
1251763707702644736
1255542127955718146
1255990479742742528
1238139213360574465
1236103152006565889
1237346148731551746
1246787252694454274
1243412859817611264
1250726731528495105
1242487868146270209
1241434255793717253
1267415762559479808
1260028986471534595
1240394541334749184
1263144780474789889
1259656164251402242
1242523352121643015
1237448553808695302
1247635702189350914
1239372221963030530
1260989218370846725
1259451344257236993
1266875522925158402
1239977833537118212
1243324458770857984
1255230161504567297
1239779854024916993
1242869248403427328
1245084513258090498
1263860344818106375
1255103985096237062
1234990131410436096
1255610318878900226
1255857604657545216
1239653059564797952
1237455362107879424
1253029242289389568
1241916978673172480
1248674853617614849
1269360395988369408
1240030240438714368
1245164797215289345
1252594208071966726
1240066498477121537
1244659861020868616
1244418961908908033
1254220353850740737
1241563809359310850
1237523559175471105
1248425961256706050
1236388764483751939
1252654316713922565
1243365356074225664
1248444445755879424
1242619406016020481
1251348985442435072
1257411374432518147
1266151193618911232
1239730772975681536
1237879232514015235
1245802544242229248
1253317815236538368
1244393476114001920
1249499024803139585
1242957663614402560
1236985025809338368
1249482594569388033
1248318058659274752
1240964016228442113
1248793298527019010
1238955237416873992
1237805583698407424
1236013548540657667
1238171930936532992
1259231447581425664
1248061421075738624
1238684566031945729
1236803821038379012
1240372756438532097
1249437170127048707
1239884444569407489
1238001987217698821
1248604284041773057
1247680620966416385
1261485329690886144
1244413076822253568
1237146816019398658
1258746648743854080
1237823811329953792
1240753594049200133
1250280998698270720
1242085790261358593
1241913657359060993
1238516954023018497
1242211120481435654
1239908560223559680
1239363526931755014
1247156897964269568
1240771105616519170
1265836475041660929
1249740684636151812
1256673464448094212
1237149907040993280
1254094307126059011
1239644234803806209
1246217327370215424
1235380105935024129
1236521138928443392
1239693337927602177
1250249049627860992
1240065282116329479
1239451831387820034
1244370283135479810
1244369637829160961
1240364853585481736
1243517603592777730
1255496634588450824
1255611156993114119
1256655976301834240
1245712432917614593
1252426883699863552
1248076833087684608
1248650480340873217
1248774450520227840
1248967960414375940
1239362176621608961
1237451289535098880
1245191900375715843
1238531494722838530
1254489001454690306
1237894944842342402
1244653047567003649
1240092482106544131
1238287241396604929
1244778187684548608
1260174853933543426
1251545245390700545
1251588818882514944
1262474481014104065
1260944700036562945
1241902312840466434
1259779615343730689
1237506132333211649
1258379979014000640
1252750819356741639
1239645905197969410
1245460820961693698
1239998038019620866
1244837983393648640
1248775314085498881
1250914194532286469
1251941562671681538
1245718036386111490
1256654614528737282
1259878952551809026
1238185494166601730
1252575559370051585
1240251889951834120
1255684024888164352
1248412583456993282
1239671582425075717
1255146828959367168
1239627534322589699
1239334535772483585
1239547577961451521
1239363696150958083
1237097652132683785
1258085977949720581
1255543673510662145
1240412522303442944
1241854513025372162
1240274868903587840
1255695029839986688
1246229913121816576
1251229440274817025
1239514266614595586
1240506987655376896
1260715147544444935
1237235083330965505
1256834917113245707
1250480742402056194
1242239785957277696
1252415617539248130
1239977065052602370
1247158486129131520
1242238640006344707
1239021556896075776
1237509952656142338
1236512829030752257
1237506187995885571
1243260317792186369
1245878227979112449
1247595688608911370
1242901677461643264
1255636241292427266
1253658226605899781
1240414733305511937
1240431346541105153
1239949207676600322
1238502999032582146
1240791886752866305
1242788782279139328
1244822404704153601
1246258926976413698
1246812825617666049
1246050393446023171
1260279166911610882
1242286232475926530
1237525624748511235
1248630142743838721
1243875839902613505
1241177204706422784
1258276905591156736
1240828597541253120
1252228094716510209
1239515914153922560
1256304578141667330
1238837453483630592
1260537742162898944
1235013026526498816
1243797553004662785
1238930184302198785
1244311278065246208
1239705535857004551
1240499584511721473
1237920146758516738
1244744540612935686
1250555665937989644
1245017387797286913
1241914352518737921
1246844685693472769
1252562640116879365
1255544568633851904
1252258307861028865
1242967298194972677
1243928192907444225
1251938345195839490
1245015549849022464
1241442729575448584
1242965672667369473
1253511366901731328
1240850232361058304
1255942354957148162
1238493834755158017
1242068282007576577
1256366300538048514
1255153162278690818
1254022683194425345
1237957555361591297
1257046241202130950
1239918525386457096
1237746547770691584
1237805121465200640
1240674108586766336
1242728489402408961
1265450248366960642
1242220086678740997
1242093973935722498
1238223974196183041
1252031595151835137
1240357753006194690
1252761212884049923
1253124903160762368
1243004313460506631
1239361816691703808
1245151979229401089
1239548063196340225
1242267256660393984
1254103347105337349
1242632368692830213
1241868202059202562
1260290693035163649
1258729513732706304
1239696648567164928
1252422291293564928
1237869432770162688
1235055668790345729
1235394327486115840
1247537887467278337
1240918985618731008
1251131647078084608
1245687265747034114
1264261947505217536
1242634880523124736
1240713468237369345
1255189488617357312
1247361149533851648
1239695791519916032
1257902459823042561
1239696295079686147
1247906359884025857
1247902041994694663
1248720568872062977
1239883218050039813
1254025754809163776
1253448523028234243
1256600655759892487
1250183567650537473
1244741506415632384
1246035624139862028
1256800314155565056
1247596454727815173
1242248305859493888
1245481171242430469
1238445129914089473
1269385518275584004
1252766670155808769
1241860195111833607
1239701362100834305
1241150986284077058
1270518650420826116
1242190940862844931
1250195975530074113
1241866164189487113
1248741565859758080
1270321706079367169
1245315244290867205
1242094086288543744
1238834457328705537
1244778811994013702
1256289353099366400
1245156870165336070
1238425164892733445
1242960696490549248
1241524487251730432
1249248479513391104
1240791214804402182
1247215873217253376
1235548508800851968
1248060385892208651
1247612206063267840
1255446233356926976
1250210210846773250
1239335284254347264
1239231054449270786
1240494773447917568
1245076380372664320
1252652655429771268
1242268935296352256
1257386774625730561
1248264577827176448
1238693577556967425
1244188715460841474
1244034149746343936
1254767263607140352
1262183987830755328
1259586684414570497
1264226546488872961
1249250184955146240
1260369515369713665
1239070279713853445
1250876147002486785
1238219939175116801
1238178255116685314
1252458915574566912
1237097340567240704
1238991702469337088
1240499413023428613
1237549145813999618
1241854448550531073
1239693367694458881
1251356394613280769
1243656101842862080
1254479355515932678
1235426501543239680
1238694821658836992
1241868954299236352
1259981377123921920
1237352041376354305
1239703429578199041
1247593835556941825
1240426692184805380
1255530722699468800
1253985674522492928
1251487951458050048
1262474141736882179
1262474301162258438
1249110890546212864
1237916590299111428
1239024094487744512
1267981357973716995
1248367551517786112
1270184686032166912
1260016336882696192
1259986034055577600
1237498632607272963
1266487540179181574
1262195793240489985
1248931095359279107
1237506063089274880
1240357347400257543
1266072755151175682
1240414280954056704
1237110243051659264
1239292195812802561
1246204233176711174
1245663437675548674
1251960300783403009
1237411251740987393
1251202974938025990
1241099650679128065
1240084713555070981
1240012696034172928
1246918026915692544
1265976124120719360
1253127511938129921
1237192454102794240
1256936520746967041
1245094599879806981
1246271041036529664
1262434450765418497
1245877253264662529
1242267513704067072
1250149849804218370
1240962837159325696
1246448054846324739
1238476474769866753
1260285154515394561
1241765734658781187
1241098646474588165
1239633787551612929
1246466075727998976
1247156083187220480
1257761155126226945
1251214666543611906
1253320678398324736
1237723758384893952
1261019640618082304
1238671300488462336
1247291633974104064
1251321217228963841
1243342923405631490
1245093214442393602
1237092339551698944
1263434416791203840
1242173387918790656
1240929021912899584
1243963034286133248
1245156663558053888
1240056570198753282
1253696413952851973
1238832306409877505
1252758820641792000
1239635829179535361
1251888062881247237
1263549991789961221
1240446062319591424
1241836187670675458
1253390653666492419
1249121351299928064
1256289351643860992
1259493643976654848
1262952514309283842
1238423422180511745
1252345149847289867
1255132984513970178
1237424760331608073
1239316257880539136
1247125263651082241
1243386295230988289
1238569944880680961
1239460910458007552
1263252397104738311
1238212200256413697
1252254402871808000
1245860389247569920
1252678794336448513
1237096581985374210
1269730574844989440
1253831449490448390
1239697869701091328
1252411280738013185
1257157496189280257
1240082999967916034
1241932231507095553
1247346553288785921
1250063367810809861
1258405865964687362
1259130251373875206
1259493346621431813
1259491715418816512
1235761473282084870
1258810164523696129
1237896710984101892
1239954901708558343
1256289328399036416
1246546452526125068
1256289349550964740
1258859415991615489
1242128647496007681
1262929474418618368
1238252044642930690
1253785539502800900
1242219274523074577
1262730648869052421
1261805712625274881
1245017377118576642
1256305830325940224
1238975212328271872
1242295738496933894
1241043023645093890
1240367778739245059
1244310431860211713
1241152785950932996
1247316000619540480
1250565370177564675
1252105776711294981
1263076822343876612
1252393094302986241
1245480155977584641
1241319776653361153
1243257628752560133
1235336938221117441
1239702392997851136
1248700709857607681
1262219213483147264
1238282625065914371
1239358414481915910
1239637645472473088
1239468939236827136
1250174737650782213
1250193087177134085
1255942357159227394
1239715355804786691
1249471888449044481
1240007323797651456
1241489679171702787
1241351862902829057
1241447081727926273
1251584732451782669
1246276605502271488
1255584001055653888
1242628041060356098
1240008229658206214
1254850715924791303
1239721402800001024
1252697229737033730
1248580101102538752
1260763527696048128
1238527383768109056
1266152057997864961
1252761611422650369
1240455519955009536
1258507492209815553
1246837367895449601
1241861987749040133
1242641050482741251
1243008646486859776
1253000928493473794
1259490902583783424
1239318124937306117
1259229286369824769
1237483454759088133
1253665191847436290
1236716543012110337
1253876620974338050
1239587695413858310
1244714979271548930
1237873830028173313
1235738829601964032
1247315261885239298
1248360688273195009
1239719668975308800
1252074110592716800
1241928822527873024
1240452821603975168
1237494356149493760
1239034974159941632
1255588755702001666
1239044233979453440
1239922476387381248
1259489008658329602
1253864188658823169
1243295317908488194
1238253657101160454
1240450105087590400
1254190117750747138
1252539068421988354
1259492109368938497
1240976087993192449
1247981090863820800
1261136947466121218
1238839066650689536
1269813692947890176
1250176191694360582
1240071514566930432
1240487836920528898
1239892428972347394
1252898572854603778
1237234665481818112
1247964130872606726
1240847127544299520
1248085532304908299
1239223189491855362
1270227718010023937
1238053195659821056
1250038631747801094
1243667868656513026
1247302645615931392
1247912382237638656
1240005146244976648
1244612799935938560
1254899982026649605
1237910242257784832
1239137954024624128
1262476953283629059
1252361484899807235
1244239362574909440
1253352405405773829
1238633946176532480
1260911962742980610
1254054603953451008
1248631580635156486
1244774849526013955
1265464084033687553
1236445280058384384
1244619124589953025
1240349478382600195
1235001386674348032
1240452617513377792
1241849207725740034
1249320410547720196
1257754957656264704
1240349456517693442
1253111957894422529
1248211274284097536
1250853718741979138
1239135734239506432
1250189098020724736
1254903460681711617
1240811790314942464
1264533277978832896
1242456020749877249
1243944757237342208
1243946702740094978
1250847761588719617
1240488842261663749
1238331482772582400
1247537149307568128
1238151498800009218
1255289785003970561
1238524686725718019
1269973531619721218
1242293963094216704
1242457309047070723
1258016117471301632
1235425948205539329
1238070141792980993
1250182845911441410
1240248756236439553
1243353552237584385
1261395566845624321
1249323317124792320
1241426310368395264
1239990559151972352
1261309321671069697
1237488832049799169
1248287027902255104
1247875162814504965
1243960330201505793
1256289344987561985
1250530743790587905
1245810067418611713
1243927540173099022
1240101552339238912
1259829398775238656
1240450197387456512
1240312248620462083
1240320293542834176
1250851118017626112
1241377184318709761
1259492734416695298
1247695067705413633
1251264627637354500
1245840478542716928
1258187727595601921
1259584759170248705
1241349357590511616
1243320237954605056
1257331514020368384
1254900891884433408
1239701948569399305
1252727476675063809
1246466531858321408
1252034793832939526
1250172819104837632
1252682097350844417
1253731804365893633
1245339560470556673
1245079755747180545
1250888330398531586
1240456496166699010
1268140246174236672
1250497448621092865
1250974988594827266
1254859026216546304
1250060437967843328
1246616938958249984
1243992075441446912
1237973082855354368
1238192897104756737
1245705478392483843
1259842804584513539
1238221716998029313
1239276805967708161
1241160235135438848
1237556625583403010
1253702148430405632
1238180356983066631
1248634693513285636
1239991381030043653
1248047641008705539
1248393388753186820
1266031445157576705
1252679491194884096
1250529157181825027
1256466523356639232
1243537196642156549
1243851544824602625
1238842369375682560
1242305023947804672
1260663622260457472
1241833167692201986
1237690152597827584
1247209738280067075
1238222514486116355
1253114225339305984
1251915553515679751
1251963637490683908
1259586555506802688
1239360032900370432
1246563354161885193
1252992391943983105
1243190973410222082
1245489351947104258
1247361301879414784
1241467704290271232
1262921200621281282
1239185584075276290
1247343055574831109
1246619297222402048
1240315705683312651
1241666296254693378
1259229565328728069
1245920557893222403
1242304843521368065
1239310526930391041
1250430736902942721
1266457923712098308
1248122635071995905
1240456055403970563
1244894192071041024
1240481041271476225
1269993250183622661
1240317211778199559
1247912898111975426
1252442712017637377
1240086671837876225
1238292424264474626
1237798701248241664
1240856263443046400
1242910219371515910
1251115504921718784
1240855306395176961
1256038966148706304
1261616987333177344
1257498783212089345
1252966854269833216
1235000923153264640
1245300792933912578
1244333065058553858
1254215831598305285
1257741093694775296
1239343381886664704
1240313403572436993
1250290874828730370
1256289326431952899
1253352404537561094
1240649454073589760
1242510634547380237
1246563077132345350
1244330257680945152
1242515316304949249
1258719782213386240
1242060657769484290
1244730986769928193
1237734104747184128
1238976084328296448
1243540022466433033
1247994940879183872
1242913985852248064
1245301671443476482
1252285550519779330
1239278086840934402
1244731132614148099
1236307545935032321
1241442002157404163
1237559635919298563
1252723524915036161
1241413500171423745
1262361287700492288
1263136982177394689
1241413401622065159
1239282574226325509
1246231130241740805
1252972339400187904
1245181077725077505
1262831052315336706
1250389273443958786
1246984949540040705
1254418178270269440
1239967562160431106
1257308906281299970
1239309260678402048
1245472569530212357
1239279977360764933
1252580655919136769
1245472219871969280
1257336742090362881
1262829365177520128
1241095435600760832
1269129394750177280
1267190319285710848
1246113581319565313
