1264457646498856960
1250914411415568392
1255278721759678467
1246857753404084224
1246342288613179393
1245534470666686466
1258867826711986183
1246315934551343106
1237586552256991232
1237570094001082368
1235653365419388931
1245422341883957254
1241731037220274176
1243886530466381824
1245781505768599552
1243379748840943616
1243341960447963136
1243360146203406337
1247659247774687238
1241794508913704960
1250139131541360640
1237078891103125504
1240969359436242944
1263570630135500801
1247647556378611712
1256380451071176713
1239361766615846912
1250834983759089665
1253047253423534081
1239585414379384832
1244437370545594373
1256375139073212418
1246998098909499392
1245427173504233472
1264559965496369153
1246266731473108992
1256410506287603713
1248733897162199045
1242341925862203398
1242445606758633475
1240185039582879750
1238988352763953153
1249368642845921280
1241778363494207490
1261864864357769217
1238264184783208449
1246502883169832960
1246340259308331008
1249691293258784771
1237438693071302656
1254163659263225863
1243878562748411904
1254158527435870212
1234909758580252672
1256912561829748736
1246263631404204032
1242524446562430978
1253741829926924294
1240289041716842504
1241883450635886593
1241016810050326528
1259267556961071104
1251378564567449601
1244451984196976640
1260212221264695296
1257374451475394567
1236837058892763136
1249055025202167810
1241733552590458880
1245744711467438080
1262451641439211523
1242653082112217089
1238761058325729280
1239561993205489665
1242227911157055490
1237768724125569024
1242761358107709441
1243308165090938881
1240989444963999744
1238530950507659265
1237570129522610179
1246141866984255488
1239535540657172481
1235385899887874048
1242198872555995136
1239685599747022849
1249048461246377984
1269151870498549761
1246147679169716224
1238895381213306880
1262787264289136641
1249908594948087813
1247247805707685889
1240130903977926658
1239742558206599168
1264353832458428417
1241853361760030720
1244575445334573057
1253754265828569088
1242115158589296651
1251383622319341569
1251127427465650176
1259858275778154500
1245086223053606914
1255733520183541762
1254486796349706241
1252641948609007616
1264548152541052928
1239003061592481792
1244605917250846721
1246123261974511618
1242533858790256640
1240082568667631616
1237837729200615424
1236485286298861568
1240143200792326144
1253639681343881217
1243511778794967042
1245781134136483840
1243252583583580162
1239599012333981697
1245727239473422336
1255982867940814851
1242546960512491520
1241030013329092608
1242983124046352385
1259926706892267521
1242543586345877511
1239372762642333697
1243127719648530433
1252041267892170752
1244067388322127873
1260362254953873408
1238241912601169920
1252022036312084480
1237468833650114560
1247586963714199553
1255690454114471936
1254114016336756742
1245523393375604736
1252607076293054464
1235628484812103680
1248757593008410626
1238431644660441089
1250554607832576000
1255780836345098243
1240377437072039936
1253540744444481537
1239252272992878592
1237835510967676928
1238952268256468993
1238701588514058240
1244818036558835718
1241722559554600960
1260319617337171968
1242078190237102080
1256367538520436736
1257073928943665155
1256349145507471370
1240599882383187970
1238301421474373632
1245099980009897987
1240525430068838401
1244580395989061638
1241794693219913731
1240093315518943233
1267473171202150400
1250391956343136256
1247413058680602624
1246940887688634369
1260606929279188992
1237111260132638722
1240337143630790666
1238663089530318849
1237928224203694080
1240302863521394689
1246557826266411009
1237145485770731523
1244421880410443782
1237764798097612802
1246125709958971394
1246064913975476224
1251127884061782017
1245712164599541761
1238608835238973440
1249039945626529794
1245934616294199296
1240640408138452993
1239396938853814272
1251570878992826370
1244725387269230592
1236812167493480448
1245710857172066306
1245041936681091073
1249407195462197248
1249234442792701952
1260201011714686978
1246059419869360130
1267946092060192768
1240885928421404673
1247876948744900608
1238795895048744962
1242818236502159361
1242748046825398273
1237395603455225856
1239331555480424448
1262222504283836422
1253155168050438145
1242527220054319106
1245223917524000768
1240512771567112192
1257829828230885382
1238519410425561089
1240412690817966082
1238529846139068418
1252322857331326976
1236471533335384065
1249658408564899840
1265965453429612545
1242824834020716544
1237146597110276096
1251574506730201099
1265322307226083330
1239004444374827008
1247734115824291841
1242860096041951235
1251997667024125953
1251575064262324226
1237725915964149760
1258514071256592384
1253890187979100161
1255640849272225798
1243973198523351040
1241779111581933568
1260216479368314880
1246926582964523017
1257032408588845057
1245729306921361408
1266164070958465025
1243136480723288064
1244297112940142597
1236136288530714624
1265738160744599561
1243304429895516161
1242195307317862400
1238655361382563841
1238754830040150017
1247528433329963010
1236842379396685831
1249006103737913344
1255611394709508099
1248077003380662274
1242490691080642561
1258570610835443713
1260624409724944384
1262430311922774017
1238611942488539136
1237224472492552192
1248654089111601153
1236809284731703297
1244420690733862920
1252303023101132802
1242164329023246336
1259797177855074304
1255676256005300224
1247944700012703748
1236679930039226369
1246869297076592641
1253544210231410688
1242586420042137601
1239036083129679872
1241189716160102402
1247463833712672769
1238671710792159238
1237049387626397697
1236374420685537285
1249838034285182976
1249839133100519424
1237528406322888705
1239664204203900931
1257818827196416000
1253140851536035847
1245178133030068224
1242932650450567170
1256635191558320130
1253537690974371842
1245099877043929089
1245137791840903169
1240513518954217473
1242672116652277760
1263089784114810882
1243871405214662657
1240286403772153857
1237932686968336384
1236101761657643009
1242131470002642946
1248593733827866624
1248971543063023616
1242146352185966596
1238308700517011459
1256220476889841664
1257294752044724225
1256374838912057344
1250992646249680896
1245391406237089797
1238108326875009024
1245323817263734785
1239656784064897026
1254486841438461953
1239734895544500224
1243715751837667328
1245910369262018561
1254543556804513793
1239775962625183744
1241297824484073473
1250900166539972609
1238111925571072001
1239481715028090882
1260322964429471755
1248261573384245255
1242534705456693249
1239682264860102659
1236464140094517248
1238043765195116545
1254923924456046592
1268627734130982912
1240714906443415553
1252043428428419086
1254922029318451202
1263456417274617859
1239037181886332929
1242644640488140802
1248063987155177472
1242230489693458435
1240216276796157953
1247714680442888192
1248180815936262146
1240085216548585473
1260284691946655746
1255529649221840897
1255635751825559557
1240761627298930689
1248099970374402048
1252561626080911362
1242903269355261953
1243621202532450304
1240322856640225283
1246667809536512000
1242888140815302656
1244310936464154624
1255223056856907791
1241313333514510336
1249788796218064898
1240501866179571713
1270007851566718976
1240666051672752133
1254958199591108609
1235960800659017728
1246060548866932736
1251858688635277313
1253125221101559808
1236404397103558656
1249484846730182657
1240504113177247744
1255902705207447552
1245926129271103492
1238905837848014848
1237539162481254401
1240470056427040768
1246871746805932035
1245648635804536834
1263605455294812161
1260216093395898369
1248108733894402049
1236958456080465920
1268960038061735941
1248625990399483904
1247135011360378880
1263545147482091520
1243578924443021314
1242439169013682177
1238412470995337217
1242622539366572032
1248452207487463424
1254807857343717376
1253487576675160064
1242669277863448576
1242892455013384192
1238591389757313030
1250641825653829633
1250646759833063425
1243677705859727364
1244768790027677697
1246062032409047042
1240788256092049409
1258581165805625350
1240502621682753537
1252065299114987528
1235197323321450497
1241868224720965632
1248630469442383872
1240500314022858754
1240626709143175170
1242287107571437569
1251690164319068161
1252560414170402816
1246017867809726464
1253068771947876353
1236753173899022336
1239708371470749705
1255266080001593345
1251105334380371968
1244821137563025408
1240502378585079808
1246766555918204929
1237499769678938113
1247886937660092418
1240673966567690241
1248093550379753473
1235542803293208576
1240070339436122123
1243172516711092225
1250865253623234562
1270473347852316673
1243008106742808578
1260645099211382785
1239387696025473025
1270146230979629056
1246547482940788736
1255689148599545862
1240025085823586304
1244039304453685249
1239382007848873989
1243138210211004417
1243709396867153921
1240697513704738816
1240451512649822210
1253527255793483777
1250459852457103362
1235783854042025984
1241141682856431616
1240260290043957249
1258777773742620672
1263954963421704197
1240027745427619840
1237482183897616386
1258327401366462464
1251550550392541185
1240106082690838529
1240242750110543878
1252217525460492288
1240537380802699264
1243342090433638405
1236817127857958912
1253472960670826497
1268179691833372680
1267831684461850624
1242918073398673408
1246450977747632130
1255220609069527041
1247150602469232640
1260053354182574080
1245557008499118082
1245796031536775168
1257107895608541186
1257725798460592129
1252279686442426380
1237756887753527296
1241804821272854528
1258178228440707073
1263244486638960641
1247317139415093249
1254938286705041409
1245218142441418753
1266223306505695232
1244474281549082625
1249905239974653953
1248511107850960897
1259953555265421312
1246776967548076032
1241186912859193358
1260789670700605442
1245150904220823563
1253491162092130304
1251780700988149760
1243374388759728128
1242237980846120961
1248744422780657671
1253468081831067648
1243965820172189697
1244238047841001472
1255188340485341187
1239275229651906560
1240686976988135429
1236684643493195776
1259492888901062656
1246248243228336129
1238519709529751553
1235732856619466755
1248744144547254274
1240322454301691909
1263806251852533761
1235066974209740800
1246290737710485504
1239320103109431297
1242906907888812036
1241722870142820354
1238981136413609984
1244615215792209921
1251958969981173764
1239015685726109696
1237935025859018752
1241580929308667904
1245808449205788672
1254183487915122692
1242791322437726208
1250076015659008000
1237186410442096640
1236301549762220039
1250064281606946816
1246271891159031809
1237882357153009666
1242456319245910021
1254858444605059072
1269736040119623680
1251431873353592836
1249666847827468288
1262496189708152838
1268675801404313601
1251219904335921158
1239344629658587142
1235425945525334016
1249161945296617472
1238791982862008320
1243964400622600195
1252014762696888320
1237596822828249088
1237709038714052614
1235762401968099329
1241259659689955329
1238253944561950721
1241505838692474882
1247575674459762688
1240103126843219969
1241933911497805824
1238569169437822979
1248105953255403526
1238430983336198145
1245808143201959938
1245334556078718976
1244502768603275265
1265251990445178891
1241135000600403969
1254992461161783296
1241766183990427650
1249345680612737027
1255924323996569606
1239990710537015305
1240019973462020097
1253354745328271362
1255585326543835137
1237379842389098499
1236789877594828802
1238992469234192385
1258052607580536833
1250945221359046657
1256970797970796546
1240460022561353729
1248122420071981056
1252076863608049664
1263928761638141959
1237377009241559042
1246086839192125440
1245927505002934272
1260226278302666754
1265846738998394881
1242562225350619136
1245145891301994510
1239717656300838917
1240406719030796295
1242898097069535239
1237375503159320582
1246617335332589568
1240650498962796546
1243041915395858436
1240459536546267136
1238842778601369600
1253771723058659329
1239013633516019714
1236348440122216448
1236711012025368579
1245398471068303370
1239310788831125510
1238072696967245825
1257431576008409091
1246544973660594177
1266759793366237185
1238482243334668289
1254854403435253762
1254230237665202176
1255606539852877828
1245860050511392769
1246621619641929729
1237917202193448961
1261146673172054017
1239592385698508800
1237201519470149632
1261091329922269185
1240456722034102273
1254141307909484545
1260224596986429445
1245668058284335104
1245291214418710534
1243992140058943489
1239357501486833665
1240455259149008896
1244719982027694080
1250042603845885953
1243718557256613888
1246416549474381824
1242311793055334402
1242813187822620675
1252291554494087171
1253133657889521669
1264302375759753217
1234999327908515840
1239714653099483138
1238538331224518657
1251176494153510915
1243951773498425344
1239941335387439106
1243972775712301056
1247774637192175618
1264651828710572034
1244299053078364161
1243758124739198976
1261872206562447360
1242640258925240320
1262279755803607042
1251880467156041728
1264643099596328961
1254894663632408576
1249778975372726273
1267347743128924160
1240705717184552960
1238147216604356611
1247235142608977927
1235968912413646850
1251218876555296768
1258400525143494656
1239502388366540801
1249316145527754752
1262151312369729536
1257311190218272768
1241273530941145090
1240484536204525574
1238961401625894912
1241438666960056320
1241081297264676878
1243645302852202496
1254415880576028672
1245471831202697217
1254215055249375232
1242260305276801026
1249194846818091015
1237942422631522304
1238549236901437450
1238127393157591040
1249825272469348355
1256730257111035904
1243247489865654272
