1259203608517570561
1236785001116471296
1246217967555055616
1245369589682147328
1240749857595256832
1259642889593741317
1255983738992955403
1241867303991443457
1236804909133004800
1265497365273870336
1244844213948174337
1262981428469354498
1238898542778990595
1249850020615958528
1247273185591955458
1237739719321997312
1253634687362162688
1260012049486118913
1243333097245921280
1242227201325424641
1238825466376491008
1245133836855291904
1250110265271574529
1245224478851747840
1247946842513354753
1252673581810454529
1243654810076774400
1247762456757170178
1235783963576164352
1238893899227082752
1246485882950934529
1241776933962039296
1244953591669854211
1236427160866324480
1238202956777807872
1249860928012562433
1236030516274425856
1240361063779979267
1236564609324085249
1240992394188705792
1242555497217052672
1239372084351922177
1251538370569949184
1245068519244324865
1252040536539779072
1239738409142214656
1243359894343782401
1241807289842987008
1247563229343055872
1261348196095193088
1240526951170760706
1245052074313711616
1243585077402951680
1240141800548990977
1243361195978944513
1245774201614503937
1246917467286302721
1238100551507697664
1250108467664138240
1246151323268997120
1253042067653029889
1246915278027370496
1247407098205360128
1243289584185700352
1245062862533324801
1252715818862833664
1257748807934046208
1240751980420587520
1246164313024253952
1245417778669973504
1239652191608033280
1240745868312989696
1259503096704626690
1240744255028465664
1239352187781648385
1237450060108943360
1245084612029607936
1239381677924691968
1244083777586040832
1239577495755579392
1260346148436324352
1238139398551568386
1243273492427976704
1237863904392310784
1254572196913004544
1267654427680182274
1239630259999232001
1238345592968851456
1242941669978193921
1246856080321179648
1239595471720648704
1238305286848417798
1243248589767245824
1243248496825626624
1246210665196355584
1248383650736959491
1244647620535975938
1259248787891118085
1245523766580350978
1243095929059717120
1242254958658908160
1242319741361872896
1258514136897445890
1238559474358472704
1239437583161020416
1244014769041854464
1241554337991495680
1239622374762246145
1244056211164717057
1236809708511457280
1247391490667458560
1241895759550660608
1243048933087006721
1258409964206354433
1241780860757479426
1244451297643773952
1243078372386689026
1243307649233326081
1255170569823154178
1245450418244608000
1246704381250027520
1247260733940924418
1238033733317353474
1251499882054955008
1239399036097974272
1244817185383411714
1269362114646478848
1237264144228691968
1257839038397952006
1238215337029459968
1244011832932577281
1241758306412007424
1238558427334324224
1236126044895113219
1242525677301067776
1247674079798267906
1250233539846475776
1247618779040739328
1235431134353211393
1240306729566392321
1235225489238675457
1250809539827396609
1244548317238808576
1239373447811088384
1238664896914558978
1260581052806057984
1241466439795486720
1236196648478314496
1266217881097736193
1242760750466097152
1244464266339430401
1249836655063625728
1245084909678424064
1249748696629051398
1242321906813956096
1242553032149102593
1240864928522801153
1251307006889062402
1254955056291430401
1246349344560820227
1235060075489705984
1251018575034241024
1253857325418295296
1236922315864043521
1246708421258137600
1249058072598704128
1246645912560005121
1237219836968632321
1246165477346312192
1240131303204360193
1242938922537086981
1247548765818384385
1242579810703949824
1248037219152965632
1260205723247448064
1238864434321190912
1241956983990710272
1250806741744226305
1255257473730183170
1243744442529353730
1245587298625810433
1239902566416179201
1238334324136497157
1257807563640303616
1246505901776875523
1236189397302661120
1246582455957504002
1265378244548653056
1241401690189791232
1242832653595734017
1266123086014767105
1241033636901556225
1241879432035352576
1239896455306854400
1240164733455491073
1239404352432779264
1246911971196207105
1246917465847631872
1240870778641330176
1246581815768272896
1246192136711589888
1245234064417640448
1239299962522841088
1253028390136721409
1235783346824679424
1241530162384007174
1240299171250188290
1236047700585373698
1257417728471728140
1245422733296644097
1253862249669685250
1250687290868785153
1246652881446432768
1241020294229180417
1235749820209475584
1248654896573730817
1245417115709931520
1258481894754258949
1245933981117235208
1254582855142830086
1241981369917386753
1254047119859564546
1243699008440111104
1240263285653422080
1237951488015515649
1244011035683516417
1238494441180033024
1239363728702726144
1245240334549803009
1236015827578548224
1243378500297347073
1238213449068363776
1262158090629033986
1247518727668563974
1247385358305640448
1243587821727657985
1248039003758059520
1241778916601126912
1246559150877769728
1250234584291102725
1259640588833452032
1247572150367604736
1246825904615165954
1246578314388488193
1252835844689293315
1252739516080644098
1252084020764004352
1237900361521745920
1237776140262969344
1253042063706165248
1241637923188903938
1253364170981965826
1250841029940412416
1239003828739018752
1257039417643917312
1238941589830922240
1236386253634859009
1238959754736619520
1248317796766769153
1240883221967114240
1242646160214331393
1238869347445043200
1242916258946801664
1257809245006786560
1245037473534627842
1249217340698316801
1249753468295770113
1243325677165662210
1263862635335872513
1242706155006124033
1240793231471697921
1244428328712486912
1246478809148375041
1240465799963267072
1236040003043471360
1236040000937967616
1241820617566908416
1254129222970249217
1253151708613505026
1242661563690971136
1259136046303899650
1250271885226422272
1257768024624398336
1237067814214578176
1237471602364706816
1237068291358654465
1243171498078044161
1253005690345578504
1243336329661997058
1249060095981506561
1258227022511259648
1236459989880819712
1258900378768207872
1239747905868533760
1243735363597864971
1241512078776717312
1262510265117159425
1239405761341480960
1237970462354726913
1241535430916321287
1241463297125175296
1247600228020056064
1248695684657627137
1253675785145118721
1243736994141872128
1243937210354634755
1243162103231524871
1241895336005623808
1247279250438144000
1239400713358204929
1242275201871683585
1241528435131867137
1236039996433293312
1245126150843543552
1245864162145660929
1244439578955501568
1240597433760878593
1238026382409519105
1238510352477736960
1239326244073660417
1241121447487000576
1259275355833024512
1245121451532800001
1250445888230535168
1245851401277726723
1259919889575243778
1267331737996017664
1243365190856368130
1239521024556724224
1257301204838674442
1255314464515264514
1241526994732367872
1244428693910347776
1250780293516034049
1261279908589780993
1247371722694643713
1248272378443923457
1236130756608446466
1249463541934903296
1246957642108399616
1249467792534827008
1242532748092297222
1234931527907069952
1259925147303047168
1243649849980907525
1241187380360384512
1248792935673393159
1240870518061858817
1247400033143492608
1245606637169020928
1253312687942979585
1256685771064397825
1264874966660427776
1263877530760687616
1236561784762327040
1236426879520792576
1255965979936522241
1236864406467665927
1243654081417072643
1237152544117239808
1249207456305238022
1244807830671994885
1262128043423924224
1239369211417227264
1244667132803084288
1239038877467205634
1246951829604196352
1243049033179906048
1241459093010694147
1237513340290658304
1242594674063233025
1246182892390060032
1242159900039335936
1254465899983069184
1240438112368517120
1250443292627611649
1236040004188516352
1240824278649417728
1252686794602078208
1257504856878669825
1236013938019463168
1247369342372564995
1245443845413728256
1239370632862683136
1256008121471754241
1239575095728672768
1247172103805100039
1242301562141065224
1237612210500685827
1242107462175481856
1245104474722426880
1240871241180839936
1239096290622889984
1245740559454461953
1241741164853612544
1256105356511424512
1261686678185336833
1242809643207778305
1250272386001199105
1262453104890404865
1250254079801978881
1268213641658032128
1237629368295280640
1240874707986989056
1257438602868469761
1244429877492629504
1240053055254487040
1238983414012772352
1251564284288528384
1237485723516694528
1238217346415640576
1238298867113717760
1243459572125167617
1240736961054162944
1240839387916537856
1245339966130905090
1262132936154832897
1250923883076542464
1257503864653217793
1234907296070684672
1244811529888903168
1241880863517954052
1265679060656484352
1263847152947589120
1245425303842779136
1251932021758160897
1253381025436033024
1250806745187840000
1256684462273736705
1264275723390517248
1252626457857155072
1255626549279121409
1263440154477211648
1242323985678786560
1253047499385794560
1266245341013110784
1245036588821655552
1242594969774260224
1263876259471216640
1243282558655160320
1242803283963424769
1244360183364505600
1239297928725794817
1246559898692771842
1257835488209039360
1241776351876485120
1252236637729198080
1260047859870658562
1256406198204719106
1241757186805514240
1244367740938289152
1242225812000169990
1259661904978382848
1242598361284435969
1267547861107052545
1258459215011524609
1237613339930267649
1242556606572716032
1256456772841168896
1242448647188447233
1238959028614520832
1246164446105473029
1248339285930987520
1257779687234744321
1239260167859888128
1254583111272116230
1242469587909627914
1246589366215950336
1238947969484738561
1240733578679336961
1236384839055446017
1241107640291176448
1241403523620724737
1244952585561182208
1243715420537810946
1241108077002149888
1238659905910792197
1237592679535357952
1262418045516935168
1259332519050113026
1248436548497899525
1248883519251611649
1247339373932072965
1236012893717422080
1243907141712281600
1246151490680446983
1243302927336259584
1251499078279520256
1246945656981221377
1268240640036335616
1263455015764549632
1240096372017090560
1254828590107176961
1244631870026838016
1244675039099666434
1236192367201243136
1239042062206382080
1244321073912352769
1237777966391644165
1236201569961431040
1234991451613712384
1236002342614577153
1244632319136129024
1244470531836895232
1243272758684835840
1246222251860430849
1241819446374592512
1244470397896015872
1244174812764704772
1254835670968754176
1236876199848062976
1234977023677755392
1241216134407270400
1241216447231086596
1247378973748682753
1247378980610572288
1255243706531184643
1237585925216980992
1254583107052728320
1253080536513343489
1251157514021818378
1248338636505878529
1253554016165879810
1237169351221886977
1239583195756036097
1238144038466752514
1254843000640794625
1238677020298493952
1247009031681503233
1263205282064338952
1244117211570036736
1241825701281452037
1261821051815616512
1245100984189083648
1242256772468899841
1247647527253331969
1240464603315724290
1241820992126603264
1258130074286473217
1246826012937039874
1235690835380809728
1238300745369145344
1238657893139746816
1237153579611250689
1241817546816253952
1240378729982857216
1244633234517843969
1245178234867576832
1257413673578115075
1241464302860525568
1242573484225523712
1262406273665884160
1256185388537769985
1249912982093484032
1259967037901729793
1238677655005704193
1257839754327932929
1250070923551690755
1240399479863459841
1245223348763676673
1248317776768274433
1247878708741857280
1241204392772026368
1248677944815284224
1255927067377430528
1240400451604033538
1235653733427494913
1238983476956860416
1236505658066743296
1242448526014959616
1241459308065222657
1238984118509002753
1250484081579548673
1252465537260515333
1245603936167313416
1258573654264123395
1241954583959629830
1247011442710032384
1246311802461253632
1237854527128137737
1246153639044894720
1245429457327755265
1238606749092835331
1236864221544992768
1234901711833059329
1266341278930751490
1243367830315094016
1256030366315376640
1237932832514703361
1255608362504294401
1238597601747820544
1257707640085336065
1244546266417098752
1242540235629592579
1258231100641406976
1238649779560701952
1254873292852178945
1255865164429058048
1258200934233956354
1240401496065429506
1239212259299098625
1257404156362579968
1240801028410241025
1237856419358994435
1238139532676980736
1234978762808102914
1235747460338704385
1241246163715551235
1252464887621509120
1242322137077047296
1244390813003481088
1258247466580762624
1238325721111515136
1235384988201148417
1252274332669100041
1241809780399730688
1245803474870104066
1260720965203320832
1239405222906089473
1240399155085946889
1244313515084541954
1242538951467888641
1254603494075494402
1237046842249981953
1237608570637529089
1237434671920582656
1247972149878378496
1243382439264669698
1241197945317285889
1249893584397979648
1246310242050170882
1240340490538475520
1270065190730559488
1238974048421343232
1243599730040377344
1240099138852642817
1263185554784399360
1238453675648942082
1268119594897600512
1250239295505321985
1246863685156401152
1244338693936046080
1249384131848327168
1242494532706394113
1241399937671151616
1240975185223786496
1239594489548640258
1236554755184492545
1246267890954686466
1250232122155003906
1251931642706321408
1243694822713511936
1237573604943908864
1239346840610336768
1245852284795236352
1265996852211531776
1239349551992942592
1238515006766895104
1240375911393853440
1258245192227778560
1251348730889961472
1238338195193913344
1244700549510881282
1245428327952736256
1244673105915555845
1247277069911785473
1249742658102157312
1242584120804302848
1242533107586068480
1236886228131184646
1251543043712225280
1235719497249505280
1253707460122034181
1236052667878653952
1235307156842434564
1237769515863179264
1248014313006088192
1242833005300690945
1240305627361996807
1243233843613589504
1253347104627527685
1270346093012779014
1238653494719959040
1261297565804314624
1254157567825031168
1254837827390435333
1237176221051453441
1243939522414383105
1249496386678206469
1243626291670048768
1254000127439777793
1238213068460453888
1259894135437144064
1236086197870419968
1260581179708911617
1246153186735349761
1254110156318621697
1238318487530962944
1252602437031964673
1251722220033851393
1239259898895990784
1238683900475355137
1247663384704585728
1253050202132377600
1250556809451995136
1238700367950409728
1258502144472178688
1245046653905539072
1239059938963419136
1237784313334095872
1245767843775262721
1237738720733716482
1247247800980525056
1242633809712910346
1242631497833570305
1237179746229739520
1247261507055783936
1238554903175294976
1246210178824855552
1253814514320936960
1253153923235381250
1237840631101186049
1241404157728194562
1259268762353545217
1255627351116804096
1244811243606679552
1238647615459188736
1270059474904965126
1241105346111795200
1254873703801696257
1236804086386675712
1249748746956505088
1258851519748665344
1252733775592722439
1251018252047667200
1251271130595364864
1266494015324557312
1236014450383015936
1242537574851198976
1265015086868922368
1244703019079327745
1249757691456573440
1243238481452617729
1267133004159135744
1249127983610241025
1241735239203819521
1238640980091211777
1263494730459086848
1238984585649614851
1242981153939705862
1238972009096282112
1257367151549255685
1242524232640122880
1243366056309084160
1245639845378023424
1246141987771699200
1234977827084099584
1248752715607339008
1265985352931500033
1261741697207275528
1241558151062646784
1238295644235689984
1243601406222712833
1248719217282568192
1246518464669306880
1258633471146115072
1238288992715468801
1239689508469108736
1246562585412952065
1242598587260755969
1238716278652600320
1246523111802990592
1237968997837975552
1257426280598863878
1264942549011034113
1250070432587399169
1240892543069351937
1267156080703885312
1251686690025955330
1243045477810982913
1239059547165081601
1258458073443655680
1238896571783102464
1251327839112097792
1268563305926291457
1257806434709823490
1254442304846196742
1236040007455920128
1243734101124734977
1238907703369428992
1263863668447432704
1242208711797440512
1250238329892868096
1247398862685212673
1237967686367203330
1243264460522786821
1241822810747457536
1243236514315689984
1251932938276462592
1240747525910364160
1243248362679226368
1242952827481108480
1239037061341966338
1253576925735337984
1266913678047113218
1241264471512772608
1242539910621347840
1253420748040884225
1244117274190942209
1254174663044763648
1239561755161849857
1237567310358908928
1248399691189899265
1261774523235397632
1236828031865380865
1244293129580081153
1270108726872031233
1252644311646138369
1244792996698017792
1236874169167392768
1237585498324865024
1249832030289842176
1238943206655459328
1261472082493202432
1238984946288431105
1262424101018382336
1242167030230310912
1237770472386789376
1236824853799292928
1244290220805115904
1242275839271563265
1266854202178965506
1238277500645466112
1241197162119057408
1249052063838937091
1244703559058251776
1238360634795966465
1249048797302231040
1238535433027334144
1241881733273751553
1253811939962056704
1247951482348945408
1247549266249183235
1257684616409870336
1236803319802130432
1241877405892931587
1249335034835636224
1246510686118666240
1255983065697927168
1255240077493579776
1259888592467267584
1240380608934629378
1243746543665958918
1243978570545778694
1243739583256420352
1270056247283179521
1238864367413682178
1265345831827169280
1248670266672025601
1239584047958908928
1241633704151093250
1240520940745703424
1237839451046305792
1240128305480830977
1240069214892773377
1257395166698180608
1235370846299947009
1241252394706468866
1251735202268766209
1250146326894891015
1255868852723806209
1259161446614618112
1253656060235149314
1256661464032505856
1241522186768146432
1241201746665447427
1241201987921666048
1247252727505117184
1236827935463489536
1254446386507988993
1248681858662952960
1242592073745723392
1262159193139630080
1238971076039733250
1249430550835683331
1241869326862307329
1264431851529138178
1239292450931425281
1252734699379687424
1239977510701416448
1241827537153449985
1235716430823211008
1238589828020617218
1255320479499464708
1244500877626331138
1241789768494534661
1263471064891432961
1243268476854124550
1237081311661019137
1240725653466394625
1237414146477453312
1246591107464450048
1243701536368111616
1238309315083034626
1267614058431340544
1237837397737369600
1243094737520910336
1235798569988177921
1235230344284114948
1240382130359635968
1260649011528126464
1246148663816011776
1239385077110304768
1247665012287475712
1245888103266398208
1246581458069643265
1241481240479322113
1263304327126487043
1247682685713043456
1237013849888284673
1246189207355195392
1243274745069449217
1245159871730733058
1253933025915662336
1245127894403174400
1237823348844793856
1250520860869484544
1248426586392559620
1250798158461825025
1238666106652348417
1248038812430692352
1235401338588102656
1248039290321293312
1251587589879918592
1260598524556611584
1240141420402483203
1241433232517656582
1257835237012275206
1252689895216287744
1239657060922322944
1235310291954606083
1238865205943132171
1245795489439571968
1260061050973466624
1245606981500452866
1262174359755485185
1237607615296712706
1242475281576673295
1257801761164836864
1243777554583941121
1241032897869438976
1260056249091022848
1248007608553762816
1238236060200534016
1259319272309809153
1244829611587817473
1250942962323738624
1238338261996589057
1240989646995120130
1239740321526734849
1244495069748449285
1247186180526845952
1238606595195424769
1245161625528594432
1238299045514235904
1238650180473249792
1238586889428295681
1239691774924189697
1250435867623092224
1264986305932320772
1262436915925536768
1248750282986553344
1245198723283480582
1266176469400604672
1252023128550600704
1246102960032976897
1255516421569892355
1238937709516689408
1242972244856299520
1239626367026659328
1248647302266273797
1238204863462264833
1257414169009295362
1249890154547798016
1238680067250642945
1239777871322742784
1246536051725926402
1242468196575133697
1266526862005555201
1245896410043580417
1252319385823268864
1237065407237767168
1236029271044325376
1238303116082024449
1236410938615447552
1266120720913805313
1255068959923040257
1237852358593220610
1267721164194902018
1262673052434927616
1253432409061613568
1246851182464659459
1253098747715702785
1238909415710842880
1237836524747509761
1236428968485515264
1242527328304951296
1247368767748706304
1250749373442654210
1239603399231848452
1238259085260324870
1248384509227094016
1253076082858684416
1254110479372304385
1267966624159502341
1238898673146200064
1239337463660724226
1246155303357501442
1255629036039991296
1240381253553135623
1246901625425285120
1250230049065885696
1261837550202654721
1241035259958800384
1239957713322270720
1241512211631050752
1239617525639303175
1258920181931229185
1244650175840190464
1249252820160667654
1239669589933314048
1238172967537799168
1250481529957974016
1250963907423813634
1242984277404344320
1241249282998468608
1241769418520006656
1241402357277048832
1265027971628191744
1248242724215631873
1264874854257266689
1249383517143707648
1244467178490847232
1241573969548824579
1238510350980354048
1250273174001872898
1243329097331175425
1252829712851677190
1249054273712713734
1251017152628289537
1242591313721085953
1237810989078179841
1241433202696183808
1241391347833028608
1239248959962398720
1244067405376020480
1244463756635062273
1266334873024737280
1239038333239480320
1240093475862745088
1252831001841037317
1250560754928893952
1249654470482505728
1241480099322417152
1260155493013577730
1253019195777839104
1236831563016364033
1243291406623322113
1238258994541514752
1250119869799862273
1238358355824889856
1251453201884168192
1248300574249869313
1238610133782917120
1245105122025172992
1237593425018408964
1243598939674173440
1254829769079713794
1241756860220243968
1247500304012042242
1246941069444444160
1255317958051729409
1243304438556528640
1242196381139259392
1251164224010608648
1240529180401340416
1254947224561135616
1249736131328888833
1238143400827686912
1245444508566749184
1239622220034404352
1245445072516087808
1245719264314753026
1243422381776891905
1262268197136302080
1246062435691188229
1266425640460271616
1251850172876931074
1242470299427164161
1241891232403447809
1239373299756367872
1242279364751814658
1253886444415979522
1247373132437979137
1238360724763623424
1255524353141346305
1252026258877104129
1269023489958113280
1238337700270235648
1240399637137235968
1242497972635455490
1236779617492533248
1238554732416794624
1267270301663916032
1239369942241165312
1245433109056598017
1242780677575020546
1246497905076097024
1243979690852769793
1240877233146720257
1244572713521270785
1246150171102072832
1245745087486636032
1237452252593278977
1241105112925376515
1248411644985655297
1245062747420626944
1257664164345995265
1243987159582834688
1238319617136668672
1246822303523995648
1235786180932878337
1239371633413873664
1254119464192237569
1237747647429009408
1268245061105520645
1243335498132647936
1244180203380731904
1241012308840611841
1255484220136402949
1256239335315128320
1235302071638908943
1247570643568099328
1248100415272435712
1241556069639286786
1245956711917047808
1238648240863494144
1258264439339380736
1240890180938027008
1245277307339558912
1257536847128834048
1256225581617811458
1242463557066739713
1249180923456782336
1242776534177341441
1238556115719180289
1262133467678007296
1264745755161399296
1243697396367773697
1239095230445621248
1242531279968423936
1243283171749163008
1241818294002143232
1250768871935684614
1244162614625615873
1256103075636375553
1236371689455284230
1245540814299623427
1237251190867419136
1257820432201207808
1243701049065484289
1250618465515421696
1244092486743494658
1238138239623413761
1241459413384232962
1246554672313159680
1239211009392275458
1238217479668654080
1239960075189383168
1238588528289665025
1266335727748448256
1259915443738820609
1238645596551925760
1261738513248051205
1245193868808581120
1246524857266753536
1243739136315531265
1243739872931786752
1243273257526034434
1247120361038041088
1253233661035474946
1237262767377113088
1243277130076524544
1269748269065756673
1241202117634752513
1238908534097448961
1243338102715879425
1258482472993599490
1242930560743247872
1264875199201075201
1243047983152631808
1235191485273788418
1239668042545516544
1237828833060872192
1245768374522531842
1241129303368175616
1239328303653085184
1258832028960612352
1247609637811060737
1246583669248024576
1244992705408561159
1240202214200586241
1247501593412399104
1244678766862819328
1243282392741072896
1243728932966293504
1248217888772648960
1244546990664368128
1255234624084742150
1245717281637675009
1243939245565214722
1248751029404889088
1269363995028250624
1252028520571613184
1246647371913515009
1241778397010788352
1245875326846226438
1237469988631412736
1241550195097133057
1244682514536357889
1241897593359044609
1251241285509197826
1269006463491387392
1236106840078864384
1239038435551109120
1240093899223216128
1266259090914738180
1241898637451341824
1239082397389320192
1238142200585662464
1237953178437480450
1239756892508786691
1265065518454595584
1238643327152427008
1238334212802924545
1242280889440022528
1252985141749665792
1249929135129935877
1246520868399796226
1242928657229701120
1240467619439730688
1250275957220315137
1242929305757175809
1242520278334201856
1247396436599160832
1240468420497309696
1246103053608026117
1238530508436332545
1241786400644542464
1243979025011183616
1244497835900334080
1255614051448549376
1267627426089250817
1236014565759975424
1236086079008067584
1237889190563463168
1244974407899951109
1240132008258478086
1249080957941891074
1238105366203793408
1242193918793379840
1250791072705449984
1239403568349630465
1240514207222648832
1242343911479107584
1240757320025403392
1243364738144169985
1249077772485627906
1250147784478658560
1241778749281984512
1244844379753209856
1249078656346902528
1244016524039344133
1255893361812049920
1239408434849517569
1238270854951137280
1237036243554160641
1258076340575629315
1237892497361129474
1247520362402705418
1260357349803360257
1245200268846907392
1243160861708922880
1245867963829243904
1248030305035771905
1243222782588018688
1241869649895014400
1255860004353003523
1247402315222355968
1238642929146556416
1239577303077679104
1238721064663830528
1241868176750567424
1255242172087046146
1237132508015165440
1238636646284718080
1253438889705877509
1257149153219448834
1245122677020315648
1253657934606659586
1237259585242542081
1243729926659792897
1241557448739008512
1238135796386824192
1241203056412221441
1241131736693493760
1254127364931379201
1251308143591649280
1243549819710259200
1239384625195016192
1243938058614915073
1238595465853038593
1249032793218154496
1248018953193918464
1246182423152308225
1257830785127559168
1264267738379251712
1247545615518560257
1260343713810673665
1251196357869780995
1240821757361020933
1252719468637290497
1247185359785594880
1246608235009736704
1246458478610141189
1267463960657367040
1242007664210542593
1247652395372302336
1256737483900907521
1238535869218217984
1235101751964917760
1243356644471230466
1242868177412870149
1240219405281185794
1236472940020940801
1241189769058471936
1241189949606518787
1236830113427116032
1253428336455344130
1246167500494004230
1242383590823878656
1238684265224605696
1242583394359242752
1246910879335092225
1254439451398455296
1259894810132926464
1247517174211596289
1241601818750144512
1236459336278237184
1241777398414069760
1242820812593197059
1249894914453692416
1245711730367295488
1245714555004579841
1251603099447222272
1245962849605652481
1262808173963964416
1246200663387721728
1237144475308154881
1270449255820468224
1242538447908122624
1245526556811726848
1237768857042866176
1245590936412753920
1257457678726676482
1244702330831794176
1256640756380389377
1238531142166306817
1258220858637578240
1251993212169801728
1240418453820862464
1257788035468582913
1239062170337333248
1240676117884747776
1250085219555635201
1249744214008549377
1240045331867414531
1239386546966417409
1238651896379797506
1243468651597926400
1249459243821854720
1252833855662219266
1238761270490222592
1239407665656315904
1236659573789872128
1238666903561830407
1245768247699558400
1250868290064224256
1260462688767008769
1263265201547141121
1265495289378594819
1248758966013681665
1238635680810422272
1242550058332991488
1252751286568513536
1245195258293452800
1246306555831582721
1236203786638512128
1240821995056427008
1251577909380149248
1236006426100678657
1256314066546708480
1263439743968108544
1242166288664760320
1244804924694605824
1243407685334134784
1241547872530649088
1259664521225834497
1243780849251700736
1245105063426527233
1256188114877341696
1257154786723414017
1244798585389998081
1241716629701947392
1237808086082977792
1248116271062740995
1239369395010297857
1245865687609790466
1241937511179587585
1263665306196566016
1243379431491559427
1240026147863363585
1265639990081368064
1242528889559121920
1249409433773305856
1262466658561449984
1256375166088536064
1238269002910072833
1244812401536462848
1249339284995428352
1245837212559659008
1242228141105520641
1249728306393432065
1245196717684690944
1249739237659820032
1245240391391047680
1236806597986279424
1240802903998312450
1242196893699944448
1245543511304200193
1238606465272655872
1242656043714281472
1239661918048014336
1242651834398806016
1249736967010635776
1244495218860158983
1257037238115815424
1240737891443077120
1263439540842201095
1249811945428881411
1269418342210654208
1247156247184338948
1242653207609741312
1238724048017739776
1235103819802923008
1259919785933987840
1237081380204363776
1250259511622782978
1248094211611582464
1261827297503358977
1245781262020665345
1242708292909981696
1243254981831974912
1238133119963631616
1243699264179470337
1263860195660140544
1257481472325218310
1246131535868133376
1253096639147003904
1247704194758225925
1243621468954451968
1249365944347942912
1242464430194974728
1249370861724823555
1246100699554824194
1241389242762153986
1236840548385751040
1258201235351429120
1242558353600966657
1249734741135261707
1257394981767122949
1254553823126777858
1244500978344345600
1244368615488598020
1256994468739203072
1237454289485750272
1242881412337975298
1247380121226334208
1237151398946426880
1243726204206592000
1236780417677545472
1239630566099537921
1268789864855556098
1255681727067873281
1247569463857172482
1242196032647127040
1244287530716954626
1258514060095586304
1248791256991334400
1264668434731696129
1249209355418963969
1235528043310940161
1260471637570392065
1250246206514589696
1248845992381816832
1244779716986286081
1247609419866628096
1245388822226993152
1249076336775163904
1247971095208022016
1251160864700293124
1235679276055191552
1236007909516931072
1245116519849189376
1242106238856359937
1268886554459598850
1246521967429074944
1245527390270324736
1240131456569151490
1246587354824863747
1246206802330439680
1245820376476573696
1246945831699116032
1239402236234461189
1244547880116871169
1262467771822010368
1238008547054456832
1260817571814821890
1257408398405939206
1248259619673100292
1259448871844892672
1237771148080762881
1260988818489925632
1258861499524820994
1241479029569384449
1245525795931443201
1240063581153972225
1238306905958707201
1250791092485623808
1242617193025556482
1242521456518414336
1236651283676663808
1236861849984888839
1237452551374532608
1236863139959853058
1244825056384970754
1239780955650314240
1236015107773063169
1248835740353482752
1243885962645643265
1237723616218714112
1240398722397282306
1244726637599404033
1262882311248343040
1245731618767007746
1246934194917232645
1240732212875505665
1249506187067838464
1238130192855363590
1244825343082418177
1244011437585920003
1270209072764084225
1237477886887510016
1254860847291133956
1239225632376016896
1246939281668497408
1243265461472481281
1252322381663571968
1241203799449989120
1239975934083469313
1243788274402902016
1240425715310505986
1245196067865419776
1252818412134207490
1238136723336503296
1242951105866117120
1238323112317341698
1237760115597443072
1252653574007345153
1270196549679607808
1244052672216477701
1239780844404740102
1244202163670147073
1246606573507448832
1235235814508056579
1239650274815258627
1239347514488156160
1260058073139261441
1242197652378234881
1239997384597188608
1241415721487175681
1238171464324407296
1250241035273244672
1238136236159561728
1257037033295556610
1235460148866330625
1241577984382754816
1243080312030027777
1236002523309203456
1244109203683160064
1237772016247169025
1237888667152027651
1251229458188529665
1239452852063309824
1239394007848873984
1253896216787611648
1244628847628173322
1240409843531313152
1238959549731631104
1246155099514318849
1245354620978753536
1237147230760550400
1246218453574434816
1237833634725261312
1253343735011610624
1253735166897348608
1238560667356893184
1238560880737939456
1244321958621138944
1265294036660662272
1261737296954417152
1236460712999804929
1249744731677921282
1258121672474816513
1256314970804912133
1236002521254002688
1238647249304870912
1238309679706431488
1243629788314529792
1249410846603628545
1259924744989601792
1245165323285757954
1240021897506512896
1264269882440310784
1238924672835530752
1268416987169878016
1240768353641226241
1241566891274993670
1238309726565195777
1249071578244993024
1237153282931298304
1244282950838964224
1253443388122075136
1248443214035431425
1241000064895471625
1248229093843144705
1237930951067324417
1237113710658727940
1246853393844293632
1256077352200663040
1246822380476878854
1239977078662901761
1260874256688181253
1243391192844210177
1265931474592645121
1245806093260845056
1238684740179226624
1238685540947378176
1239662485063340032
1250321396904759296
1238593981770076165
1239972519202803713
1253071243290574849
1237912520041451521
1245139860676988928
1250492501401546753
1262111634295713792
1239775949450706944
1245117032686702592
1241918192282263558
1237452099626995712
1241563089209868293
1244811390667223041
1249899056039510022
1239301166678151168
1260386261291765760
1266935208370044928
1252688901417734144
1260984326545567745
1249466027798196224
1243544091293618177
1262034211633946627
1242535263701626880
1242952559356047361
1248318756981329921
1265389426617663490
1241739932562907138
1237365328117522433
1267892981098524675
1239731907035725825
1239736006498119680
1244760714364903425
1250988511584382977
1259897275687374848
1253125314147872768
1250619122766897152
1260271158651351040
1245115305954705408
1239882542628495361
1242827082364641280
1239639638127468544
1239651621765693440
1252609144239996928
1240301658392805381
1244550287613816832
1249858885394894849
1239653840208531458
1246944407846137856
1242247915063496704
1241152717734608897
1246942001708199937
1250900939092791296
1251019617755004928
1247607343015051264
1260982627659509760
1243261501328121856
1244318980220674050
1263306821999214592
1236566351583440896
1241205585619513345
1260740151451385856
1241912047199084544
1237952038643699713
1238466248020647939
1239226671313502208
1242135551911718922
1254218845188837377
1252224822592991233
1252820650453950470
1254580385154887681
1255352310852616192
1238884022270361600
1262962694904299520
1251205596910505984
1237949284550500353
1240397269498724354
1246496854042243072
1243407705902960642
1259964621470883841
1243413693339037696
1236475706546085888
1241082143964450816
1239302919729504256
1262158329624719360
1249327386023231490
1257714062550417410
1237628167520542720
1242110086832517120
1242855407434919942
1247228956828262403
1243543641215373316
1244759954466074626
1237718957064253442
1265791788972826624
1236082880779976704
1242885805393055744
1262565411536568320
1257010728646524928
1242335266070618114
1245192447929405443
1238667390919102470
1238324269320298496
1242553499700711424
1264739468927307776
1244721305393311744
1245523322424573953
1242472438882922497
1242903958516989959
1239928490222182400
1253151551520038912
1241790784635977728
1236112820959207426
1241901213676785664
1238107657526902784
1265842775926476800
1243290843936514049
1242492267945816065
1236913682468102144
1235718171992055808
1238354980165152768
1244469710873169921
1236812815945498624
1246129594857472000
1242673927047938048
1241344735681204224
1246929422394863617
1235006584046022656
1270009911452160000
1247914195019952129
1238687612161802240
1241882109943242753
1261960126618939393
1235946813313544192
1245960590582894592
1243727596459683840
1237153092568670208
1246520004847099904
1242337709982511104
1245369728383602694
1239362409141137408
1246943651864834048
1242160273437294592
1238274853167218692
1238335096102383616
1248318499576930305
1253724708370919424
1237927339398287361
1239697615681290240
1238278653877710848
1243385638193254401
1252750522500689921
1248325029063831552
1247674576584060928
1248008594164822016
1252794643231768577
1250653539073843200
1247191515081764865
1243213517873790978
1255464238413422594
1244770970109227009
1245123623574069250
1246591372271988737
1260444548234465280
1240885540691390464
1236814501724356609
1237210711459160066
1244087384280403969
1245764378764251136
1237155994213298176
1248625014162649093
1250525850425942016
1245550499002077185
1253559627632873472
1240508099720437760
1251613409050865666
1237900799394467843
1248306054854668288
1237915971622326272
1262366845333454853
1242883051572449281
1242475228028006400
1240471356774334466
1259165439671730181
1237911308026015744
1270143870865600512
1241463796087971840
1237537709901545472
1236338344180645888
1248652407484985345
1240143147981836290
1247727885760073728
1237914689901715458
1262447156738154503
1266332087876902913
1244810625882046464
1254944074081030149
1248063921430253568
1237048276693610497
1240030295245484032
1236037779592630273
1237582141858299905
1238135657148502017
1238152396934537216
1242412028913827840
1243731325317607425
1258557296960892928
1242687029906833408
1245894768422313984
1243389900436602884
1249025782720020481
1258175276326010887
1244114195869609984
1243339582470590464
1240411815244226560
1236059988327456769
1250902942275649536
1240764634979643392
1249332117659463681
1242569956161552385
1237925512103841793
1257490316124278784
1239306569860272129
1255270362121723905
1245062102865154048
1257530934909300738
1251701876120141824
1237822855951175680
1245615200981549056
1244020249604718598
1249128505390006276
1238361956873981952
1235719549665685505
1238269470432301056
1245459122566254592
1248508792066564096
1236284107702726657
1238267860390051840
1253072876082585600
1250960690287763457
1266258400498741248
1237646866071736321
1243301989544374272
1249724594501476353
1257714404381954048
1259535989728358400
1248611520897925125
1238297380547690496
1243273834809028608
1239303984780722177
1237778978691141632
1252650276458123266
1244420644000825344
1247608249664167936
1254834752814604290
1237118725247008768
1241190794175733761
1248325597593403392
1240873221714366466
1246454840546357248
1255235043628404748
1241141598009745408
1237528932028542976
1254810492389883906
1268758527650250753
1249479090383368193
1238564608861863936
1258174250080403458
1248719647505072128
1262407065026215936
1251683907428216837
1244828193082601474
1240134691589586944
1262966469647675392
1240414171902009344
1251783113794961408
1250774669642174465
1248318777286000640
1250821864571539462
1239315771664273411
1263318375318433794
1236368882140614658
1258165959325388802
1245739268229566465
1241521857792114688
1261364472481890304
1247633298333093888
1244478497264783360
1238923399444885505
1249718515361173505
1239361767454588928
1237759101909622785
1253168918199328773
1244074326904586240
1251704130587901954
1237900620671016960
1238321866822971393
1236039986253684736
1237902934442033152
1258207832094081026
1259165385980391424
1241248019707658241
1242431993033265155
1244050073337524224
1239240219326472192
1250153254719066112
1260277896867954688
1247731120042643461
1241861446939500544
1270581240501088263
1266150682580496384
1241028776428896257
1235491691680788480
1238873047097999361
1241032177040515072
1241452613020733440
1235785958928166912
1243390826190757889
1240262140381954048
1247319931454029824
1254441763206393856
1259896040234209280
1247352933450223619
1251594772617129984
1235944665976733697
1264628929668628480
1239367051879145472
1258770820123394049
1243044615109795841
1247502889603325952
1236147745607397377
1244820723492769792
1240414243213565953
1249787474949189633
1239042717025546242
1249019655202562050
1249216954818113537
1249404111553835015
1257540453584568321
1247509458894245889
1255678435004780545
1241948863314800640
1238661436991090690
1238495159639085060
1267108252971499520
1269307892521332736
1262786597520420865
1240337440339976192
1247349416589021185
1241178412745502722
1260251094002761729
1243511056552603648
1263185717376593921
1257425358615388160
1238605294692782080
1241449535324311554
1240293164742782978
1255666994809942017
1240026995741736960
1256369333388800001
1257699834418524160
1239735981697200128
1255603507639586818
1250584702332723200
1238267915943596032
1247650157195169792
1258855360556752896
1249028061892202497
1240470408710615040
1241289181936009217
1260049812059066369
1237762507403440129
1241117413208256512
1237762993380708352
1244794994675699712
1253069443506204672
1250485008420139009
1240721571846557696
1243212774559199233
1236714183971835904
1247536564881653760
1253845949635457024
1238131887601664000
1261823505592541184
1244823100719386625
1254221256968204288
1252774532244549633
1240471291313844224
1239765382103207937
1236750575770853377
1248363424657993728
1237553327556026373
1244002864361385984
1255618548531032064
1242922965538201600
1253662349073846272
1259995362611191808
1239710064753033216
1238941908069543936
1255149707816398861
1242841717516034050
1252416427526459394
1240425042833338368
1246800227874394112
1245039577414287360
1236108159153917953
1247614297951223808
1247980549571883010
1237555573131902976
1237035672348680193
1243056011121840128
1245784989439913985
1238290594679517185
1237036952261505028
1258583134234308608
1251802144748924928
1236332491113259008
1242907668550844416
1255872578876395521
1237709877666955264
1239678335833137152
1251869193978343426
1238876124915970049
1249130102367178753
1238228805187039233
1253464857799651328
1240700639002251264
1252033141436346368
1247288886335700992
1246101744393711621
1243932533919637505
1240508920768000000
1238961229907079168
1237714107878408192
1245315673565171712
1245156250418958337
1247999150550953985
1241961727379402752
1239519875371945988
1244134366348902401
1248007911390900225
1261108777056481280
1235361847961776128
1249465671089610762
1252964167327203329
1253183071299534848
1237505686214340608
1245747714110832641
1242245185490182145
1247998688217026560
1242514905317572608
1241860946059866112
1242884901269114880
1241786719080349696
1238276842395561986
1265429551842070528
1242620524913516544
1259948255967756288
1236016473849466880
1240633419752595457
1243727891617079296
1251174614174060545
1239783249859108864
1251874405430378500
1258304244790120449
1240464964004933633
1264242046660833280
1245466604290240512
1246577721532014592
1239764401718046721
1245717609590358018
1244742453350912000
1238561630994087936
1244768420731604992
1241594687649128448
1250319276801581058
1253013046433165312
1266267020149919744
1247979293805666305
1243408849354153985
1239765740036620288
1246192618373079040
1246774025696632832
1243571481092579328
1253177217934192640
1236053448442822656
1238563309697155072
1250620727985762304
1240146627383492612
1238342279888175104
1253700412101718019
1263172417045712898
1241152042237751296
1237553678149545985
1256994397477941249
1242843805708980224
1250294161187590144
1240362828478865408
1241507512408408065
1261065885063749634
1241505438987735040
1256931569287065600
1239394955593801729
1251943841281671169
1251783628025020416
1234982157187072000
1244822781004398598
1241860334157058049
1255129244486660098
1244067180938964992
1238869848903409664
1236916146911219712
1239074993553567744
1243571665629405185
1236224789540261889
1250794286037139457
1239317775912329216
1243294814960930816
1242655363704303621
1265325654049882115
1239194157085679617
1254577894287798279
1247018663086977024
1235601428166541318
1260547307910557698
1253105467506778112
1244073037193818112
1239728358495113216
1259231389158785025
1242266915327725568
1255630782476910593
1254958071312289794
1238530158102851584
1256322546313474048
1238836237928026112
1239078587505901568
1241436179880267776
1253435001921626113
1262639626713329664
1259996970065653761
1245826429582856192
1239604162750365699
1258582307914440706
1243296695808483328
1240894654440067073
1259966817176444928
1253825552592453632
1246101552042897409
1244337644764409858
1250088835674849280
1242872936010141696
1249032139904958464
1259425724798169088
1266827550967214080
1236376130577264640
1250494733652131840
1237124329453703171
1247287955477184517
1247710473610551296
1254239620960628737
1247979273719169024
1261006679744761856
1236478350928916481
1237749965033623552
1237864214326210560
1235879435263291392
1242630196798218240
1238905921260015616
1252458113455669248
1250180478587547649
1247847836365934592
1238293884100206592
1257903641534427137
1241594388003696640
1244409590004895744
1235607940586803202
1253533701536772096
1246891011986591744
1243792481633710080
1242617286856331264
1240678781532045315
1239665550109728768
1238349678841745408
1240347663104503808
1242154967231647744
1237913376547692550
1247579796709597184
1260965117719539713
1235958798516252677
1239026973277433856
1260401331178622978
1237910966362406913
1250252151030308867
1256618824536854529
1246537924956639233
1244549321577529345
1249478889908256768
1245900449351233537
1237920737953972226
1240682261818691586
1243292136721616897
1244768539845652480
1244490147330002945
1263164609071992832
1261172262717161472
1244407510657716224
1262499680061030401
1255225319319130115
1242840886410539009
1244307307749453824
1239375958953484289
1263166638330744832
1246229730921263107
1270010328370167808
1267456777043406849
1240829747971518464
1246533221921128448
1238494695065448448
1237914365350699013
1250215086410489856
1250099187481333760
1258129571066470400
1253498083238912002
1253202689392926726
1243565461863690240
1247566592612823040
1255904290025005056
1241218936063938561
1246270664241115136
1251875297730805760
1248354352546246656
1246454821126717442
1243471321289252865
1241946311844179969
1246134455187566595
1255604953613123584
1262903397830836226
1249371051508654082
1242507946006732807
1250991492065181696
1236719798312005632
1257802304415121408
1255529016741806086
1242649308307963909
1245547866233303041
1237632503982084096
1242861279225581569
1250104485541588999
1253468129495142400
1240412224524410880
1267165806200156161
1243386201899298822
1240071542324613120
1240287843622072322
1268379890543288320
1236697552646332416
1241488544193019910
1241491222927216640
1235882431607013376
1252301942975389696
1238922262721355776
1244837196177145857
1249482541163143168
1239323743534469121
1243281820998750208
1260324962075729920
1235973756167663616
1240087989029650432
1247255258885021696
1245950191653412864
1250535299060465666
1246881133821747205
1237900898191331329
1246574574436786178
1243391465792798721
1248408408073441282
1270422296889421824
1235458808622624769
1251601015876411392
1238140329921933312
1237921506786566147
1253106216009490432
1247733532081836032
1246927570672562176
1238346032620027904
1249237699178852353
1241929778845761536
1259549357486960640
1251390578933170176
1243997889522585602
1258086117070397442
1235760756580167680
1244107332327321601
1253531169028595712
1247330734139822081
1251230765024591873
1254914229066334214
1240814215721451520
1238475651776000002
1238595000104939521
1235953912542146560
1239057871851012097
1257803856227913728
1238283133566373889
1263725339085139969
1247616419614715904
1242919965809954816
1236098489848745985
1237109122064986114
1263997844622643201
1241222438458802177
1249869319816671232
1244058643500154881
1239952848542035971
1245406672341700609
1247998425934622720
1240470175247261697
1235724745112301568
1258130079479033856
1243345547567738882
1245903343236472832
1239518078674726912
1254804858974040066
1243726976222760961
1237922775320293376
1236323081938825222
1238282613393174528
1254534929859219456
1246535679602872320
1245404840252956672
1248714661832339457
1241544149465210880
1244776219297468417
1248984989364105219
1253174921166942208
1259748273096495105
1258928737136992256
1248143971076857857
1245402439718748163
1245943871407886341
1237826760609153024
1252425125309243398
1247218267434782720
1238618841254465536
1239075757424508928
1235722890617577472
1242823064728899586
1245828031811162112
1242001626967113728
1248266457130995714
1257845792028540928
1238603469021298689
1246098359019962369
1262911057015832577
1259965234569072640
1245390577232830466
1237960129170956288
1247153319090348035
1243003598327312386
1240507336478744577
1240854137815760896
1253176189918670850
1251489087543885824
1266334074852880384
1250588219302805504
1246051622477631488
1258592130986983424
1243715988236861440
1252745135734943745
1235661162689118209
1245494810909093889
1243579233571459072
1246638852862689280
1238229304690933760
1238229396407775232
1246812790938992640
1246878121728630787
1263541791866761216
1248939447942443008
1247979577109954560
1239713240256376832
1250842513688100864
1247976526173241344
1246605542568558592
1253529475490299904
1251618672205901824
1253487832934449154
1238916560669904896
1238455084293316608
1236742883492806656
1258769886584516610
1239076613528010753
1251867809597886465
1240035135434584064
1268645124667392000
1258144570321199104
1242270514833309696
1246537438882713601
1236990738224656384
1263170121561858048
1247998482423529472
1255898331949170689
1240741028371369984
1262893837778915329
1267111621106663424
1250100338545188865
1235055997762191360
1239445922641313792
1244317706322493441
1237347530880372736
1257746730059100161
1242302777918775297
1238136314362384385
1237755754850824193
1247231391168749569
1247231572564049920
1240792874301550592
1245797643768360960
1268907616735948800
1239680049709830151
1256060106501812224
1242652947143520257
1251233135682940928
1245461391827300353
1237921124274417669
1264697683521892353
1245653863434047501
1242523205941596161
1249731184067670017
1247217655292940288
1244409597600747520
1235050849493061633
1249629828887638016
1262161398458576896
1252283974233145344
1247966027947753472
1239020876038717441
1235769920098635785
1245865164487852033
1264703802885750786
1242615098188783617
1253407481906118661
1247610189567721475
1240530651817754624
1267876455431548928
1251741163939233793
1239764444575457281
1250078325462056960
1247884622148427780
1245717340219527169
1239956294829617152
1237707851297984513
1240079494603345920
1236443163415343104
1243343800015060994
1246457021890584586
1248714568496345088
1240768660672614400
1247586309813620737
1239923562644779008
1265072821459247105
1240162701994688512
1237919259952476160
1257088203384750083
1259391122960461824
1250608055907057665
1245908020657139720
1244409387407400960
1244262885447979009
1247233782114967554
1255989495700377601
1242286262075232256
1242566091441766400
1250609312159936512
1236749911460216832
1251015776783532034
1242231453456293888
1261426375061172226
1240359833229873157
1246627873168875520
1243568144737845252
1253375793465397250
1244766526630051841
1239004982747119616
1244838948817358848
1239693342947991553
1260265295144316928
1239766609310302208
1238341042719481856
1244820433473392640
1240828065862701060
1248781539355299844
1249736406731128852
1264849773628141575
1235770859341692930
1236742507637006337
1254744226513879040
1253060457348255745
1260192322039320577
1236752808659095553
1259995722134380544
1249020079443869696
1243712701601218560
1242856699817414662
1266011921704194048
1266466129888739328
1260330302540521473
1246924840038088704
1242187293282021378
1252764435900297217
1238111427493167111
1243830937105756161
1256780448774205440
1241229036153499648
1241064075653558272
1241500873290698752
1238000543722700801
1236716182293475328
1244353553872740352
1245568829377273861
1258172354254929920
1237911266036867073
1242552858848837632
1240013886956253184
1269351486015680513
1250322829356052482
1248081794798215169
1242067307569876992
1241433574718312448
1249438309589213185
1241852365575090176
1254247902303514624
1251733937669337088
1259670170844332032
1239728154882609152
1239734840120967168
1261324165262397441
1247654840299216896
1244090289712582657
1245095753376239623
1237758480162775040
1243001838305046529
1253757271265251328
1254222243845955584
1236401663549640704
1237877812737929216
1236609757776990208
1239761941301579776
1250838266032484352
1262878379906228224
1242921396365221888
1242616902943268864
1244742634184171521
1239274172842299393
1250535959948488704
1237914996694061056
1240809955566944257
1242302493079375873
1252793266124156928
1247795696712822784
1239727308191088640
1238229615765680129
1260756216495538177
1248069016494559232
1237911783274242048
1237875409078726656
1243570309103411200
1245151091857055746
1242185262546825219
1249741015117791232
1259230258567446531
1247981480313155587
1247892655050121216
1236462376720822272
1244688243775246337
1249876352951406593
1248448364817141761
1236799737187020801
1261324860308860934
1243268551474991104
1239531131197771777
1239639890423250944
1239205121583538183
1257116542002532352
1240275337209982977
1245093204711673858
1256060644836573184
1251790835424743424
1241176046302408704
1248417036935393282
1236719503951581184
1245388140862271490
1237925191872729088
1237102521438502913
1253464354562818048
1248357017195970560
1255563593585582081
1239715422380810240
1237921828745568256
1237885831441862658
1255216696362774529
1244107995660746754
1248066727222493184
1260971122687913985
1246540430449102848
1241947094992048135
1244381517339480065
1257758075861168128
1249016064337313792
1237156552517103616
1260285642472218624
1243391571195658240
1244857643341975553
1244741132702994432
1251588286637764608
1237377423194255361
1247964499350401024
1236319732736774146
1241795624334282753
1246587059982053376
1248071791936864257
1240441223703179265
1251526862913900546
1246576605297692673
1242241882408677376
1239722980940214272
1238497603819466753
1239212902130704385
1254959596440977408
1238294261730172928
1239202323898830853
1261102082976673798
1244138056057155584
1242894683052761088
1241455910817386496
1241491613316046848
1243261525583749121
1244102182820954112
1249427102295826445
1257762577158819840
1240827561594073088
1242219973319307272
1243574263803555840
1255219304615882753
1237911074172616705
1253079659836665856
1244821004301541376
1246941354740953088
1265878260677656577
1259167474441809922
1260630525661728768
1244107950127366145
1235079015414640641
1239532565586776065
1237392378308071426
1252773682587430912
1235606521272139777
1250594906847866880
1253409738802380800
1246967221273821184
1240121053340409860
1236788896236593152
1240847845629890561
1242908166943158272
1240018291084513280
1236521976186802176
1237918317794353152
1251930250759434247
1247654409946796034
1264960765305339904
1246903400278757376
1261423494677401601
1234945631627534337
1250077088922525698
1241506595302830080
1238620621140983809
1241962234311397376
1255126872293126145
1237499084300148736
1259203887803715584
1241432023232688129
1267928755432910849
1248144470027030531
1252248600723066880
1238923918540443649
1247150257793691648
1248077876475252736
1239457459443392512
1236710493097578496
1239681481322016768
1251912669335924736
1244351134711439360
1236749299477700608
1241023187422339072
1241025965314068480
1237497866769203200
1242239410428469248
1237499355411566592
1244237363783454721
1240499016141393920
1251204765834305536
1238693045685481475
1261752053472260096
1261067789772582912
1245097729186881536
1251629451009380352
1241499695479844865
1245752631982604289
1249437738299867142
1237898022559707136
1240680723276677120
1236150895399694337
1253726754356658176
1245909675066814465
1238873452087398400
1245813380788580352
1242218400924958725
1239054920113770496
1247535173500940289
1250081361857146880
1241865207556657152
1240733178551128064
1258931283712831488
1246100431714934784
1260833215956152321
1251245011896872961
1241925643715018752
1241224429775941632
1246097327711858690
1254628908927873026
1238039608895496194
1236744009944453121
1247732600375922688
1248621794258345985
1264626922299912192
1242876568080232448
1261099942413692929
1236751099639394304
1236350083811045376
1239240840104402944
1240491845366329345
1251942063714656258
1246451779061125120
1236794265352585221
1238561966991347712
1239363228955627520
1253604071560245249
1244815270314569728
1250254055097630720
1246447535394140160
1240345023649959936
1239508851285569537
1239273295725260800
1258560443058020352
1248005195780374528
1238229020065456128
1245693063357280257
1258436019088588800
1245059982619316224
1253406341151854594
1246282999911477248
1245002103031906304
1270116542278180870
1269866545817120768
1236076389138198529
1238110675936788480
1239634273813946369
1251193335353614343
1242630020163497985
1241905547026124800
1236772448315432960
1254621336149749761
1242732985381609472
1240065888788733954
1260644647501586437
1239021134663667712
1255906471591546880
1260713539724959745
1235958969601933317
1254284582414761984
1251210433458958337
1253490657760432129
1253474935881646080
1236721014320455680
1239757534912630785
1237885358995464193
1238230492727504897
1260986905711140864
1249787027198857216
1239952060277088256
1246833242331697152
1239027243227045888
1236476689502187521
1249436696015523840
1255215158516953093
1268562372232269824
1236744268967895045
1243372795255377920
1237902499467522049
1266070953605263360
1240854242904047618
1252637727759069184
1239760448494301186
1238234570912190465
1238001114873622529
1237157301280071680
1239056154749063168
1255902273860808707
1269344960756592642
1246487727421280256
1245488353186734081
1242468525500813312
1242895705292693505
1247217181525291008
1261101396696297473
1254405603285295104
1255689015681925121
1246622727735144449
1236144499044179969
1259942827183583233
1246653576342056960
1237924029119361024
1240081748098035718
1255604219991805953
1254980432845824007
1238257766986403844
1243719881620504576
1240685488651923456
1250607582764347392
1245924161458827264
1243260493524914176
1240155500773285890
1260054003997532160
1240057735258886145
1245771626831986688
1253573199272357888
1262180616466042881
1245229328998084610
1245229344403812352
1244337914575589376
1235926956308221953
1247614508719312898
1239237534753763334
1254297575856824321
1245258332840947712
1253501259534876672
1238930555338543104
1252455118781333504
1237663381668032512
1236405401261727746
1261469108027064321
1248930730907856896
1239789133091893249
1244476196147974144
1257044802031325184
1254300927776808961
1243414450184417292
1248429200303771651
1236091953189515264
1267843644842602497
1246438396815269888
1247561701806862338
1235718731839369216
1245453676388311040
1250768095251099648
1250852618366185472
1266238116664193025
1257371248063123458
1258401583231979520
1256264940404346881
1235603020508876800
1253920053398888448
1239634517108785152
1240031406845079552
1239328832705814534
1240999506600026113
1241022965984014338
1243292632152862720
1250020118190411777
1241186007170465792
1256341617914441728
1247560184316256257
1250972594326528005
1265303689549373440
1261317225174036480
1239056558736027648
1245498985147584513
1245487615098281984
1268230351920353281
1250877096869588992
1249484177159753728
1245458069108060160
1243418981127475202
1245554677753634817
1241845805121564672
1236708848808767490
1247537276248154113
1240402284795879433
1247745156595367936
1238598041239564288
1250080225032949760
1252295504697847810
1246074232758398976
1235592892535779328
1235088775291621382
1242479476660822021
1242999564870627328
1249853301039837184
1252622223506051075
1242641039287975936
1244475440573513728
1246447958645604352
1251957625488437248
1260382160009060352
1243817983199207426
1244043433771032576
1243767673424474113
1239680716671049728
1241239543145062407
1244047996792139776
1246920954728628225
1242600109914931200
1263611919728021504
1257457840656134145
1247145571682381824
1242630665574600704
1266905766973394948
1247936054902038530
1235358018457309185
1248049390737977345
1246326818950479874
1245407262748762112
1255672420750381056
1253107557482106881
1239713068092772358
1257758261203234816
1256073994765099009
1254813873300836353
1257760546553655296
1239030832896991233
1245476491095232513
1264541677152120835
1260631746241945605
1263165842230923264
1243722592009072640
1249146741670150147
1242636608689471488
1245997802804498434
1243969941969063936
1241447861457313792
1235958167848116224
1244709970974617600
1260299955568144384
1258400545213054978
1240108069750624262
1250927016951418881
1239341814160617473
1239342140137693184
1237021050640035850
1259602883248484353
1246272038169268226
1240149177390313478
1244480522669002752
1241043404588384256
1238225802539327489
1247343222625468418
1252623603738112000
1258853972632317956
1246924128306843649
1246322687091167233
1255883334275592197
1238502802483064834
1239291113690685440
1247722782416195585
1241581464682033155
1238620213915947008
1255308224712052739
1237859604849020932
1240077544717570050
1244719974326743041
1242622863363813376
1252859833172164609
1250298993113853952
1238848613607866368
1240108548865970176
1236791485657309184
1260791114761515008
1244858168586297344
1238624402356330497
1252322637310595072
1240150360213331971
1235958776663928833
1244778592535326720
1261735248015978496
1240342759543693313
1257079641405186048
1238617872529854464
1244837643629674496
1259536345690771459
1243802559292133376
1242280876207230977
1248280503901282308
1237885351529598978
1243385326225068038
1252476574542131200
1238285647909019648
1242921702880727040
1247857603608117254
1237977178832175105
1237956549055631360
1247359951422382080
1255430917088251910
1258600921258319872
1240814943076675585
1245150763619241984
1257496353577463809
1236528963947659265
1252442056183570433
1244595185926811648
1244996523630321665
1244442019855908864
1240790820380454921
1239675739361828864
1240496749912797184
1235648080466198528
1234947504606547968
1253437674045632515
1244381037016133633
1239075636737503237
1242236315837452291
1249437097720610816
1235405003860267008
1237156254562127872
1247362368608198657
1237844648858550273
1245021907734466563
1258910106277699584
1240323092393504769
1239343999598518272
1238317446181687298
1240087632324857856
1253000283392598016
1257043380418129920
1259945909397229568
1243559857002700801
1250184520030011392
1235407642303987712
1261766091816067072
1238000952755384320
1246781113365696515
1241183148831981572
1238488582299344897
1239472996617580544
1239727769312833539
1264561461990354944
1244706841759629312
1246891143029092355
1252395261290090498
1242842346716192770
1259879171662114820
1252393959604621315
1239006170049732608
1250564106576449537
1251617044782448640
1252326381565833216
1241422449377329152
1245077773372268544
1243056750762180608
1252393180319723521
1244048501182320640
1243178405194911744
1251979142351826944
1248068492458262528
1237108930066575360
1258046896255295494
1236340885056393217
1259156553120149505
1239010765152989185
1255899399349100544
1258582067388055552
1240343942261911554
1252656577753960449
1236799310483705857
1249881859313397760
1237093292963016704
1249789124271157254
1245809602874224640
1241775855866531840
1247983045581213697
1246245984113283078
1243766201651572737
1249175139712974848
1239236732878348290
1244246860195225600
1245912339179696130
1262161510874247168
1236725897509474304
1245921169233993730
1253356296780341248
1254900596768817153
1262162249633808386
1248631162836094976
1247902824232407050
1239635942899507202
1239593429304131588
1246881620902084610
1243042826042007552
1241488608164364288
1262571082474819586
1243229661728886784
1235795499006824451
1239344185146101760
1243662652552826880
1247359482449014784
1239274591572439044
1236727650237829120
1242689073774387206
1243661784348872706
1241941574658838528
1246919469059850240
1245856014311649280
1240109888467943424
1243962754693599232
1238211499396456450
1240810362057842688
1258927384432005120
1253906355632529408
1244332112506834944
1251645541575831552
1241203231818014721
1249025476544196609
1237885836546281474
1237594348998414336
1241847151128276996
1244482043594997760
1241100075952005120
1239284803851022338
1266385952085143554
1236789247165624320
1240112601171775488
1247996279025586176
1235593140381405184
1237383057461530629
1248048131255795713
1243174765084291073
1235988114721501186
1241099633385865217
1253322090326814723
1237156148635041793
1242292589627244544
1239223798185865217
1237874433877889024
1265002006982258688
1258475000916512769
1244475949539659776
1244099601423949824
1243318253834752001
1241423123741724672
1235740823091679232
1262796570438729728
1249874874631217152
1245915394985975809
1237867473426190337
1251144163455676419
1237021790905364481
1269730289271504896
1264253077680295936
1244047086984654849
1251264525401124865
1251980769897017344
1257434017202348032
1242899415527899136
1237600739003793408
1241239839502032896
1243100016756969472
1237596978206240768
1262974357644570624
1270560482479333376
1247513436654690307
1258177235384782848
1239954803188322304
1238599154240081921
1236709918830280705
1248043773273276417
1247707587795173379
1246373324780789760
1244473375033946112
1239376278844661760
1250879294924095495
1235029740316012546
1236421901854969856
1246762014581514240
1243960865411354624
1242273895903682561
1248663882966503424
1235049328927891456
1239462454771347456
1242933487641874432
1243412961001005056
1243614298707906560
1238858201505775616
1252355453478006784
1241346981525483520
1240388765505540096
1246683225801363456
1243720124764315648
1254428946977787907
1250882916571246592
1252080908179562500
1240703254196932609
1250059831194660866
1259281029988093952
1268011854003044352
1239382337458032641
1253771748719263744
1238503262367764485
1241468879714410496
1240704013680513024
1236705298120716289
1238161678287532032
1241768163156455426
1244821701558300672
1259583920028307456
1243420557254602753
1251652491894296576
1251653300488769537
1252284878629945344
1246621452662640640
1248624613673721856
1246095093829750785
1244474185583169538
1249546232013324288
1242461238849712128
1263938177380704256
1246444501024927745
1245790446405562368
1244042482578370561
1241166656346316800
1246286400330166272
1243008452231741442
1239670164511027200
1253746424405082113
1237925535398817792
1240506811586772992
1237355602407391232
1238561139618746368
1263487276920696832
1239341891197341697
1263166970704220160
1236435592428150785
1252393061528662017
1241467343621873665
1248803415381037063
1242115954709954560
1242344081646161922
1240107206273421312
1260107371226918912
1248662900945764352
1250974410896314369
1247617291522428928
1243689358240010240
1247596632557805568
1258808723008417792
1238632724992159744
1264738048853467136
1243722650720931840
1253085926005239809
1248102673275994115
1239432956864647168
1263901236450824192
1239793987709435904
1238343926605479936
1246979551189594112
1238629647039877120
1251601192049709056
1254819639516790784
1261063340568109056
1268362557602975744
1242842782978281474
1246905230308106241
1245080120714350592
1240646122344833024
1255455275596877824
1243533348384813062
1239987476267032578
1244443665973436417
1250634403950112768
1262213077883211777
1260651770436390912
1260653602877476865
1254805093834207233
1250632134139670530
1254987443733884928
1265877219055824896
1242873049252163584
1262919414460166144
1239932279721357314
1243918222228959233
1238344898543104003
1248325477816819714
1260327719813824513
1242169221737353221
1247310263717466114
1238207178101501953
1236795191710777344
1241922532011212801
1235981977351630848
1241424978295185408
1238314091912949762
1250878182565179393
1239682839911624704
1237913412941656065
1236327252452728832
1243012004601712641
1247166078679240704
1236097857280561154
1236797408954085376
1244709843673296899
1252347925742489600
1246990184274464769
1258652599617613824
1247020488217387009
1258402761521029127
1248136910410637312
1239031260963418114
1261510311334473728
1247694685956476928
1240894481949319169
1238886466740031488
1251392331422396418
1264771971901878272
1261163008098631680
1268362752134836226
1240361084055203840
1243026652667318272
1252434758400749569
1240686666685140992
1238489173733990401
1241926703737274368
1258178660496007170
1249355416242282497
1248130512205447170
1250494631600504837
1248631467816538117
1247347708915929089
1236729341691609089
1251909235811610624
1242639682275381248
1238229912378433536
1235741025173307394
1248588988090212352
1243318338446487552
1237898788959735808
1237162589123014656
1262624281483067392
1237020057030426625
1243410636668727296
1243322166931750914
1250633290425356289
1237883933523447810
1241115004461436928
1247779441775767555
1243300419201150976
1240177550959063042
1240363944604139520
1265307400300425217
1238906758896037888
1248514798452527104
1238731056670371840
1253503152336146432
1249490718067806209
1240654759024939014
1249702679380545536
1242511827017158656
1236798402228178944
1234948234197422080
1239700964421988352
1243792758503911425
1236791486395453440
1234946876685729793
1260943731957460994
1243660261258457089
1239206454713671681
1239072704126275585
1238353235896762368
1250567226261819392
1254501958997561344
1237062677920239617
1242811156844048385
1250518293703618560
1240405018316091400
1243686075257597953
1240348392569442304
1243615579971313664
1243953492131106816
1244442047223713792
1250943893731864578
1251336043929853952
1243693652683022336
1237676569667104768
1235240790785323009
1239343865544372224
1237905146685751296
1264647000093388800
1239672639494352896
1245056591449055232
1248026891539435522
1253865945027629061
1248605253525790720
1238251613590040576
1239766353097052160
1245558605983563776
1257736615956328448
1247361288964988928
1253852639416078338
1242170373182861313
1246570822153584642
1245018518191366144
1243043705809801216
1242616062962626560
1244837696473718784
1263955343991685120
1248128190880546818
1238255956590559234
1268995919606775808
1239956069008289792
1246237837579571201
1256647458547027968
1237793122551091200
1254533874509463552
1248666874532904960
1268779310975860736
1247121440802918407
1254904082000539648
1236709552608776192
1253700491323809793
1236416766852485120
1243010444580642816
1245518286097248256
1264961590819819526
1240113528314294272
1247723367865528322
1239590195944538119
1247723917013209088
1263923333441024001
1255140128604844036
1254206422109130752
1269333008114384896
1264258259570921472
1245904320584802309
1238212083612667907
1251912267156688896
1244236133740900352
1247355846788395009
1246657917882785792
1251953089621495808
1241172836665835520
1256037932583907328
1236250927876599808
1264376575388086272
1242835193607536640
1245490545041887234
1269376638543749120
1243323224621895683
1251337357598420992
1243320253028823040
1259177068027207680
1250113501693009920
1240071472095195138
1239672665566134272
1243000796200878080
1238205185224142848
1237977729275813889
1238363942981791744
1246287414554816513
1248902281577107460
1263272952767922180
1248163813708316673
1242639001233711104
1257456860837351424
1252996861712928769
1246228904953643014
1244346032932048896
1257384652505059329
1237640848377970691
1247345516830019585
1238179247811747845
1243341584143278080
1258809281702326272
1243448586655789058
1244490795630997505
1243417245906120705
1242393492954832896
1240847907919507456
1252282159546560512
1237843880864698369
1259712673660366856
1250564876356870144
1240685386759725056
1249390316802592768
1251644150014898177
1249817817030873088
1243143689569841157
1266126127388487680
1245579801424850945
1237420265056784384
1260223661060980742
1235966045241786368
1239571002729721856
1241104091939393536
1244442189339348992
1259515783685627906
1245476250262458368
1243374392572174336
1242839062236422144
1243965801922572295
1251532348576788482
1247743960795058177
1240548232733720577
1251321627259723776
1258854842535161856
1243062050026188802
1243230466368368640
1241926841310384129
1242637721614475264
1243063901064810496
1239590967868395520
1236120463375511553
1268189189583048704
1238483129930674176
1247936488937046018
1244526093350002688
1237159163316166656
1257803918270009346
1240845341710151680
1242123082967298054
1246982335314059265
1243151869205078016
1244444742940684291
1240645050800865280
1259580297517035520
1243322846404734977
1247983395851751424
1243314454055526402
1240354201625976833
1238332166653661184
1238628929155424256
1238629004287983618
1236421178660515840
1245921881204477955
1242608744984227841
1242123295773712384
1252760679376814081
1240626378292080641
1240121943803793409
1241235397213970432
1255812225148702726
1238342402277920768
1240486371015282688
1241174838284189696
1235741027664707584
1244144885231280129
1237914488801656833
1263165836698648576
1256464279886163973
1241038076408823809
1244926354451120130
1254792966830350337
1252356310760189952
1253393176313819139
1250179741308477440
1247578234478153728
1255548462914912262
1242317044135018497
1248045514832019456
1239433210003460096
1237849733411954692
1240655204355211264
1240117919318708224
1262480299369181185
1268074111848214528
1242992841820782593
1259286659620724736
1242460990857302016
1238843748152311810
1238703767735812096
1247721580404207616
1242995265956540416
1247985796960804864
1239012927409131522
1265109599582994434
1239015522936614913
1255270512470695936
1252991789688074240
1254775721295114245
1238628132682264581
1238628574757662720
1252826593820475398
1240349990133743617
1244300857304158209
1237972428761923586
1250469797017485313
1240457692159725572
1238207471711182848
1250854746291712000
1254851507528167429
1238115599785406465
1239929766595055622
1247200047470542848
1257014103123599362
1252838824285110280
1250844022135898112
1260446231341514756
1254414994013188098
1254906689716805633
1258429945597968386
1238333011784912897
1239069189916090368
1250419265800265728
1238068814576619522
1252045580282388480
1238317443543515138
1261017676949815296
1237159544058286080
1263550228810158080
1241037184213217280
1241171676080955392
1247902141529722880
1240456002761195521
1250180738684604416
1266451805568856064
1244233198323687424
1251634891667566592
1240404935075921920
1235988114759286784
1245399964777250819
1242316984802357249
1264346160292139008
1251989998468886528
1241368048759492610
1251653336941555712
1251180726529126400
1240485527943401474
1238633395141218305
1240350857369014272
1234965505686917120
1241184107318525952
1261706162560307202
1238333012561014784
1259225732779323392
1238315224257576960
1238178610583724032
1238489643332415488
1259285037867917312
1251302347784876032
1251990833307348992
1250165125870284800
1266558939316973568
1235209040159846401
1246619600776605698
1241908332853514240
1240842517844652032
1243922298492432384
1236359633381572609
1238224733071503361
1254260320786214912
1238842284793196544
1245146955619033088
1242613280062853120
1247927284083748864
1250975421048320000
1255575223627182080
1251257883301310464
1247935728002072577
1247810870593220610
1254853172280975366
1265368626778927105
1243804145556942849
1245918019856945159
1264437333287264257
1244482218249949186
1238503804967911424
1241334166924349442
1237736497849106433
1266467699267211264
1255750502467264512
1245398178049867778
1235292472101736455
1244402612029415425
1243667692931997697
1243691595880222720
1246468414471839744
1253821438307393538
1237088039886712832
1254167399277883392
1242309114828480512
1255203761930280961
1243319256554459136
1255743200511193088
1251887135772119042
1252391826469711880
1241628187886383104
1252187509880090624
1268362902622240768
1248121955124838406
1245054068772368384
1243800616213741570
1248048716595884032
1238540690260242432
1240102941274427392
1252413558094094341
1244403307105234944
1260351426401718272
1239270354658328576
1236353101935693826
1243664442207784961
1257130988754202624
1247308820537167872
1266126974814060544
1257444602585415681
1238539950485696512
1237860139899600900
1261455886322524160
1243754179627118595
1239017421903548416
1252826452044640259
1248149932860518400
1244871799076077569
1254380224264863745
1239566354878853122
1236796844325212160
1247904955089862660
1239939668910587905
1243607366026686464
1248328490853621761
1240103322545049600
1241467776763494400
1237202435564638208
1249785938227544064
1246599538506264576
1241317214646484992
1255434395206455299
1246594826276990976
1240482548490203141
1241166401471041536
1250883359611355138
1237915117133516806
1255199949836259330
1243410490413297667
1241373680585719808
1242877833770221568
1245182931674382337
1258845262002307072
1266150358792826881
1244485223930159104
1244732707877224448
1238995939295203331
1244686511653576707
1240478135797166080
1243312296060993536
1248055283579940864
1242306071407890432
1241161593938833408
1244482929293590528
1243195050114203648
1248820405076402176
1247745327697784835
1246865480373006337
1252972389320855553
1266135852805058560
1238246098076139526
1242835871457398787
1246568275300900864
1238180122571628544
1249180588080279552
1261090332210388992
1248025255022452736
1240154759249698818
1246465106432520195
1262493218832134145
1240389308198027264
1239354423358320640
1248123210974941184
1243664128893267968
1252104736855080966
1253959193070993408
1251891851495268357
1248378224976912387
1254856576055128064
1247536890963587081
1236443379833044993
1244877384844595202
1243689788906991617
1251988409943457795
1250116844955897856
1251536789912731648
1243317167602294784
1238859481670283265
1240457692176670722
1243920839440871425
1262869416712105984
1252248893288398848
1243322389624057856
1250186397194973184
1262918495232294920
1244347099719716864
1245186505498185728
1245811407485992960
1255918094960046082
1243560604201136128
1266128064343273472
1246470699985690625
1253081203227234304
1265479666464370689
1259585804617355267
1236934856111616006
1251027656692269057
1240784671660597249
1239353252677701633
1237598602953777155
1252412862686879744
1247344421516873728
1241382355035492353
1259742393152106497
1255909298959347712
1243101576996122624
1270396139586465797
1259743266813034496
1238634045514207232
1248878416582955011
1242360035209924608
1235890566769991680
1235890442643750913
1243113529332215808
1238965374139285504
1237908162646167553
1252812777816616960
1238891303020068864
1260956224197017601
1260327125338320896
1263711570707705857
1247123084894539776
1246416033268682752
1238707615774822407
1248152418564468737
1243670255253291009
1244749583546118145
1241168945710690304
1242934762617982976
1257870707179962369
1252107538725666816
1260127404233654272
1259228940557709313
1250503359364075520
1250786269002514432
1242994571623256069
1260087408701259776
1240157838342639616
1243349328271298560
1244353549930123264
1247353748319612928
1246748215455518720
1239526942686056449
1247238375058243585
1252728390416646144
1264658342498037760
1245409843952812032
1238854406642094080
1240114107535126528
1241144480473837569
1244743951417872385
1244098001628356608
1240154761879588866
1247929162863480833
1243760158997544961
1243761052300410880
1243992296280002560
1245186656308621313
1244443022034518016
1239799026205294592
1236798906932985857
1241850595020955648
1243205469000220674
1241725164192227328
1237236963360378880
1238708664677986304
1245361536756932608
1240404805069221889
1257199895703777280
1239941092239273984
1245354633393913863
1251962470601592833
1242908964104241152
1249781781936484352
1244401873718669312
1242175439071666176
1259285964272185345
1249013571171672064
1246748697171378178
1237940149557661696
1244100396827553794
1242263915049844738
1253090792777760778
1241607137458941953
1257862630183563269
1253036636213874688
1254561467883347968
1234939779654897664
1242999100762546177
1251104697366147072
1238190090892918784
1237275336607293445
1253526766959726592
1257739393332199424
1243664157918060547
1238243175279411201
1248518779904167937
1240694945557577728
1248561877518397441
1246461421992333320
1264545333129834498
1262067708067110922
1243346480535982081
1243749461555154944
1241586234821980162
1242912026877292544
1239986213110419456
1244730086248464386
1250547642561515520
1243347839993839616
1245790679722110979
1247309602661650432
1238703986502283264
1244301133612380160
1247575024317259776
1250416097712418817
1249782498365550592
1246623981966258176
1237936524349657089
1244298714140688384
1239359748668919808
1238063206129528832
1238856455970684929
1241078480952897537
1237201045324828673
1237940386594607105
1259972432955203584
1237940526214557697
1237558281465290752
1257143886822010881
1257738123594719232
1263532873522397184
1249784122773405696
1259630207822000128
1237904842523172864
1255590498301026306
1237972573561835520
1240693850739322880
1244100953583669248
1253506572992475136
1254883995373846528
1235212306981588992
1239991528593883136
1239308233203802112
1239314685519790080
1237972465541722112
1247894967046946820
1254207627837480960
1242174680175271936
1241077977829371904
1246234948496850944
1241439439596863488
1237907100333797378
1238121774291787776
1238981231930249217
1261128846616571907
1243754040246153226
1251073216874835969
1241967510791966722
1243556102941229056
1252448479076442114
1239984888620539904
1242998317098786816
1238962706943598592
1237973234517037056
1245187540061024257
1241075151560531968
1242994349622710272
1245181362832691200
1236360836739780609
1251653323058343936
1238704481019125761
1241967161616154624
1256022197195304960
1237940161595314176
1237940325936533504
1262851712940822530
1241092494298767360
1241374146925170690
1241057342235586560
1262623895263145984
1241966789359046656
1237990038345924609
1242796926686253056
1237903554041413632
1243592950111596544
1238963711013834752
1238248436048289793
1244461920616251393
1236213105199181824
1258465649023520768
1237729926410723329
1250883189872013312
1252693980447309825
1251638149047922688
1241760748340006912
1250756246501654529
1242183341211668482
1256788244991291393
1266136024339542016
1244621238305034240
1251325571843289089
1253351016696815617
1243679354497859584
1243015176577642502
1250222309522042881
1259623756936343555
1243019319551733763
1240858231410319362
1248810908656132096
1243539541815894019
1242328552214683655
1238146197841268737
1248810002166382592
1243536281109495809
1245186338938208256
1238151671177285635
1237010537910685696
1261307045682319360
1237910160091176960
1238114724291592192
1265369273846738944
1237903227183443969
1238982550804029440
1257142523983773696
1258855221578489856
1239982049429053440
1256893446805053443
1252709255532044288
1242309459365384192
1239423213752336385
1241095705457917953
1241096228546306048
1243589856317460481
1242305018805411840
1245182774383763456
1257501607392014336
1237273867594256385
1256229834067521542
1261670056024436736
1241051865112076290
1259693467732754433
1234970730657284097
1241053241397276673
1248312653115621376
1237938835591327745
1242266159958888452
1241056390946455554
1244461635390943232
1237903138071306240
1249825570839359489
1238550214316711936
1246116130034352130
1244869953867722752
1242328218436120576
1239279883798360065
1259972886393053184
1243643194526453762
1241094599629836297
1239424448874209280
1244867559519911938
1239969193140695040
1237459092001579008
1246981606096515073
1237908262583848960
1237991021662752771
1247236979680370689
1245361758807588876
1237989095474745344
1245185397719617538
1247099092192370688
1261291349896122369
1260641571885641728
1243645253170520064
1257976935843418112
1253728351505616901
1269894003534622721
1237645059928907776
1239424980292526083
1237457845907419136
1239420851264446464
1237986414932844544
1251458132007546880
1237988282291474432
1237034030312255488
1269895938572607488
1260725918563102720
1238127449109483522
1236062806459297793
1256262919559368704
1238395678746759169
1241079160971251712
1242259708624269312
1237541367775035392
1238545525743316993
1261291166324019202
1242144262881513473
1253808816270921728
1256748736459358208
1237547224885678080
1241747163891118080
1237991725915766784
1241749185059106819
1249825628313931776
1253804419134578688
1242145491715948544
1237992841797754880
1238548652995440640
1238125772239335426
1243590138610900992
1237991510064263168
1261086323839873029
1238548699258617856
1261719618432806912
1236857268957671425
1234924051170123776
1248336666219048961
1261721232220712960
1264501699953246209
1261719847689322497
1251357687083708417
1248500583142588423
1251360056244723712
1243245059295727616
