1249125012856090624
1239872074287472640
1267641084869369856
1240062423014338560
1266169932909182976
1235689640499138560
1240760536691687425
1250924168192786433
1239623457916080138
1242660248416071680
1248065257840361472
1266515670755356672
1255691773940137984
1246579805405020160
1258524597781008385
1245159143276605440
1250558457951825920
1263025397282664448
1245422921369047040
1239053551780986880
1239438541874008064
1248315189411188736
1244640234249129984
1235061870702149632
1253557028938608640
1251112312687087616
1255825372102320128
1246863172755218436
1251271604207665152
1252802244916809734
1243700170350637058
1241031409306710022
1243981829205422081
1240871277633531904
1244638971214196736
1236158749191987200
1255242262952452097
1250867357955665920
1243703190282854401
1235693329880420357
1243699286400851968
1252704082373951488
1248817443092328448
1252718273419866112
1243708742757003264
1264688163424878592
1239410881575809029
1247217680001544192
1242649939923963904
1246185091388358656
1260337535722516480
1259497374856048649
1241541457665642503
1266590869127217152
1252317861122539521
1253737993501675520
1242569612639657984
1246664922399821825
1236318096446504960
1250919829642477568
1253013493768318977
1240714503597236227
1255237419575762953
1252689936672669701
1250067356254167040
1244326579674558465
1238908735772184576
1242574486966341632
1251511276607385600
1245893984444006400
1248439461928525824
1236701243415781376
1248076675583078401
1240883339218710528
1262591457447141377
1241889514596913152
1265051316251836416
1252595733284315137
1258098881146970112
1248872604682743809
1252320780227997697
1265135131905286144
1240401495314620419
1238168688102199296
1248464128865259520
1240307131825311744
1252377988156407811
1235685782267940865
1245126311871299586
1238238497565097984
1255729737625788416
1255645357733642240
1258245035696349190
1248706722321088512
1248271440463495169
1247758069896892418
1260624749006163968
1242664172728381441
1264089186044309505
1250791847561027591
1248342624710189056
1244451488254091265
1268628356754333696
1236963632870645761
1255969244329566209
1237928697182613504
1242488971352870913
1246997143216422912
1256360975483105281
1241122182891065344
1254612988775948288
1245540149422768128
1241530776799174658
1242848075695063042
1251660742429831168
1247287032205832192
1247395036964073473
1244702242692685835
1238203529283522561
1252302688223518720
1241804000468455424
1238348664680206336
1261397688970383360
1241522750096674819
1249404375430135809
1260612878744215552
1250194445879799808
1241576525222170625
1252313812327264256
1249075373993672706
1245122988497866754
1260555836654383104
1242522488484974593
1240044900613148672
1257824131539558400
1237149723619995649
1250626002574688257
1261277251078778880
1246956908080029696
1262198804108857350
1253752834077495301
1236863940593737728
1243549392650391552
1247527835809353735
1248359839803133953
1238970520457973760
1240302761012367360
1247684970539147270
1246718147358371843
1249736139906285580
1248952394211180547
1245160668652662784
1269002341740679169
1241889302738427904
1265779521233403905
1243596188303015938
1249765661351358464
1248443599684907008
1239631291869327362
1252307496590389249
1248015963670241283
1235864963995979779
1241230627896201219
1244611821710880768
1253557277304348673
1241571152541011968
1247286791519924224
1248447442355236864
1269861618969542656
1245941102789591040
1236782660053159936
1240421087743279106
1243462093581377537
1266552664944373760
1252323021869780994
1252321952200445957
1250070113451212800
1241867677670481923
1244767438157131776
1242858540915544071
1242818364172431360
1246159653903335424
1239553948148621320
1238998560437350400
1243336550928093184
1249957229475713024
1257518365469360129
1246927584970952704
1236002077597290497
1243702494020034561
1245740771208093696
1261350244673114112
1249521983445807105
1238142208689106944
1239209563187867650
1259559495211945984
1247193610203705345
1246472431134334976
1262602814900981764
1254956210500976641
1245043593003200512
1244292958238670848
1248832910704218117
1245544063484530694
1240995568865837057
1240996404220162050
1249746927777804289
1237574535374766080
1241895990157651969
1240949716004663296
1242552628774486016
1258579927919497219
1238607936231854080
1246141074235461632
1258519937045327873
1260023839838232579
1240935752956915713
1269636865138634753
1257677406061510657
1240741021094309888
1244129282634305536
1255533455921811470
1241732348741177345
1261050078640238593
1242650224314613761
1260775754117177345
1243302329425620994
1247882011223543809
1244723683618205698
1235451164910485504
1256763646962786310
1237932037639532547
1244814511590129665
1242038696523649027
1251155423677177856
1261740741119709184
1240471926226608129
1266002416568201216
1253014009361518592
1268308228372262912
1258204712953712640
1246932002902695938
1248718849890897920
1247686412079476736
1242516239697604610
1263336922715312129
1240000805047955456
1255825777339199489
1242201103736987649
1240722142087352320
1237832838990327808
1242580633446166528
1246947626823462912
1261726823110422529
1244291385110302720
1246393186815070209
1247167346713563140
1259203468813893634
1254811222433660928
1239750063620067328
1240612415055654912
1244702155111424001
1245370693153251328
1236808628679495680
1256363268966252544
1244645163042926592
1265051790044590083
1240069739277430789
1238932310621163520
1261725814590070784
1241883896469307392
1251478125961048066
1261384288567607297
1241501873321865217
1245942380450041857
1245390645860151303
1243218675185750022
1237809106313854976
1264280174511734790
1244720668031225856
1257817725922992128
1237476408622022659
1238866669516156928
1243461373650022401
1244062663346237442
1244277977094877184
1236773011996327936
1257815997983023104
1264672806790410240
1254953374652362752
1254741030282252289
1253970922257518592
1266547218305044482
1258127470420619264
1242157375319986177
1254588298732793857
1250206946193338368
1260699497790754816
1253049411283763200
1244345120050180098
1238933469096333313
1250458909090803712
1246217423713271808
1245590375420416000
1268230678937833473
1252982105597861888
1266852127722237953
1251017840561446917
1242402270496477186
1238566416779018247
1257543450691547136
1240090278863790081
1261633323115241473
1235580835396378625
1242821643774255105
1240374626531696641
1239204794159390720
1260416756700442626
1253174495940014080
1270467376291540992
1239709834112413696
1243002509234339840
1258086418213027840
1250865363165863939
1260053406959329280
1238292513837867008
1253059527995318272
1240674095861096452
1258083875600969729
1241178265475112961
1253776917905326080
1236772474416553984
1249822449409146886
1266913688772055048
1255898673826811906
1253375496282271746
1244001820873117707
1236162969882505217
1246929880400285697
1246865086334918656
1237502984705036288
1241576825198788609
1263545132986576897
1235614919925489664
1245345884155441155
1236164857092685824
1245346189609799680
1246260538654388225
1250869635622170626
1248355512069939200
1257089268834435072
1240119641680146432
1245776060228063233
1253461616105938944
1251872146072059905
1250519739845103616
1262930711616450561
1252330542084665344
1265875443766292480
1250207486201581568
1244007171458650114
1241315016575299584
1240365751795507200
1236162548371767296
1249133262229909507
1254863558740815872
1255634110925635584
1235218555211100160
1252323495478022153
1262184689520893953
1255557344173293568
1246816877449482247
1251948092053577729
1242583277875138563
1265782964631175169
1256833317992665088
1257879637025099776
1242393814850928642
1262061342715863040
1240089717091315712
1244064968191836160
1247589824468414464
1242157118670524419
1260987230446735360
1254943007423356928
1246943719938338817
1236055991604609025
1258146664029671425
1237748888817328129
1239464282187685888
1249441350916816896
1251290912526761985
1251014149825597440
1258744154688876547
1252265014813093890
1248434307489656834
1244279143321071617
1259748732561580038
1246521476015992832
1237499521870880768
1247287484657971200
1242619398466220034
1263090830425743360
1248800064014704648
1255621516605046784
1238086708563816448
1242010226796068866
1239203623466233857
1256303233808515072
1254073914365317120
1243174739771715584
1244041515204259842
1247957694092177408
1255538643181035521
1247705784852434944
1247991444343623680
1261797633149906945
1243964887853719553
1237035129677074432
1256189086227931136
1260703244801634306
1237554805469368324
1256239774563594240
1254909141195223040
1261408516264226817
1265461558202646528
1253650423514161153
1257113043617615874
1263163973462974469
1259533332280311808
1237402979189190656
1247536104468668417
1238370620825468928
1236164835047624704
1241958586776838144
1236774726325788672
1253746264983736320
1249513698596515841
1260739780578435072
1253394845852467201
1244345435575083008
1236161034664075264
1254812380975910912
1241941807585308672
1241043194046844928
1246225263844667392
1259514220258852864
1260492733023768582
1250764571935039489
1236057669619744768
1242517971169247232
1258194278871740416
1253103550692864000
1260584143588597767
1254979889456799745
1240404712123502596
1236077389144150016
1246448142800678912
1235811314250813440
1260996028737548288
1239443825212309504
1259491486623621122
1248619778098335744
1241137081583165440
1243768303538978817
1262918936351453195
1264378779364814848
1236342507123998723
1264223083226857472
1235611218569621505
1252995377139073030
1256775483422699520
1246617513179230208
1247975184885149696
1239382404252307460
1243964772627836928
1248288471367606273
1243635166603440128
1268564868442939392
1261508556559249413
1247886530829418496
1252365166831796232
1255491184723722241
1238501770243997697
1243640659925291008
1238963614981259264
1250155787319521280
1257109825885880321
1259377680341966849
1241332862114099200
1251524035843743750
1248416973538488321
1261095751062417408
1262801239974088705
1237675261115564034
1243964670920118274
1260963360494907393
1268109649766567937
1248354599960023041
1238282067835621376
1267457068211957761
1252433763054678016
1256690365429477379
1260744029735514112
1247729379418894337
1248663374021283842
1243636400441851904
1239344899540967424
1253035415210246146
1240280129919520768
1259853387627220992
1261733800452567041
1260661189790642177
1260123247091146754
1241071726118596609
1262556190061391873
1240483642247270400
1240039600594096128
1244924431866060805
1243320035231305729
1244686423019540480
1243568371150528512
1255586545936949248
1248042561807069185
1254500640534880256
1257878365165387777
1250412891993509890
1236767274976956416
1255880381259079681
1260925541739159552
1252260129728159747
1253749394844729344
1239461722429124608
1260246893784776705
1240994710019117057
1252364182470537224
1252683725068029953
1238624059631386624
1241059565275242496
1248047472347234304
1253460267653988352
1267497985824309248
1244740302373392384
1245332233327525889
1241363094934155264
1246987769680932865
1248820933059424257
1250180598011817984
1259837543186436096
1245905585507188736
1237197962662391810
1245413365544914944
1240102347319046144
1253190002294419456
1240625506317242368
1258138116734332929
1248979138498539521
1239592779648393216
1250206797845032960
1238115777120780288
1239043267745857539
1251551913859878912
1242460128701341696
1253510596374327296
1262495248166670336
1246828348921257985
1240111401907052545
1247746225488588802
1242639358911369217
1237909061703622656
1240008048711618561
1243192868455321600
1242288357712912385
1247982455664984064
1251901832323989504
1240440227409227777
1245487380116557824
1241022958027427840
1244349583196434432
1238311552215908352
1245927257832484864
1260990140928815104
1250406918784344068
1240825650690183169
1265516725526843396
1239014390969643008
1251217974981083136
1240322823446503425
1243192013039603712
1241165725261160448
1241910572624437248
1246236508773728256
1243181477942005767
1258423274112823296
1242566853672624128
1262746344470351874
1241582908852199426
1250973146313748480
1258785286693236737
1238630602649157632
1255580231542472706
1269116624289665025
1243188041318936577
1251298716209647616
1264291845506510854
1239671961594331136
1243310149508272128
1259845233778581506
1252684205412290565
1238501728590364675
1237204800611053568
1260749121305980929
1242966540728729603
1241380391505690624
1236347978035499008
1244343344823558144
1260661179090980866
1238853772992040960
1265822957298872322
1252264045530546181
1252725864241827840
1252812415160311811
1256335883051008000
1250501147510493184
1241077307894140933
1237871837301731328
1242118408721690625
1239429908616675328
1247541402050818050
1251280285632614401
1259289723375255552
1240158621654085638
1260559672521547782
1252292841688035329
1244746891906015235
1243184875588354049
1244096876988624897
1247723693465374720
1244331196131069954
1246631810479489025
1252659585485160448
1244987463635841030
1263065767207030784
1258406816330903559
1252530358098124800
1246721305480548353
1239417072955744256
1241604106055086080
1253351614062235656
1250222593405145088
1240780149618024448
1241054934444830725
1237459865347305472
1238964146739113984
1259475275680641025
1241058461925834752
1246235255083642880
1253730140443402240
1242331144676184066
1240705944167698433
1246115149234069509
1238813272230350848
1258460506844590080
1256262641003053056
1245755501037551617
1253806688706027520
1243589527211511812
1251637115571453952
1236856987981361152
1238122857777037314
1238549329834414080
1244755426631200768
1245760360407109634
