1241780360364654592
1238642688934772736
1239493577140559872
1249379509926797313
1260946020105687050
1237133042998796295
1249886802086957056
1241534878514118658
1238220005726183426
1239403695424626688
1252751103059472384
1238170331992469504
1235527275157655553
1256183593791115265
1238943039973920771
1236699818996760576
1258704350446305280
1262158159545761793
1254239847889412096
1241811687625445376
1255714766397505537
1243702447144566785
1259108862055067650
1260671596483796994
1248660708260274178
1240271980852588553
1243907943122251778
1250442076547731457
1255641596873375749
1243455484058898433
1243030076083646464
1253416543691522049
1256298548695568391
1253271009861328896
1240820428454662144
1258500890069217281
1235005813565149185
1241779911758680065
1250495478522937352
1238277346290999296
1244283236517380096
1260378989845188608
1243261366972100614
1262368667691606017
1246227572016513025
1249733811249782784
1245004556142030848
1246842986228600837
1245876871054622720
1250191405512904705
1253535152401252354
1252804675633647617
1246871070201782272
1240422546043961345
1238088932228816897
1260925442120433670
1265921715072315394
1266068182034460672
1250981337558892545
1244072934781652996
1260369129363685377
1247851261652807680
1243054716344586240
1252449957111627777
1239225479527387138
1259949548753113093
1263117423512825856
1241851874774593539
1269112280236666881
1254910722666041346
1253534232154169346
1249023501861863430
1255181372534251524
1239020047324057601
1252433222933176321
1243659664212066305
1255180161730953216
1259947760524169217
1263117762085470216
1250786840338194434
1252973282846027776
1260954421015523328
1243016858489573377
1261061865511190528
1251296968191737859
1250116443619971073
1239018918716616704
1252019735455240193
1254896569507250176
1243351503630368768
1250846383445282816
1241095904175763464
1242177698878730241
1261720121011245062
