1235534940768358400
1238301904209424385
1249334896499318784
1241778213698797569
1243363045818036225
1252602677621657601
1257441673254223873
1238914291505528834
1245492467958505474
1248228668440223745
1245493235293790214
1243354748390178818
1240971354377240577
1237766400023953413
1237850846676660225
1237761911443329024
1242535242633752578
1237571181751881730
1241551490952638469
1235689075761389570
1239003317117878278
1238323038812323840
1250969715931058176
1239409392254140423
1238269464426184704
1252385001523404801
1257375144412143619
1252942846740631552
1238556883314782208
1239492575746297857
1269296362174025728
1252672302262759424
1249695544160763906
1242442368026062849
1254611515535228928
1244465529567555585
1250966225791987712
1243362593739137024
1246163633169719296
1245342300433235968
1245451552330047488
1247278231096565766
1236696687999139840
1251711688572878849
1244030662983770112
1239741842759069702
1244629261648101382
1237570203480756226
1248040741311569922
1235270129279213576
1245957278978768897
1247221898288812039
1255278928773742594
1246168586072330241
1258371057179820034
1246025398435172352
1249052047976038402
1256946636942651394
1247568672790646785
1246579989077807110
1237856774046093312
1236393024340574220
1255275524827611137
1235176055641706496
1236391177043279872
1246151460204744704
1239596059044839425
1252700695725252608
1245125840993685508
1244637626851885062
1250577177554362372
1246485501097500672
1243359580605702147
1240834315635904513
1242454120986021891
1243278416343896072
1237072198927556610
1248661011177123844
1238454118517223426
1243428313600798720
1235085933600534530
1238866167470731265
1252645061550051328
1238658212360003584
1244011083758698497
1238513665915138049
1244273180765753345
1240129795591192583
1261955591947370496
1240885482537521155
1248745325264855040
1239598688630181891
1240126502420832257
1240301583264595971
1240798762995458049
1251166163712839680
1262719413888974849
1238236669704310789
1261784947670556672
1236922325049769986
1248660891182288900
1247224664599998466
1246498707442368512
1241215364421300224
1240733949493678080
1255239890331205633
1246533492344852481
1243741658610630656
1253073191959957504
1244110535563542528
1255163208555466755
1241670667734573056
1255567051009265665
1240979087088332802
1263420203968401409
1245738986863296514
1247011204100431873
1246911032381124610
1253262625124896769
1245116873982783490
1239594705937215489
1244254665765720064
1236413049000648704
1256668288454705154
1244981291466047489
1240381884066148352
1238750327832182784
1252021283828752385
1247660376474431488
1247120889931579392
1250372755993899009
1236129398191017985
1238654599055257601
1243262242801451009
1253384814616608768
1242426322103799810
1240738592365916170
1246608750116352005
1258098013039398913
1241108638196006913
1234977741717401600
1245441224485601282
1262578856277544967
1255823139541524481
1239743023338131456
1241837668977250304
1245305198203080704
1237120966842634241
1253040454259691522
1241047972009443329
1238972442296672259
1245722286658859012
1246820202496565248
1242529006953672707
1246238324093837317
1235162228992749568
1245720921966628865
1251163965142503425
1239257186162876422
1248385803798999040
1242190111321841664
1262003786161274882
1243330904338112515
1247628052705796100
1266145329386266624
1255966669857529857
1240199820947722241
1253041954683830273
1244942802041081856
1248189109627228161
1245110731055542272
1244831198037397504
1253859849139564555
1238263169618935810
1239064609094500352
1239345799793979394
1245083074066411521
1251713266302300160
1246960888483123201
1253582764688969728
1235704026106171392
1238264086699429890
1238989459938566144
1242527442314702848
1244259030576619520
1249768392573272065
1238275070969200640
1239535200603967488
1242383616346333184
1254874812167655424
1240572980708737024
1243301488325275650
1246854665930768389
1250444138387894272
1253316360530276353
1240304834827497475
1246474998442799106
1238219116693127176
1257299915509772289
1255316944141631490
1235691796862128128
1241123064827559936
1241707934444392450
1239690818044211208
1241817846042316806
1240754489805672450
1256006394970624002
1250106884419465216
1260395555919888384
1241537680648867842
1246579655441858563
1255963911192485890
1249449829815771137
1240752575202447362
1246578255811002375
1264549047953690624
1246179626872963081
1243366545440432130
1243491084199755776
1246186191780810753
1239662142019813377
1239631757453996032
1265360090888011777
1242665423805562881
1247515359604887553
1269931659119472642
1237153069437255680
1241743923145564162
1247641022865321985
1247567155442352129
1249054435029942284
1259498936307507201
1243327148951289857
1238824463103385601
1247567715885342725
1263121592051290114
1246804650147315713
1241478806478761991
1265266355596656640
1237716517908873216
1256199512575692801
1241895881386967041
1253385473621450759
1259293946875990016
1242034515226353664
1239553865579737094
1240465374841319425
1264976602208886786
1240984130558529538
1244019192690507776
1257682184007110659
1240306615871512576
1236046752622534663
1245135456100122624
1246558740704366600
1255471486627872771
1246506129141780481
1240958398771998720
1236963382303043584
1258822517776670720
1235632285875146758
1242504196601131013
1236203383754801152
1244761582082686976
1245088246675255301
1238085877215178752
1247249208131944456
1247188332335058944
1237950918890577920
1236559769508478979
1252944096706035714
1263884213318754304
1243380686385344513
1241121260958031879
1239742609750462470
1247671227751239680
1238744179670429697
1239393504171786240
1249795420353634305
1252565248898478080
1248838309666795523
1250815153991491584
1246995556880338945
1249525185193168907
1239904228988071938
1260904916358496258
1269659904744226816
1241011641363374083
1254431072709939201
1263518874504396807
1247300634140905472
1242193868130566144
1236759518270423042
1237841961865736193
1241035465551118336
1247375732688420864
1241035695118004232
1242137899296055299
1243853907987763205
1264955205302525953
1242807847425052672
1257536676638994433
1254440583709556737
1257642915763048448
1265320576970887175
1241837992899227656
1238511559925784579
1255628097929580550
1241985039593857025
1243331550734962688
1237929406426947584
1236266458168123393
1237179648808587265
1244792461836390401
1239410343945871360
1267575603064176642
1248959688697397249
1236325430476574720
1237592411410292745
1253382552418750464
1247545608484859904
1241894802712657920
1247670452174061572
1238296756292591616
1246477004771295244
1252722867713777673
1240117838960001024
1248389449659998210
1245132220702044161
1247621699111014400
1253250632590508033
1249458509172875265
1253141341464334337
1238269091359662080
1239553901281632257
1248224143394451458
1241034345898483712
1257796118840213510
1244175919037677568
1244627291872923648
1252598665967001600
1257525596189536261
1255509652437114886
1239539344093990916
1240945523709927426
1238724891651780608
1242818129190936576
1240942986197942273
1238621218913337344
1247879721473490945
1244951996966330370
1240836818234417152
1259640814432649217
1259866967063879682
1245891818606268422
1238308854993244161
1258917166524567552
1237153932104945664
1244296820785844224
1253892891732332544
1236576123502202880
1242553800700891136
1253862848817659908
1240958755585605633
1253313497305358340
1238968884507574276
1244273383086477312
1239668030495494144
1247583724025380866
1238589795565211649
1244862147999522816
1241461243212374018
1267435894316949506
1267153577140682752
1238589040565334017
1246146842464784384
1237952271629127681
1252931915277119489
1242556735832940544
1252305586194186251
1245177277152813056
1262583605064318976
1246205237049909248
1254173054441226242
1251543538128560135
1247220429166653442
1253812752545693697
1242387062717906944
1245437905922908160
1238140275672965122
1240636909287849984
1238143193960665095
1246516578058993664
1251157484871417865
1239264730100805632
1240311134755979264
1236501991301492736
1255280818999693319
1244541838834503682
1246483099438985218
1247013469829898240
1236099379045568513
1250908876419084288
1245030213261688833
1261862805147394050
1244426510720696325
1257404307806326784
1246809472418357248
1245331120557821952
1248317705633046529
1247881152951734272
1237571018618580992
1242548748632248320
1246184650336284674
1243602684504150016
1239577806406901760
1238198649223594001
1246127901457727489
1240949372298375168
1237836930072678403
1236961701129584640
1238987803129675787
1237836323320410116
1250267133784842240
1255469664248967168
1247644375183654912
1241981481486032904
1245158471126986758
1249835109311750145
1248269692554358784
1262945101170556939
1256055765560963078
1262046463468736518
1250812238254026754
1244495681705951234
1262466063985491970
1249380583018565632
1242975117275267080
1257362921023250439
1240747089677688840
1242941165709807617
1247249205074288640
1235684483342401536
1242255073226493952
1250816720450867200
1259955204058906624
1237570553336086528
1260721448236220419
1259667500746149888
1246808086171521025
1246811463148277761
1241816026137989127
1236100951750184960
1241048656616329218
1242419847025381377
1239403411034038274
1239503935615926274
1238782507685904386
1239348578012848129
1248273387052564481
1236374880070885382
1239349977119367169
1248989798691471360
1236628302628098049
1251005006586748928
1241856785897717770
1246094430324633601
1243938636837593088
1238217401763868673
1241197765801066496
1236653833721430016
1266855088326422528
1238057323903492096
1247642357496938499
1267972074074705920
1243868162044637184
1258419386660147200
1238824668456464384
1245611428716797952
1253863262346719232
1236414853746753536
1237573231499808769
1269804900231364608
1262536200235225091
1242275536413564931
1252402433889693709
1249498963121704962
1241044411896774656
1260209290889003008
1245447232658321408
1264547749825064960
1243234731535327234
1237726514038390785
1248260097379360769
1237761127318269957
1242443475825631232
1265734471090929671
1251088281426690049
1245131414120603648
1242979159514759168
1247630203490381826
1247945612680744960
1245612517822324737
1235673552239685646
1243283498460463105
1239577897511378945
1262546659025838081
1239689673506684928
1264557732239212545
1238984765589590018
1246089471231213568
1237415356970475520
1242584266413936640
1245743306618941440
1242823043942100992
1237968319573090304
1257821547210747904
1237175474226331649
1250806672794308609
1248698642602627073
1251703011128246272
1241814414241693697
1243910302812471296
1251516368488468482
1257808998537052162
1234932519746883585
1254871335441965058
1242906972661395457
1237566221446332416
1254644368767619072
1259117915376418816
1253801058641592322
1261740082781917184
1256974885085159425
1238589988121477122
1248361539977064450
1239743670234079232
1251660889922703360
1237764856931123200
1267555230406885377
1235748520663097344
1247167370663100418
1250210112901459971
1242743489709965312
1244829295060680704
1246400378964492288
1242248802913878019
1241189426677547008
1236973207279845376
1237214872783421440
1245803748884127754
1244024449231396864
1248604626443698177
1244393939936870401
1246561726683852802
1240509482742005761
1241110249685295104
1241735657632006144
1260898145061548032
1239753172052213761
1251520595034017793
1248260475604869121
1240638507648978946
1263850618223034369
1241046005023412224
1240823956552196097
1246485860092129282
1235592177410920450
1260666666695917573
1248477834642776065
1252302367384616960
1237453876971913216
1238942553518604291
1238080075687477248
1252465596949766144
1261399839746732034
1264703314790354946
1240241654554132480
1235387116017856513
1246507123271483395
1238955761998462977
1243486880806711306
1239324746765959175
1258084457027899394
1248993248812634113
1256007140856250368
1246473394553589767
1243333008414986242
1263879816069165056
1255338067625422848
1245193871702863872
1241535209650216962
1243884334882447362
1250224371895095301
1244953890736480259
1247629380437905410
1252383368701829120
1244625595914387456
1242198784928550912
1267610829375102976
1248014257578336256
1236609136114221057
1250814906049462272
1241820210568597506
1260607873647853568
1245106681190559744
1255665660396527616
1244439972813340685
1244977717432455171
1247680434198192133
1261044241519738880
1239908203774836741
1240721685659045888
1244804304701095937
1249495408361029632
1237114152256241668
1256324660137881600
1262468663631851520
1268238726234284032
1257642259006324738
1241753480253054976
1249112476857151489
1236638363358281729
1243630825545089024
1238510684037681152
1239858761214418945
1266324232683864065
1249885522912260099
1252463839632818176
1252466136261820417
1235303641566916609
1244254531422167040
1239756394460590082
1241932200515375104
1241818972640681987
1262103137227325440
1265006245653684229
1238510347163754496
1239751930827681792
1236543578974945285
1255864009657667584
1253718971892805632
1257826304134651904
1260319575209582593
1262412446469365763
1242546921610371074
1265398161536942080
1262076977160302592
1257804133404303360
1256974189724082178
1242545657010884609
1239686380973948933
1242086871813029892
1242679598149746689
1246124841612324865
1256243063099478021
1236635230456422400
1250137475525357571
1245329844763836416
1240760651053703173
1241712485335515137
1244454799099256833
1238242646822436868
1267578874629623809
1244572354975498240
1270069008944041986
1243655165112090631
1255592795965923328
1262982512952967168
1242536040151363584
1249040104271892484
1237438711568179215
1253657190184947718
1241732516387708928
1244317082684186625
1252802664074633227
1237154957515788288
1248988456577097728
1250782555248484354
1237929919176421384
1238199558527684614
1248297456691040256
1236249440064806913
1262584231672381448
1239540447816671238
1240096305487269888
1243355477372579840
1263865211133612036
1239536098101075968
1237174372474826752
1270679588373495810
1268504221827108867
1240386127867138048
1236802881254236160
1243859478782640128
1239654062720716802
1246851184624893955
1256631176082731009
1239262093385310210
1257137069916372993
1246423565152518144
1239733991470661632
1239390644797349893
1264198713611825155
1241461303602032641
1247621598548459520
1246163175256383494
1242548861945724938
1244432369622417410
1255265166905704448
1237476326128435203
1247368461535281159
1250782144403832833
1238466727463264258
1239843795585433602
1238610726731866112
1238883472049147905
1256964721917468673
1258746996527169542
1236085547954774016
1246949607566909441
1242928619904737280
1238968596086300673
1237836665869262851
1246582315029012480
1250812566378512389
1239323212745510920
1256007264185483269
1251740272473538561
1242576951740686337
1259663952289697799
1244559361374064640
1250551364616364032
1266832139678617601
1250031705395781632
1246499592041951232
1242884766577221632
1253607480640311296
1240267563713560577
1238276268338094080
1248461130642550785
1246263760400068617
1253385966125015046
1235719106055172096
1240513206881267715
1240977772345987072
1244742530698264578
1242546916065521666
1264553085621473280
1248315175972847616
1246238303084568577
1244427678884790283
1246614393972023302
1241355390731902976
1235937278389874688
1255465201333395457
1245199080323678208
1262032160439128064
1245729101983465476
1253383883686633472
1244843463457288194
1242594404734566400
1251701126489149440
1244206848070356992
1235707617676341248
1245730707189772290
1236391654162038787
1260256328200716288
1240571010971242496
1259108352644337665
1250550925028196355
1241713931611254784
1240515818703773697
1244624411464019973
1244832785128476675
1237746437762490370
1237574756599091200
1243511933468196864
1243740167556468738
1241540017094381568
1238949004236541959
1237571409708122112
1266684092885667840
1243265398402932737
1237569776467099648
1242536651437551617
1267993639881490434
1259760389102940160
1238913374093742083
1247645582887399426
1242280114026668032
1238910655085887488
1237347744085348352
1239615131409092610
1247826794935390208
1243595751655198728
1242832942889603072
1262563517149990914
1250233874006884354
1246376519737491456
1240341416276082692
1262417738275926020
1242545974049980416
1255961356026679298
1247519134339997696
1250001027820068864
1242225290358730752
1253141884270260226
1255160088240820229
1255160363684855809
1247658712816328705
1235188110369181696
1240637870081282048
1260737228571099137
1245805304186576896
1237592367361716224
1243597747174944770
1245732068736319488
1237019510202339334
1240063634019147778
1245662334036697088
1246242305562075138
1249926912669093888
1238081123516907520
1257297541986693120
1257522257678786560
1268931770206093312
1243273681150894083
1248217606009630728
1246578746083225606
1236781538332868610
1237473554351951874
1247642945341267968
1242536098427023360
1266084855508545538
1243303180022226950
1246222593969008642
1239749033566121987
1257057659326550016
1261652878919426054
1242646013787193352
1235048463445839872
1245174542546411521
1255963047589527554
1255115941454778370
1238554945068118021
1253363914903097346
1256946662494416896
1245200174810640384
1248478009209679872
1239613586739249153
1236384666934018048
1240632086555512832
1257378517337153543
1255496958162219008
1242927902477422593
1247464326232977409
1247523438236856323
1235299015345999879
1238436875586732032
1245140077120012291
1237927791594819584
1265410006578606082
1237346837809561602
1259924748852756483
1255111111860531201
1254573808415055872
1247334968440893443
1252399753125441537
1246063316184727554
1251306010494582785
1255115234525753345
1246199760845000709
1244432707779772416
1250801723247124480
1238272585806340098
1238030925663014912
1248831267111669761
1248751052465352704
1247490865423159298
1248946899694096384
1240420279026933763
1259871860440944640
1241694583161061377
1237932125388787719
1238413183511080960
1238554667484880898
1245369716161630210
1239561151354212352
1244809578635759616
1247633527870455810
1236396329041092608
1240123077192830982
1237581828485083136
1240053184258813954
1238507256867676164
1237484127412248577
1245124309288390657
1254712098426359814
1242772344734711808
1237057461347061762
1241902831013068800
1238199508321910787
1256146740962607104
1255514256180752396
1240636746116804608
1237863465823301634
1244979491736358918
1239576701941800961
1240572964933951489
1249447213144649733
1237763674183544832
1267945487728025609
1244321626621128705
1263223877750214656
1242951091815415810
1246706228883066880
1248206573392068608
1262181765495631873
1238453791122509824
1246150893797548034
1240746959272579074
1250659350806478849
1245371170687418370
1243596781071544320
1244591764691976192
1248648166586626050
1244116864889950208
1235187798447140866
1235681381906345990
1239600014541848578
1251268047974916096
1236496658344611842
1240990673366659073
1267989945475575809
1253382159668260868
1242978864416129024
1239329239494799365
1236090574731710469
1243168944132947968
1238131692147281922
1237470525183741952
1237213361571536896
1249175835199897601
1241919451966189570
1245138907135705094
1241785536550928386
1243330605330370560
1237086661592449024
1237950059347693568
1251160916755804162
1247014903178764290
1250235904704368641
1240775414349533185
1239037093550186496
1238638848046960640
1246506301548527624
1247167278455476224
1250583430271827969
1237576219706535937
1245042330480119811
1235366315776503808
1243285549152157696
1237835421381464065
1237415556464205824
1236756503845056512
1236980725951447040
1248830653099016194
1238533102256996352
1251153487175446540
1242380914690228225
1242381169141977089
1238878291890765824
1262457733825118211
1262895088943935488
1239002790103519232
1242560506927382529
1247118722210422789
1245103061095325703
1244029582661074946
1242785526677209089
1256921790590451714
1255666010717401097
1235941053825536004
1253751001787650049
1244960218699743234
1247918041125588992
1245583856062717952
1241899715672838144
1249496376293109760
1239383506574327809
1239657182251155457
1235361251036971015
1240833877607960576
1249465147804049408
1248603689209626630
1251606182017544194
1238497990236667904
1245824728314466304
1245098651296436230
1250959589673238529
1247915513210122241
1242435890653298688
1244411021273501696
1240778610446868485
1250420702676520961
1250194614063108099
1254219154254704640
1251137400589496321
1237181749291110401
1245709818847006720
1240419939523100673
1248978267111075841
1239754537650585608
1244691324718047234
1254758245660532740
1244380630038822913
1236279985738059777
1241026413848866817
1255681831938252801
1257843908438102017
1236106200607006720
1240763808353845248
1255192324323389442
1245100049157275648
1264367986367819778
1242793180795482115
1249397102947508225
1241873995387076610
1245712835541372928
1237896788486418433
1259568395386847232
1245738956521701379
1239609091275870208
1240148987497328640
1246799675480473604
1238800903005704194
1240118143361724416
1239395053006700544
1243365561922273280
1251129940633882624
1239883394248556545
1255709561622855682
1236616084654039041
1267938995952123905
1250456077533163523
1245532600418131968
1242884752547426309
1246950484889362432
1246127887369068544
1237855706964881415
1250026452839550976
1255638590056472578
1245179092745490432
1248174003509964800
1239526141632958464
1241903162883297280
1240441307761389569
1260211749254574080
1249496783409070080
1250658256101523456
1240411804964184064
1238648538512461826
1246862796261818369
1242981301025746946
1260587863676268548
1242623284308516864
1246130718759157760
1240715574335995912
1251703645189660673
1241719758090838024
1248654843612364803
1253122377157873665
1238436309179523075
1246523798351986695
1255236162928676864
1241562041984352257
1244393761347641344
1255961383528730624
1246476720745656321
1248829671841685506
1237764113528500224
1250935267952930817
1245889272927961090
1242668919757975552
1243278152387964928
1240268163159293952
1264369633987084289
1242107173997621249
1241800230133207040
1242198973219209216
1245119214748413953
1243485136802512896
1239643428570439685
1250967429909491714
1246088376677273602
1242863806746853376
1246433447230480386
1238592609611898880
1237891597221543942
1260175566369677318
1244059260494983173
1245784260298059778
1250578278773067776
1237930806217146368
1242487280742342657
1268504483451068416
1237896796157833223
1246030715730505728
1258352413402112000
1267972569677914112
1259206211049795585
1248843729739358209
1243981066077167618
1245402183908175872
1239158702512508929
1241515900823572480
1255162042882969600
1254391242877739010
1235724466728120321
1250058090742984706
1260239083516956673
1238878430608965633
1267599206493159424
1266219991361376256
1245807556741611520
1244316857194156032
1251511259750678528
1246202716843540480
1260190794801197059
1246131552305676290
1251156151724503043
1248975210147086336
1253031572019851264
1247600932260585473
1250494587707232256
1246027854699208705
1237932558349938689
1241904199119536129
1242039526878515200
1250902784020557826
1255662270341922826
1243675114203500547
1248078736139923457
1258522614823129089
1244679711403528193
1238135880033935360
1241014685727588355
1256393788911730688
1238476053984743426
1257492712799916032
1261357971457499142
1245136882461179905
1255148706698948612
1236394621665673217
1235234325274275840
1235234697233518593
1236286852837113856
1235086716878249984
1259955818470014981
1239642603949305856
1237340227125104640
1239957977890725893
1238454764578504705
1237916634574196738
1247761867784589317
1239003819112951808
1240764807609008130
1246956366884986880
1235187386692358145
1242200611904512005
1263504193098338306
1259364612018966529
1241131300259532808
1239522796453142528
1237521846100090880
1268174416762060806
1242284100691660801
1237342424759963650
1239602249938210822
1260393492469202947
1244823863730606087
1240270889108848640
1247499483426041857
1244834807684583424
1244224022059143170
1248975168652939264
1264734182774919175
1242551656899842048
1250212961060339714
1249028155798687744
1245069955038617601
1248005857914138624
1262960985326977024
1244413474651987968
1245071367982198786
1257660024530382849
1248618267070980096
1242869048087625730
1243519167875166208
1242114223582445571
1247638219610619904
1240284055884771330
1252310438588698625
1261779786147520514
1244723839411552261
1240086240046784513
1245013522817441793
1247636598092713984
1239393075849498625
1254758825175003136
1237213239202779137
1237919044025663489
1237210482584489985
1240640504112562176
1247714341237018626
1241431750607241216
1258206159993004032
1239397688673787904
1235009482117218305
1244370280639856644
1245180026003341312
1242843615287787521
1253513496387629056
1246037813625315328
1248849353751625729
1240205639005147136
1237815356288360449
1251089237061120001
1257482060631072769
1255470401473347584
1240037044207996932
1247920011043377153
1262458595435782154
1237119134888058880
1253658859366944769
1236679014783373319
1248594619559968768
1240074459131908099
1236086816714960896
1246507077893337088
1243725787922075648
1241558857270296581
1265734960423583744
1235335943932039168
1264962016004931584
1234977210848595972
1258220893681209344
1240429543934119937
1268676160692592641
1245378535969165315
1236979261942136832
1235582992871043073
1237475493215158278
1249429038956810241
1235728712848543750
1238924623376416768
1240471540942110723
1254863228011720707
1239002348082606080
1248304188221788160
1258573366488858626
1246550422585774083
1270671120753197056
1242187007801114624
1237476355517952000
1246517437538893825
1235660233340596225
1242952504658272257
1259957033916399622
1242076504835739648
1245805666700267523
1268167450811654145
1246065331698835456
1238442797696516098
1238442979825778691
1237455726760656896
1256240401217990657
1263122507542016003
1236325153082167297
1245729447111770116
1254440862970515456
1267885717671329794
1244072054774784000
1252981294037950468
1248995363450695680
1242253717874905091
1237416323778588672
1239753287492087817
1252420731029225472
1245894357661728769
1240090228179730434
1245329074479943681
1239735970741866496
1256672997596938242
1253305483580055552
1240338401469046787
1238560670150463489
1238561954857353216
1260642295118008326
1246451113257295875
1236760961173905409
1266167775623614464
1262893863162785792
1248982179067113474
1243305241354919937
1268939930753007619
1253644115448860674
1253031164954185730
1253105239575662592
1238491736822947841
1236632829590675456
1257275379720622080
1250088412775940098
1241571313304698882
1237536192633008130
1237164480791969799
1243999926897557506
1260784761938890752
1255170304944623616
1265358892663558146
1237778488897257473
1250553549819437056
1252773448759357441
1245467182697414663
1266036607267807236
1244740396657369092
1241141464933023744
1243239093867360256
1236978120458227712
1241858162363453443
1239225672473722889
1250843224895303680
1242785483740020739
1246821567943901185
1245490628454240260
1250551354675863552
1255935718628745216
1240765062790500352
1256205000897753088
1253341890671493120
1238265938128056322
1250124686631088131
1247008235091111939
1240400265506938881
1268609990711001088
1246803254622773252
1238904586158723073
1240433231406813185
1242188910790414338
1236074975355965442
1243543965305057281
1250725853920743426
1237896880694022145
1251148169057931264
1270137550015995906
1236245182795993088
1248207624958554112
1244739626058866691
1239249424460795904
1242537919337955328
1242465758795288576
1239208557360418817
1244661096532803587
1240827616388669440
1249431654780764160
1242783310444728321
1265779561498845185
1241339934914555906
1243153667404029954
1252389307597221893
1248299670625009665
1252799403963887619
1242859257046892544
1251867405795680257
1247634276574781443
1255238802202931201
1239345109763788802
1238260500279984132
1241354052778315779
1260345702607212544
1236510885264289794
1247355218297344000
1235661743939936256
1236084423948451841
1240776152379207681
1252337922403192833
1247518390668922881
1237169751329308672
1263478033148715008
1254923182252920838
1251183226175000576
1238567096180781057
1249683086922723328
1246078495530328064
1242233333796438018
1241772232713670658
1263247638863937536
1238672926892863489
1242883822699626496
1243902332154281984
1242138297872330755
1248324370084311045
1247473939741380612
1237508566317060097
1255267463673020417
1238836215459254273
1244768841814757382
1244455107632267276
1252701996236365827
1235335251586682882
1242238886002266112
1243911890050433024
1246457648532393984
1246187574420484098
1247925489743859712
1251878022946394112
1244820570782523392
1240675823646052357
1242216829013102593
1240021656594243586
1253063853488865282
1240507108233183232
1255491790423105537
1256215787293093891
1240493818895622144
1238185889785937921
1247652331065352192
1260675949898674180
1246077410321338368
1244775258206416896
1242615677720186890
1245464347696119810
1251172891875520514
1270491653002969090
1253648720933027840
1237392009414856708
1255068100325769221
1248727657593933826
1258929094642843654
1260587936887853058
1245806314363772928
1237548555457323008
1266481832872329218
1236687834649632770
1240092809086074885
1268636903026446338
1238605377777868801
1242246385250045957
1247650754497822720
1261427132187635712
1245877848260464648
1247649893675646977
1262031944436645888
1241799092801613824
1242633634944823296
1252633299505287168
1247188373825105920
1240379677862223878
1252039008705806337
1238619180603146242
1243360258627534850
1243659266109702144
1238798635619491840
1237893524034424834
1260308024226439170
1257068022105354240
1241862392356765696
1252338132822917123
1247238840735207431
1258728914664525825
1251853935553523712
1237554967726051329
1260756003349463042
1261135245052727296
1246056662718431238
1259953610496053249
1251144334038257665
1238561441713655809
1247563879279968257
1254762257306857472
1237057161341140999
1242961766918828032
1246170232638640139
1255900717845528578
1240086231544999945
1243661750798553089
1240005851710205953
1240767256361078792
1238906549235601408
1240005049583046657
1240363150916104197
1251187441186332678
1252224572461666304
1251603577723932672
1243562258380337153
1253452170944483328
1238413509601492992
1237710522251870209
1255838384821501953
1237918493368037376
1237902097766584321
1238413735594778624
1247323388277899264
1245874346301718530
1246228520948436992
1254412484804476928
1245173610110730240
1250489058960330757
1243675049757999104
1259202598453870592
1243659773284945920
1260538950558658560
1250240343074799617
1246228704608608259
1250094034132987905
1237879205406232577
1248685171207016460
1255636016645488641
1241934373433364480
1254578891341119488
1239397845972725762
1251603145232470016
1243678020336001026
1238090707690274816
1246587608874041344
1248595952019128322
1240227256687038465
1248765811394740224
1251535554556112898
1247598087704641538
1240788119181500418
1241112074538844163
1255498336901218307
1242848532358365185
1251672990124855298
1238174739274911745
1252535447944912897
1244761581063413760
1240017284325945349
1263229006880681986
1240016269694373888
1253498614254579713
1253802666611871747
1237349444972171265
1251085900056006656
1239483550791073792
1251687357016879107
1253098293875347459
1235725581037080577
1244741595322294274
1253389436831834113
1243662339972435968
1250606764342607874
1250634039654039552
1240678911203311616
1247194718884282368
1253013722152525829
1267394367146414080
1239516460399149056
1240043805908361216
1248696301782474753
1238412295677587456
1253038045214932993
1260536834138025986
1249853657874563074
1258131960603475973
1242653124290019328
1239316586114297856
1242658895845306368
1238303663728320512
1237919822715006990
1244973140582727680
1241177437679112193
1246904353530806276
1247717279715950593
1239328811117928448
1247318019015094273
1244771669090107405
1240237468047347712
1241307109532237824
1239332727968747520
1253127563419009024
1247184530026516482
1238495490318241799
1239365109685923846
1237360337571270657
1254744361281171456
1249032511856017410
1242196267645755394
1253437325868032002
1247564147421782018
1253449340909207554
1242932471743811585
1256318213803163649
1247702843685027842
1255906848500264960
1241853597186428931
1246884149203546113
1244736666763485191
1249118325847871488
1243296339489886210
1246433209036005376
1241570708335071232
1237481462078865408
1263605531584925696
1237909183154065409
1238446559701938178
1241929884806656000
1239841157007446019
1240895472820195328
1262906607756861440
1249478581698416640
1237759332508368896
1246909500088516610
1268222281051967490
1259242490105860096
1240681763032256518
1255188019293884416
1243566842003755010
1248355372856991748
1258439175805841408
1237548690660679680
1246014483178434561
1245763732543811586
1241848636239159298
1252243854125944832
1237896882749206530
1252589715397775368
1245824698224496640
1240228350959984641
1256066156210913280
1239548205173542914
1237548470459744263
1237920760406118402
1236093311838031872
1238529493519695872
1238590499809906690
1241930010874851329
1244310851974238209
1235179324585775105
1243212614697734146
1246573334944456705
1242917549051953155
1263797603592015873
1257349166075953152
1242231284463800329
1247016065051381765
1247876572549394432
1242054831474384898
1255450889495760897
1237920128806858753
1260317915011833856
1253499022003888128
1237916684901593091
1250596722612547588
1238923364011577344
1245477525079363584
1242249682514063368
1244487056480493570
1251958809532280835
1239544546024923137
1237421022846095367
1252573584339415041
1238924066330943492
1247885876941602816
1261418102299987968
1240676634220474368
1253725654614528000
1241173042140676096
1239517391413022720
1258083783225425920
1259717115487059969
1242235327424671744
1259949880761556992
1238562738848305152
1239950649816682496
1241899814788440064
1248666774540861440
1238564788843806723
1238184151217569793
1266857164917936128
1237925988018913280
1245042401628114945
1268498415316598784
1258726114480074752
1245388774680465410
1246572325073551365
1240729506656239616
1242602487565123584
1240730589176705024
1262904887190437892
1238415243631636480
1251686590180724736
1244000271312850945
1237535108329926656
1247214436210925574
1237918719755587588
1238802828757434370
1258167532051140609
1238929009242705920
1255633108826828801
1252767122381516800
1237593811905212419
1242190186311753730
1241221235352260609
1242875884270428163
1242604176057737222
1247560015168364548
1236140067065933824
1258804535268642818
1240680479625555974
1252986265114415105
1238292007719546880
1254090266803408899
1237927078873497601
1237367886542508032
1258726766442622977
1266489944668856322
1243678118906417153
1246176114768318466
1246013396379631617
1254916730167713793
1247618744966418434
1268032965877137409
1241921787807567872
1238880033348947968
1243535064216076288
1250596784411467786
1250522276212224006
1238280805358678016
1242907244557217793
1246543247360626690
1245466826286473216
1255686431055515654
1247289643600621571
1240678240248725505
1254979573793644546
1242187438367412227
1251827022361493506
1240370667125714945
1240019973642297350
1245840237093322752
1248702327185424388
1239289842212777989
1248088208631648256
1242901520762507268
1237452858926268419
1237729060685479936
1251600302752632832
1256235019338690560
1243661990121390081
1249698717432766464
1239697724754268160
1240771130723651585
1236748068558712833
1236748706709409797
1247889782606200833
1265432730046812161
1241853693634510849
1246055897140539397
1250933821790355456
1269318178292654082
1255989280528306177
1261388233218428934
1264226471502995461
1241933274768912385
1241447156369756162
1252637990784040967
1236277079337033730
1234997691840528385
1255023139978960896
1247981417738514433
1247137987244306432
1252332817306001409
1239661356267319297
1252918241854476290
1252226411252920321
1243569563712794624
1239240071729078273
1239736100610080769
1238282305157894144
1239383621041115138
1264703234863763456
1262141629202399237
1249506777416323074
1249506935294083074
1240476260754743297
1248761834137665537
1246055452141551616
1240035988107395079
1244777726713659393
1251170252882423808
1241494016132251652
1248764355677732865
1242626323987783683
1239208448170000386
1247560017970188295
1255674984724381696
1241496852371066881
1241341193251889152
1259875366849646598
1260962395482177536
1243002752688685057
1258355332025397249
1253145372014383104
1243212255342272513
1247566071772708864
1236716986119446531
1238836512629960705
1237913879159681024
1246909164036730880
1242353451180449793
1247839534370508800
1269666115623452675
1238566249120108544
1243125545740754944
1259453877226737664
1259282455938375680
1242954909173133313
1242394530466402309
1255680783873986563
1235578668212269057
1243543994606419971
1240814657448947712
1245090776687751172
1239729060575621122
1252800775161511936
1242268272780808204
1251199004140077058
1251199054450745344
1253454130892410880
1238924108353675264
1251193272850100224
1249683595721150464
1252226599866503169
1250205138679222273
1238435820018774016
1237918561919787008
1252415551676116993
1260632170802171906
1243969029548773377
1236401581731561473
1245097655279276038
1239284818967486466
1237187958471614464
1243900657440088064
1253335230166913025
1238626810981687297
1244298559643701248
1240033605369331712
1242853399294619651
1243027114196074496
1253336874090770432
1237505503330291714
1259831996752289801
1257751955893518337
1250874751993679872
1243678456598212614
1237549940043157505
1254410518531629056
1252175381274275845
1260646511093809152
1250186859210321935
1243150670724837377
1243385514863951874
1258715249139757062
1246170420434403331
1240498126701703168
1252775080205017088
1255838260854697989
1250173920285806593
1238428277951299584
1245380844212170754
1248135589096050690
1248023049355563008
1239253376052977670
1252122825999122433
1257735658677862402
1235762893062385664
1244381091642949633
1239736662969679872
1240033185314082818
1248362478242799616
1242221149049761793
1245143639057145858
1245143932440379394
1258354630725156865
1239622903110545409
1251682258618105856
1243971066923532292
1242624330007183360
1243998698230763520
1253448197625831426
1239591156255805442
1241525377912225792
1262642265568219137
1239165075526684672
1258539280399400960
1243530813288992780
1242078025610661905
1239450328631775233
1252758342554079232
1248087432127488002
1270677391103479810
1242902563575521286
1239793896672108549
1246014779199807488
1246439754494869505
1252590494451974144
1246905754352848896
1270386994246451201
1242170188776300544
1237191281631207424
1250493565173719041
1251107086588657665
1246589911676960770
1244736576833425409
1262366207463702532
1250767581952253954
1256643315220525056
1257800394610216962
1260385205950590981
1244774833637949445
1235542207634931712
1247852074290855936
1246199368165834756
1239246742144593921
1253536422629462016
1249037277428428801
1251909371338141698
1252008830801715201
1247148526934654976
1238837441320103936
1243657812179390466
1238618422331801602
1246256287907827712
1251130831520833537
1256134573831880704
1263242165209227264
1244043934210416640
1266846967419867138
1253347598339112961
1240473189563727873
1236279000034672641
1237159402949554176
1253798403961769984
1249701810127941632
1238560497911443456
1240678832019038210
1247158655272783872
1253102589966716930
1236272350670315520
1237919379725127680
1250640895684288513
1252005975911018497
1239163788055764993
1247605324351234051
1253828411325403138
1241491150357377024
1252226490311290880
1247601077886889985
1249167024003133443
1260565477413306369
1250890389701222400
1254061260091592705
1240505850965491712
1246176043280609285
1260973639580684289
1242289201066004480
1255621881102831622
1249473292785930240
1256070310660640774
1253491912377618433
1252561931061407744
1242163770467762178
1247129561680183298
1255020317002674177
1258587974268342272
1236054846110945281
1250363450712186881
1235840078976397312
1241711083762704385
1242048255757889537
1256265467641110531
1258543167432843264
1246865977893101570
1237858250378240007
1236082202766643200
1265245756522364928
1248209492732456960
1245013945678692352
1269761736866922497
1256618781952086016
1253775631411748864
1250765100321050624
1249155249815855106
1246138771160141825
1240678143742091264
1264409561257193474
1252264848420941824
1246892450444128258
1243711682859487234
1254007576091557889
1253529752746500102
1237924789987278849
1259151601354379268
1242127171084320770
1244493236812623874
1248774009149370370
1241670990226247681
1252935243436371968
1258131461028352000
1240622879521345536
1245835059334184960
1261306886495899649
1240762408391577601
1252176909972234240
1243487369191395328
1242608425672028165
1255215147553079296
1242482969647996929
1240250035864043520
1243677477647446016
1239316386901614592
1244471868968624133
1243683099046748160
1243296471656599554
1259987935228764166
1240731830699130888
1241861406443679744
1239511348230402049
1259949420336107524
1235521431066357761
1250065213044543492
1238535458692501504
1254891084506959872
1237700049922150400
1239162255368994822
1240406436271751173
1247704988425560065
1237193276974866437
1240072449317842945
1239479962501091330
1267476681654239232
1243675868997828608
1241847155809308674
1241849444640993289
1253694495822172160
1248586240972201984
1238428647066910722
1240718213140414465
1245880864204107776
1239921907241234432
1257735100009197568
1237881789718220806
1251969609470824451
1251491148708839425
1252981451978674178
1239134412631146496
1236278610945871872
1244384058710384642
1239337566358380546
1240896796861378560
1248949487856422912
1239072018684882944
1266837997313568768
1250096460730941447
1236742909027893253
1246011609211981824
1243527804823785474
1242890194552008704
1238053060687073280
1253057473180831751
1254927461546065921
1248370773481283585
1241924751582539782
1246042417788264448
1262959007909777408
1246280636681371648
1242633737554272258
1254069734934491138
1246252848352038912
1255187954626166784
1250865599502331906
1257433029569581056
1245825440054489099
1237865208921460736
1241856846161469445
1261997253025304577
1239526633402437632
1239222430272491520
1266820859148349446
1235960813590110210
1263227233331748866
1254891872784392192
1252963727630110720
1263683924766740480
1254921021783773185
1244565205650214914
1261011220229840896
1238581697727344640
1240896649100177408
1243944478039293953
1246444431529689088
1259824650265276417
1245914438642716673
1236776955506196480
1238253852375289856
1240182365466615809
1250893580882894850
1252756272799195139
1237039094405959680
1258936196459307010
1241925355910369281
1245646616616251393
1241494866300940296
1251172954584514560
1243672873333600256
1247138267155365888
1243947135932006401
1241181440722665472
1252991453908865027
1245857496318668808
1255917522488000513
1248412292431015941
1261515117897883650
1263276368130965506
1245858510568472576
1255903297258631171
1236717470427369473
1267086637634334720
1237883724257091585
1243926442993422339
1242390912745029632
1250051874142720005
1236791550690103297
1248057307096891393
1250055953925443584
1238528801073758208
1240345090146607107
1246635434333163520
1240448712536739841
1244512773502984192
1237759533168111616
1256272019538219016
1241906728297533440
1240111649362755585
1239721360743714816
1238846978492162048
1254879576037175296
1240452447954513921
1237187800446967809
1242168941306359809
1253461622187872257
1239705800903401476
1263836955827150848
1238644866357301248
1240028357540163589
1254854243497816066
1250160529907294209
1237427272942051330
1258858455206703265
1246457399784943618
1243685783439015936
1247543519901818880
1261283732239142912
1245284840934694913
1265947695044272129
1253318284772081665
1248826388590874624
1250241388316418048
1241335636445081600
1242897532029722624
1251649614152859652
1239589861046222848
1245147727815675909
1245844725049016320
1258389845489192960
1259936944068444160
1247553964540858368
1243005219337908224
1250058463092367360
1260228004669730817
1246281601090236416
1267060097668329474
1236687203008479232
1255886244770390023
1238628752231456768
1241864153935024129
1238931717873963008
1240702755993337857
1246232203903762432
1243322442657017858
1247211835167817734
1240355702616530944
1250064940225957901
1265286481767043074
1247859709819920385
1252979241597186048
1241116533457408001
1251182809693270016
1239684265324969985
1242046531517272068
1239683129385902083
1245927111254147073
1253872853629521921
1270146797198065665
1254794076332994562
1250874117793996802
1241482544375349249
1245026488409350155
1266487558617399297
1237096896424017920
1236799461122342912
1242917365622456320
1235651094883315713
1234940758588821505
1243563836994654208
1245461529744543750
1244235673030311936
1246848304014598151
1245679399049089024
1244720035383382017
1241039952315658240
1239173094725636103
1239167694814969857
1238847170280919040
1237668444818063360
1254899207581859840
1259190715382468610
1247020652118278145
1240673261526097927
1240442810903527425
1250860185725345794
1255210149813288960
1242836464628633606
1239316978222931970
1243529349036376065
1238440671322746886
1249803681895251971
1249306848999677956
1248551522973233152
1238787575437053954
1237925398194896896
1237597179394404352
1235986047999324160
1245789230879604746
1244766079123181568
1242887058005405698
1244963278830350337
1260979112270794752
1244349405421080576
1247476670099046401
1245667534285803520
1253369545655554048
1243945918623342592
1259876022276763648
1263213773676064771
1239288508289822731
1246232940775911425
1238633833022488576
1250051102608896000
1250463740010606593
1247267362140753923
1259044874696998913
1247479020477911043
1239700249188413448
1248579494258114560
1237188227238330375
1245504445523378176
1261026602198142983
1243955434328899584
1246415978151510016
1260122302899015682
1247265047619002375
1257754226777866240
1251648626226585605
1258814315534200832
1249013081117687808
1252660533066678272
1265745660894117889
1243558910281289734
1246406822975676418
1246763810687459330
1256697727070752768
1248052607920345089
1254425772841934853
1247006760952639488
1255553179850289153
1253827315320213506
1244475097513148416
1240009694632083456
1246055330938851330
1239889666125565952
1251623914389876744
1255602362892378116
1262215788318113793
1252279664002895872
1250380521965789185
1246976495354105859
1245395728672985090
1239930525860745216
1265763132699484161
1253650579693461507
1253082865300115460
1250156279911374848
1256177862312419328
1257280275823894529
1257429543545118720
1255582558311649280
1240241214563266560
1260416362452856832
1239674115084234752
1239639458737205254
1239717716631654401
1263213994388664321
1237159380614864899
1258924136241475587
1250192587471736833
1261673879862480897
1244383544375480327
1247149167954321409
1241765189218971655
1241830655643844608
1250500962730610688
1241061003862949890
1252954631136858112
1242482030996336640
1249121348254867457
1249168544421552128
1254212198911655943
1252978432494968832
1258047778367963136
1252537771924885505
1237188008417296385
1253496040797491201
1245490223586435077
1249149191147982848
1236899596779114497
1238963743725412352
1243543666901372940
1249864783479914496
1245905042890162176
1243970078057607171
1240446802261872640
1237560679617323010
1241491477869604864
1245678324849901569
1260230064714723329
1240355769905754113
1236788589637373952
1263652897033801735
1238887402145488897
1257991782048116736
1251984005613920256
1263259299977007107
1240321086128095232
1247362048620662784
1245494873987469313
1247357947337945089
1243902146153795586
1260427114844733440
1253873634940248064
1249698083216199682
1243318284843462657
1245143879524941826
1250064979497234444
1240181852964519937
1248585736380715008
1237796950558326785
1241449544522612736
1238315295070195712
1243374797746253824
1243192125120020486
1247953415541579777
1252435317774114818
1243670637236928513
1243175018068090880
1250170680773050368
1248630540804263941
1236355132901785601
1237910969831043077
1251479781738254341
1239636948907626496
1239532331901353985
1246269209421717504
1251651234236227584
1252531549649731585
1243661333842874369
1250875608151789568
1252661495680417792
1255202404582199297
1243191892340346881
1241024004820996096
1243680989852950529
1256321026058674176
1256697672653836290
1243640818843496448
1247358557017817090
1252760902492880900
1242071802454695937
1241683680197775360
1250063821865091073
1253466498833793027
1235067346533806081
1237911074403426305
1235768080518860801
1260920155816820736
1247477780188737536
1239722504794574849
1247128615885602816
1252280586934325248
1246638146223300608
1240118758322159616
1237236117457580032
1243969716940673027
1239048084409192448
1252936745143894016
1258562255131750403
1263933715903852545
1243319324347191301
1245479523505917963
1241494167806713861
1247539317959880704
1239152047943016449
1258471740029665280
1244388123754270728
1268892750553980929
1240675199684673537
1254805493958279173
1248084203134214144
1236799521977491457
1252431701965369347
1264600743576834049
1240151682127998983
1270079059700170754
1239918464334209024
1236694432667316232
1239010729375739910
1240449299642830849
1246818208902000646
1248056435243712513
1238581747396366338
1236610265988378625
1237157930383953920
1242362295315030016
1248668380992876545
1252696987897663490
1242294825115926529
1262944379322404866
1251623805618991107
1250568435576311808
1239032810377228288
1240060335287123968
1247639648849088516
1250853246429732866
1244772125610827782
1252990007960309762
1251547527528288258
1237883538084515841
1236418127174553600
1239894383333425152
1247870253104803842
1244706618069188613
1240813532809232386
1241103049411702785
1238990844390256640
1262794961768124418
1240366104100458497
1248135745669345281
1243559405678927877
1257404036107689987
1249172327235047425
1259645788205936640
1250184987091050497
1265083826071498752
1242183186072973312
1256774341674430464
1241040128400859136
1238193417861111810
1238977265310093312
1255582483418136576
1242996695329366016
1244966086849814528
1243826673243566080
1246387870971179009
1235205918691909642
1242510585977344000
1247984533909262337
1243657174708105217
1239220945581211649
1238226875819974656
1256719596570247174
1253625077830160386
1247478807755460610
1242643619003187200
1256255808159076358
1248902867198660608
1254879263339184133
1250543436266188801
1250844084471767040
1262056400223703040
1259101107479023619
1252590168990715904
1248366583220703238
1252994747725221894
1248061269032292354
1242885971282210816
1250877587489947649
1240024478794612737
1252619234556985344
1234998039728640000
1254258158001729537
1254619456585846785
1261121276501995520
1236142163827863552
1240092125183737857
1253819616381591555
1247704715971919873
1245840557013901312
1239156047924912129
1245334347101736962
1240323037473509380
1253325952374829058
1247361922237898754
1246245913569476610
1236800742687682560
1253334622592614402
1241904896439451651
1243639553371619330
1236209463666839552
1253691846909452291
1246176598690344960
1238093302857162752
1241907105050906625
1247592584177909767
1238502096686776321
1240682123557777414
1237200631984766976
1254269518970605568
1246249910611181568
1241282257576484864
1237207017703555072
1242610379479560192
1259096132363354113
1242565462980001792
1241162062681845760
1264648341817827331
1242118011517108224
1238791495211192320
1244349747311378432
1250975172263362565
1250975886699974656
1243719812536287232
1252974154736943105
1250894751907418118
1254888099043295232
1241185272374669313
1250164239970508805
1243520184490565632
1240110308745719810
1254976333807005696
1246285917771444224
1243522875367346176
1241665535563227144
1237845010730471424
1247269498337583104
1249698198744109057
1264314559357124609
1238580765044211715
1252289474559651840
1248390677836083200
1238053958431670272
1254776282337775617
1240548650566156288
1246890869501956101
1261619329801601025
1253786983140413448
1238849629413933061
1243946580144766976
1240552348218507264
1238069492258951168
1238221770869690368
1238538617804533766
1250470816631992321
1245081564880519174
1253039871133876225
1252681869096861696
1254904839370350593
1237796489650417665
1245351514283139074
1248149672415412224
1253078276765036550
1240457971424989184
1250895056170635266
1243688342744637441
1258785264526385152
1249710571865419779
1249388594936123392
1236120893203664896
1247574864032137223
1242122448482549763
1244247880787001351
1239463234500988928
1245503249186279431
1236703372922826753
1252789578785841152
1258398196293947392
1240673231801143298
1239013866790666240
1238978740132200453
1268194011107516419
1259098890856349696
1250038403577655303
1266715872766431232
1247362794573500421
1241380992633450499
1268252930974646274
1238632474709831682
1244619192898400256
1245708972964941825
1243641723546411008
1245811971997536256
1262445240637624321
1264292107365183489
1241835416141074432
1251621747725647874
1252953803428691968
1253137828764102656
1261428755106422786
1259677442521935872
1238816469242335232
1259651244529983488
1249166792016236545
1239009981367816192
1255549274663911425
1240650083651239936
1244401068450238465
1254891382596124680
1252679510048288771
1255883148237385729
1256581993187377155
1242610761945538570
1237008373238960128
1240783945102475265
1250435363492904961
1254855320024739840
1238537472113549317
1241848053797212160
1246984598007025665
1256934420063367168
1244597017692774400
1240459003529920512
1241850938043793408
1256335820711059457
1267873015909494787
1243520807550226432
1257385095859748867
1237463566384496643
1251263346399227908
1245337370142167040
1243686999166500866
1240477853365436418
1256293843068215302
1255553175786004481
1242810754291699716
1237898438869766144
1261618890108555266
1252431606926598145
1240101448483995649
1244098076047966208
1245339315204431873
1242609094122508289
1248392372406218753
1241333071988895752
1251176858311426048
1243176146059120643
1244992002032381952
1242995475965513729
1237104735007715333
1259624811489300482
1241169732482580483
1250415137217040386
1246540985267609600
1252289415122161664
1255872329357418501
1239273896135856137
1237187911281500160
1241140133165969408
1240459001424424960
1243916147948486659
1247201739234779136
1238047456434302976
1245676011674615809
1263527641312907264
1238539073675034626
1238501110777667584
1242796267463376897
1239171731354537985
1266029889188225024
1248391599987372033
1250526507379953665
1246351996082425856
1245682620102557697
1245677820640182274
1241171330214637568
1253167145153945601
1244399779217584137
1244730836685074435
1260192441552035841
1257143427055202306
1239988907430809608
1241335093811195904
1236574812623036417
1250894072111411203
1243847898623868930
1241071650038317061
1267942261943386112
1238145471597678598
1239987496135598081
1245078144501125120
1261309019962118144
1258398779495059462
1251279623008202752
1237187875701239809
1250885417781641216
1246465940931436545
1235740841844436993
1242604999143759872
1245676888443564032
1241906157150703623
1241181609262530560
1263837584905699329
1238099225931583488
1251286031804047361
1260993187864350720
1245157653376045056
1256697875402240001
1262992805149974529
1250754170635894784
1242122667752402945
1244401515571417089
1235568879251812352
1254721223155744768
1244457948966989825
1264342975406125064
1239185362641129472
1244395892125372416
1257431838345367554
1264297851460476930
1249353495964237825
1246048138521083906
1262915917589229571
1239310578507755529
1251325312220172290
1261621026552717312
1247208868503003142
1254682811275055105
1264348353636315136
1247892360974880769
1247745105433255938
1253132772128022528
1238991069699850242
1244345169316626432
1267872284288651267
1247362103876431872
1261618644586553344
1256049360414093314
1242995663975129089
1246565815836643334
1239991955154784258
1245914129526751238
1255177703982075906
1239354380744306688
1241669040818589696
1242173332847558659
1249709434395336706
1243538941858525186
1250152123175784455
1246636913097953280
1248558810005995520
1240234957949239297
1252682695114661890
1249707130287992839
1238194080661848073
1245337347908087808
1237907427997233152
1240851895423557633
1252360734094180355
1247694586711101441
1252358122624016389
1239956048695492608
1261126526017380353
1257166682801557504
1239994232619831296
1257442104772526081
1239709267399184384
1240861294485479424
1252073883261427712
1263072780129624064
1239355714482683906
1244388278977146881
1252529876885798912
1254418582307471362
1238976738534842368
1246598470611415046
1239799453374177280
1240861614468993024
1245680660280422400
1261108900096548865
1241608996257234944
1253628177441861632
1238148585256095744
1234939192892850176
1245411753112014850
1253304379966402561
1238248627774074880
1249389263193550858
1262325836943970304
1250219439427117060
1239357835902935040
1240780630981586947
1270046557463863303
1265300438594838531
1248392094554578946
1239310294888984579
1255591371404128258
1238161209230319617
1238581919610220544
1255573762419970048
1240235654849667077
1265369441694437376
1245300658917576704
1243750743296876545
1244457258412584960
1246818361314549762
1252444385263988736
1262358076289691649
1239994245295091712
1239938420010516481
1239983910408400897
1238977726054305792
1237940535450652672
1251274492535607296
1238856072603074567
1250548847325122560
1238540023466725376
1255141071249477634
1246632795532939266
1240651161465749504
1240690860343226369
1262149456960598022
1250218220738445313
1261241558407528450
1242915987038580743
1249393451671658496
1264656262337376257
1241148305108803595
1250757930481324032
1237937490218094598
1238980886030417921
1245359310676393984
1250546828002631685
1240229958942892032
1234922519846625281
1236847898190581760
1237975090547101697
1249393181248143360
1256017377319419906
1247304721171451904
1238977904186449923
1261118510341726210
1263134125210378240
1252779668945633280
1251638203376971776
1249781673547509761
1247302667610869760
1254887750567944192
1242913275542732803
1236302839774928897
1256575596966162434
1242512749378383872
1238582192378445827
1238628346629697536
1236851373838340097
1249393568915107841
1237491677755031552
1242458809693540353
1241095787746074624
1264951053205868546
1251216626269204484
1237731453510828032
1252585587229556736
1249388718357655553
1258365478277447682
1237936946841780225
1244458527302746114
1244752612081180672
1241053093464334336
1239281466523123712
1259705635471527936
1238975751199866882
1267690758758334464
1262358314597433344
1243644133383823360
1258035473236271105
1241095740606287874
1240785250025975815
1244754332907700226
1245357315580198913
1264731555647369216
1243537559822700545
1246978250863251456
1246080732377886720
1237033121230569472
1252583311794462722
1254209524053037059
1244734564544778246
1255571904850792455
1250506787339546624
1256575204375105538
1253733694688428033
1241751294471266304
1240786810630012931
1242143017781407752
1247101958990766082
1254420616117190656
1245760349879533568
1241078331291860992
1245475236990070784
1245355979782402048
1243645235814637570
1248329724935503874
1249638650100568066
1256260630614618116
1244752454425686016
1237943416153149440
1236066989044531209
1257337879770128384
1260449258014158848
1245362025036996608
1251642719384096770
1245620527273664516
1237945097410486272
1243647828179574786
1236068298250498048
1238400150638399488
1244753216388173831
1238544853211975681
1236061309327872002
1249190190331170817
1237546104570298369
1237546641428598789
1237547192056836101
1237546421110190080
1237547416687009795
1248238538782642176
1237540984973488128
1245754899335430145
1249195449858379776
1238128620499075072
1244758154677796867
1245760322486616064
1237546214494617607
1242144019691470848
1269128924405075970
1237032015683256322
1256749927063060480
1237546736601579522
1245759370731847680
1236855662925230080
1261698459079507969
1261073689350672384
