1264555226503286785
1243596603677650954
1250747127728406529
1247623439378194433
1240054031134982152
1247624416739168261
1238949168267382790
1240752668668280840
1242494566831439873
1263216838487486470
1264163894924382209
1244434254064304128
1240942821051379712
1270526173093781504
1239267758283636743
1255542633520340993
1243332985794985984
1251167043333881858
1252929780925816832
1250936350586605568
1246997283893362689
1235711752639320069
1239259324817584134
1243696766316404737
1251595608542138370
1253364653201203201
1262354366461288461
1249749365838819329
1242554265043963908
1247333306351435777
1248946329033867270
1244794739595100160
1238637018609049605
1238867261810708481
1264549230493958147
1242941105827651584
1253077577264238594
1254130022337650692
1239812707571859456
1245064511050129408
1240296654286270465
1247260810709274628
1239367951641436161
1248388329306853378
1267652096549101569
1243048298262532096
1247595159635853315
1244452110239924226
1244084494497271808
1253006921742909445
1241876035106463745
1237510622624878592
1248250261249740800
1265634624459476992
1236267927101476869
1243274973285879809
1241757053099655170
1252647228780490760
1256980347092377604
1251934653537292300
1242547129425543168
1254952837349609472
1240931496694775810
1239371613910511617
1260206869118955523
1256414333271257094
1243328681067642886
1251327080060592129
1269674407032754177
1254553323870605313
1250134291062886400
1250134469127872512
1257711176156413952
1254446256702795777
1241827672172396549
1238647460182085637
1238197654779281409
1235177089831260160
1239191972285464578
1265006420782710784
1257769595399581696
1238532779002007552
1238656405856497664
1246912589080248320
1243649300934131714
1258517612213854208
1247625502308827137
1246102755808284673
1265058430471020544
1248976371172495367
1239556792583172096
1256485212550242304
1244431505717211136
1245538738618449928
1240944310134112257
1249654194115665922
1248972564640215040
1237719266176241670
1268334291999764481
1242590186669846531
1239193091271204864
1243654200954966016
1240745907064320001
1248462622631972864
1253160952033243136
1263218988064145409
1264246771724804097
1245071233928114176
1260212739198377985
1255694246717411328
1248970686984531968
1252606031206780928
1243881201808617474
1241403695306285057
1253887057556049920
1253416856511111168
1256001089024995330
1239489562809942016
1243705785005244418
1238450293160980480
1247282824568360969
1235949394488410113
1236505414671437824
1237286516122177537
1256407008665886723
1252565667246747649
1240754940865372161
1238914364385697793
1248972059717312512
1245051604606345217
1238797517900439552
1241881637543174146
1238450141318823937
1247950497606238214
1255390370999021570
1235945358167019525
1262354126047936514
1262354181559668736
1238863243856281600
1241088447768559616
1240306255522140164
1249801221990473734
1240981726672965633
1262454880045871104
1250904167448809475
1238658616682524672
1238297713336299520
1238910547229360128
1240163995300044802
1269596845401165825
1262454534657499137
1256300606484086784
1257302231398875136
1240754148779479041
1243202913582886913
1252040540935327744
1246578913561776131
1257488378238578689
1246915727174623235
1249740058602745859
1248971606300545027
1262454017755615234
1262354315097882624
1256405193924755459
1248439456035733505
1270592267682828288
1246910356397723650
1242712410986856448
1237065592290586624
1251348157482569730
1259638636338872322
1238655991132102656
1254872568122744833
1246426705310474253
1238862957909549061
1262454161557372929
1252677481108246531
1242452564970479617
1248436636930772992
1264635304092278788
1246180502907863041
1243199450828484609
1248040291757690880
1262455275426111488
1251664211362615296
1247167213737406470
1247625111529754624
1244427292908179461
1262454697270673408
1237813245039112192
1243910850240483329
1263440575526850560
1245128695569932288
1238039734892613633
1243694624113397762
1242527265172459522
1244629685327314945
1236838508569989120
1250830871680159745
1254748229696204801
1240886581856215040
1239259966437015552
1246071870040006656
1262735982216073216
1248398878728015872
1246960680227479555
1262510053967486976
1263208246971678720
1239897165683732480
1260182531833581568
1251851455201447938
1247281764848074758
1241704612308140033
1263651403546968064
1256349875941380097
1238302829917470721
1240776428909727748
1237835237247377412
1240308743088164867
1260555533637091329
1262421372694921220
1241049968149966849
1238913114843811841
1241110510654947335
1254446424370094082
1258632590724141056
1244388753994649600
1247281357354606595
1262454245384761345
1250107588802469889
1240290137285763075
1268972849794093056
1252400878977335297
1262352787054235650
1266781266814423040
1256279926673727489
1248317116417269761
1248221810988142593
1238298749149106176
1246058747723735042
1244698209437581313
1262454633693396992
1245894497671827456
1237150698858561541
1241709296179650560
1242541921005965316
1258218222266048514
1239908288109690880
1241462375565471751
1254573026445844481
1240752873128034304
1245550745287561219
1257621602210111488
1247243237615640576
1247863503353937922
1270348697361154048
1247226705074442242
1234933313812516866
1242191925928693760
1238204449518206983
1247631316394409984
1262101909730705408
1263200908848095233
1247583386807537665
1246265224732303366
1259891845376720902
1240310144229048321
1267725236851613697
1269926343950598146
1241477326254333956
1251347522410483714
1265007322000175104
1269798462821937153
1246419807630655488
1242585106088329218
1246807607433744388
1240337053541335043
1263490750689480705
1258448642085658625
1245534252436992000
1260932006164066306
1240097230138363904
1243269410753839104
1238940507239337991
1242162062631079937
1259912977131679745
1262353397497413632
1247643323675947009
1242950326782767111
1252607532725608451
1245427972045180934
1246168409945059329
1243239865606684677
1239649923072774151
1247669749959589892
1255714391284203521
1264970299235336195
1253810842921054209
1242543862494756866
1252603489471148032
1247645195367309315
1237166326449344513
1255543121502502912
1243362751872774146
1250802311196225542
1244358217141903360
1236699516872667137
1252322322306007041
1252605742722547712
1252195261356572675
1246158469444636673
1266890348070043648
1250454398381195266
1237134357611130880
1244253026677936130
1236025001314304001
1245821551972237313
1243055736868999170
1264674144815284233
1254466309867405312
1249378688438845442
1245886977335087104
1244219892250877953
1243732385725808640
1262353025278062592
1239323697267310598
1239527768423104512
1253887288590860289
1242544366654230528
1236130063831228416
1246608914935881729
1269023165562454018
1242274414873513984
1247663501352583170
1262814940945137664
1244581029207212038
1239198984348073986
1246856224479547392
1247263828204752896
1251562988240281606
1243264490457751554
1238660228469657604
1265995342660673536
1248036636505636864
1247628164899246087
1247665252763938816
1245862360444633089
1247631620552691714
1256634489591250949
1238649670051790848
1245324741780606977
1245897269745979393
1244803271484735496
1238507751430594562
1253654676731359233
1240163167528988672
1238968881160609792
1246191803914768385
1239262276865200130
1248993031069618178
1247936945268953088
1239259572658937858
1260680991284310019
1254436532989149186
1248318813587808256
1238711880513880064
1235190798918062081
1242253065815830534
1253054193507713024
1263821886187847682
1266767365053788171
1243264850169606148
1243264948324765697
1265065269300428801
1240750323498713088
1262563483306123267
1244760193331875841
1249336301637087234
1239754424735629316
1261339891587092480
1260719997715992576
1240304188439044097
1238278507668660226
1241553971371638784
1242554168461742082
1236658212478337026
1247670019602997255
1246092901945241607
1239559804328312832
1248298721537859599
1245463141821173760
1261824398883008512
1247283008270368781
1247617146697535488
1238816640298598400
1242193046286086144
1238267598518788096
1242945337548996608
1237210446983299077
1239579216150237185
1243703531128918016
1265026739639668739
1237137314901561351
1253023078399053827
1240981932734849024
1246850688229036033
1252601342658580483
1247261865140518917
1238652051426627593
1238913641832906754
1261380127319117824
1248253754132086784
1269398135589273600
1242821731196289024
1237455690366476289
1245060282214428673
1240375272517533696
1247672738023686145
1237837781730091009
1252796274224529408
1267432725193121793
1241536530545618944
1249454761163796481
1248640385934647298
1240748499051909120
1241837314617335809
1237222014101983233
1255108565464825858
1252386731950661632
1267533332922982400
1240834276410765312
1240837361283596290
1267593010855936000
1258024969155547138
1244288848751988738
1240309909096484865
1245122433411137538
1246181310718267398
1262009329772888065
1247628182041354240
1238453631659069442
1237154099352780800
1244727530256556038
1243628660290183168
1252308119528579072
1241891330512621568
1242221928481423360
1242440535874437121
1247402458177028096
1243701681684176900
1240776759785725952
1238968315227312129
1244369120671543297
1234952857188782082
1242259255425740800
1246497617036574722
1238932656416587778
1270091667945787392
1243621497740169219
1242820914850512896
1258553098555006983
1238557974433587201
1246071490967146497
1263260041299275785
1243264783631220738
1241206909186826240
1249394040736559105
1246605860534726657
1263094325581316096
1245804221196361729
1248399066775486465
1237850718930735106
1239974495709872128
1258142858336501773
1235696947509555201
1248294408069484545
1242527806279557124
1239411134358224897
1255960354477268993
1239375263571554304
1240881984060170241
1249914875679256582
1238647622845575168
1251707088033767424
1241903297402994696
1241903767068512258
1243306241088258050
1243283375999397888
1244266362886897665
1253030017103061005
1265134929580625920
1260197251537928192
1248683277654900739
1247668438723674112
1254780092565217282
1240836749112246274
1260550178202882048
1247504588485394434
1242557398679728134
1257301210702458880
1239336935975518209
1242617409900556288
1256898526665113600
1243519818529202176
1244911968751882240
1248351528961937409
1262454468618211333
1245161948746002433
1237140127618666502
1240981530920583170
1240266595357863936
1239368766821105664
1246608488371048450
1245865174570946565
1252689588675624961
1252328532371521542
1242977373521424389
1237051218339532801
1255482838549516293
1245436520351268864
1246387414945484800
1240610959569424384
1246311177728200704
1242138377186611200
1266200759579955201
1240264186682396673
1241651545063776257
1261045268402900993
1250725460838879234
1250095134299033600
1238664247292440576
1258071763461832707
1241555705364168704
1237898238390394880
1250842051228381184
1251153234757992448
1244086660612214784
1245273412127391744
1243269357842694146
1257779093900165121
1257028339467980807
1268354501599285249
1242865090052984833
1251161904308817927
1262532797232807937
1240821433070243849
1264327127090028552
1240760709572636673
1258553143597637633
1250033288158285824
1240747094807363585
1257288735483363329
1238219238009114624
1244958807995887616
1250554271629815810
1241050350976741380
1262352926594531328
1241464849072304129
1240738081864474624
1247632829137240066
1241841641109020677
1243269464017244169
1261049673831366662
1255270256269983745
1259089207189999616
1237841401120829441
1250026263999381505
1243234551020826627
1240399184366374912
1269011627157962754
1238142369112997888
1245327065638940672
1244030699620966401
1250427735580610563
1243264259108278272
1241872908152160257
1252239320855056385
1235058637384511491
1265134983024386049
1239535926361100295
1249814528856133632
1247259131150467073
1240771564481716228
1242970594783698949
1250524720644141058
1259531242174844928
1269632982479929345
1248976115613552640
1240757014344749061
1239086039962173440
1255892078988492800
1242488564836900864
1265131607134015489
1263093840346599424
1255665770366930944
1249790654680649734
1246581466055786497
1243622922809421824
1244673953358065671
1252272723109306370
1244795093200121856
1245122481188454400
1258482914532175879
1243379823289880580
1245328553467695105
1262550137064361984
1242659297882001408
1239650522593976327
1269756912540803077
1265088950294773762
1242648745554128900
1252320192618692608
1238988322627825665
1249799458373677056
1238967632805715969
1237915900428386305
1253741707247616000
1239324139225309184
1253438895154507776
1242671001630126080
1238060616511893505
1246207736255320064
1269008269370146816
1248653611124641792
1239758594914095104
1238132313814224896
1239215503056474118
1236839173228769281
1240638939385548800
1243269117009944577
1254199649197572101
1262712588204412933
1245202851187625985
1241127434109562883
1262455005208068104
1239543363453550595
1247667791391600640
1243264814488662020
1243264908982194179
1248218335453556738
1242657353973063683
1257783412326387723
1248778499650920448
1245720453055987712
1237931042939588609
1242710166178607104
1268718193125834753
1253922334395826178
1246222094284787713
1236036319635288064
1245779052427911171
1249898902599409671
1236282512831401984
1246122381623599106
1247664314498068480
1252690143183593478
1252948432995659776
1251894188641333249
1245116736522924033
1248297827664527362
1239262863346339841
1248612927550009345
1244425053506342912
1262454786852610048
1243501941633814528
1238454726594899968
1244970972798648321
1252187155461480448
1262807169507958788
1239542687289823240
1268785840588816384
1238495453420888067
1242708910018002944
1252748373603618817
1236424422883459072
1239362878119051264
1250454607786106883
1243877856272355328
1244694597848137730
1252948380285906945
1248745418655240195
1241007437743882242
1253424972480917519
1240970101391798273
1244370075647385606
1239263739632857093
1242160743346327555
1241561485794574336
1265382726368202754
1265484899886215168
1239388954161446913
1261948922538479616
1238685566289489922
1248246513152622592
1242222911341105152
1236339391150333952
1259432182751342592
1246910178404061192
1269070275200638978
1240823511066775552
1240823879167283204
1257032898189971456
1257681010822651908
1262354240334434304
1237915095759573004
1267887392805060609
1248605869631254529
1261401355832434689
1244603684929093632
1241869095752040448
1249685133919055878
1269599588811526147
1267223886569095168
1240767092212842502
1249812474607685634
1257470592527273985
1245040081817276416
1242488803345956865
1248718739161391105
1241481558034448387
1234993040147660801
1238605366654578689
1243869140311474177
1245117999742357504
1245428516184784896
1235617875177730048
1245116689840328704
1241420787392958464
1240636507133706241
1251127716306399233
1254253665768091648
1241514915086688256
1258152857687203847
1239779253836709889
1242625489078009856
1245071582281764867
1247254514585030664
1262171819567538176
1237470531940573184
1240741368458293248
1243710957714628611
1247301013666701312
1238134210910699520
1247627453704605697
1243264457796657157
1239616531354374147
1246245225493864448
1245330199341924352
1246520607740694536
1235286801717301248
1242303049202307072
1260732967644733448
1245193756648837120
1243264989026279425
1259946129455812610
1256060077573840896
1239537968630513664
1265028927266922496
1256591050346565633
1269637408418598913
1262014142095003648
1254919333257625602
1257522889856888834
1237371444809682946
1267004909125238786
1243985055795552257
1245424262653054982
1251124214293291009
1240724960382984193
1239732168898818048
1245043245677195266
1239042457108729857
1265643086392197127
1254873943565107201
1260234734132776960
1234920093592760328
1255537600389136386
1257848207494778884
1238612982256541697
1242466595319906308
1240411432031850498
1243624256921055232
1240741381875871764
1257859019311587329
1237128882198896641
1267129203121586178
1246057750142095360
1237810298314043392
1239759948353069062
1243164485789143041
1250825024975572993
1249002039293722624
1237826857044754432
1238871570002653184
1243876996364541952
1242884369573953536
1256188156979875842
1248321134946369538
1242946691709493253
1247974541067943936
1263961196056674305
1267541020880838657
1247668671574609920
1247588964543926272
1252195900602146818
1244959172782940160
1242631323900162048
1239668612434202624
1246133653681377281
1255564912446799872
1260232461151281155
1269222624388952066
1245462729378406400
1247614821345918976
1241613989257318400
1248695855437230080
1240730230085615617
1254835555495526400
1244027068200992768
1253707124926005248
1265317487056470018
1263439399649501185
1256005816617807872
1249026035045326850
1240801640686510080
1241385543969234944
1243197165868068866
1248996384726007814
1237578649798205440
1243306861014761477
1246175366051434496
1254814113307426816
1247627266886176769
1239642196556603392
1265376106145816577
1247523982821044225
1241515513404182531
1253267710076731392
1262469219016421378
1241900776525565952
1266719581969801218
1243291929984499715
1258130667378008066
1238651817640239109
1257327856486682627
1236267686474153984
1252428497869406209
1255199571887742977
1258380519722700800
1241872425341595648
1243547620783636480
1241854809386426373
1257656869054791680
1235584608068083712
1247293796041338881
1246509541723967488
1264110577686851586
1244698266912120832
1237915896754176001
1247124318154305537
1237113691889336321
1240417573063270408
1266149598323712001
1248594068948447233
1246409724859473922
1248057634118344705
1247280574340964352
1236449010292076545
1248972554720677889
1240025685680414722
1240608920013615105
1245709849125703680
1248617234529832960
1263132840927145984
1243390863947882497
1260233819455737859
1237349853723754496
1257416141032558592
1243271684553048066
1237112536383787009
1243714845956100096
1249681606924787714
1255508555786006528
1248660210685747206
1244062429769797639
1242977852917714944
1252324661804912642
1242545837370159106
1247330486869020672
1259899202622152712
1252613341744451587
1256199160170233859
1243274363912232965
1236279834155921408
1250841174677557249
1252031164740763648
1247415223079833601
1255556685269291008
1252125902026260480
1253190327592198144
1246137751604531200
1241508394646765574
1248596112690352131
1246454679338225669
1248353392742858753
1242223033391157248
1241843540004610048
1249469820052967424
1245125256987185153
1238512498309050373
1261051137068802050
1255344680386117635
1242012579259654145
1247840443490078721
1240824474607460353
1249038671157886978
1247508280538206208
1239371063919808514
1241868571275407360
1246431426209292288
1255199107192442881
1242620546745057282
1250459702867251200
1238928121430183942
1246875775527198720
1248997979253506048
1250093748601655296
1241520252137209859
1237917846707089408
1252981102349877253
1265788622550241281
1241450660131995660
1242348455487471616
1245442702239576064
1245342345236811776
1243289650221010944
1244939683286712320
1238880795768619008
1260929636432842752
1241863984007045121
1248746602753396737
1257853012208431106
1258836033740976134
1255839853146669056
1269695835119419393
1238925993819209735
1257326228601802754
1237877844954329088
1245138556550549505
1252396668860784641
1252951452445802496
1253160701578874881
1236015210181296128
1258156223049785346
1245549665241772032
1260411029105803269
1240696619466518529
1247704643804807170
1246462576348803073
1235940167648710657
1241342554525876227
1238924236674289665
1246052157616459777
1248700563166035970
1242890564338663433
1251296196401999874
1240254443356110856
1242409347537387520
1249134544902672384
1237873637220220929
1238533593493917696
1252191929300848641
1248032662033518593
1247784977590149122
1246181843440984064
1239769929018216448
1261471880365707264
1249871148449501185
1255888891871191040
1245492445938409473
1240333396955586560
1241449338427060227
1253846023702745088
1243911361966551040
1260910220345315330
1247729696416174082
1236614639984750597
1237535120447270912
1255630374245367809
1245879424240795654
1245828696532975618
1236021722727559170
1246061050253979648
1237409657767038976
1239545069801267200
1242258465537568768
1238112065006579713
1247709261976817665
1267540569066217473
1236016801810612229
1248645861770432518
1235390088386879488
1261476838335021056
1241769421384941568
1240471238901927937
1246258013763252225
1243901994223493120
1246259304015040517
1247475732370128896
1235703445690122244
1264411955663646725
1247473490581688321
1242622849837412352
1256656112021131264
1239920892299415555
1246740413718945795
1269343195047038976
1247192085830213633
1252573081761185793
1237505220697096194
1245342160880369666
1240084871760023552
1237863933559504896
1261106728927735808
1239767336376303616
1254849323138981894
1260565143219568642
1261734760759595010
1248600780728401920
1240613756725538817
1237354272465002496
1252985087077089280
1242077461690679297
1253777229567451138
1238479344235937793
1241800321745158144
1266815848133640193
1257369952937562112
1248705313735348226
1255132750757101568
1245917122192015360
1251355163228504064
1249508888912723969
1240019436956012549
1242068684866301952
1251881238987759617
1248406568183320588
1243661049116622848
1242221980201476096
1238804530776719361
1259984852977360896
1245383351395135494
1244759989648056324
1239943754011815936
1265325622974386176
1260186749915070470
1236687615656701954
1247512551535128576
1238622436117155840
1257451001306644482
1242888314576912385
1242071315701542916
1243277735889375237
1246454191163428864
1253478903475290112
1242232851938099202
1270048167996899328
1268472903928029184
1242626579995426816
1238624776266092544
1246533959556771841
1245385340191420420
1248968602893594626
1251958381243445248
1238007892307054593
1238916616416616448
1247336367903977473
1246439848011010050
1240965374205722624
1239944244334395393
1244410941925724165
1248324246176182273
1252922944847839232
1248612971896430592
1255260398707789831
1248939274076073985
1236021766897745926
1250442777155923974
1258552381597380609
1242234736506011649
1239721082711691274
1260545381991145474
1243684358571143175
1240146220582088709
1258134467790737410
1242882153777696769
1252743639706591234
1237655935398694912
1258584556741017601
1250054664307048452
1249444218554273792
1244834222877151232
1248703323726905347
1257116451212836864
1245581953186689039
1242933207114358790
1243676599695876097
1266168918500147202
1238521348865101829
1242847723444985857
1243930982979383297
1239389783505408000
1235240286814711810
1240081876691439617
1241506130364379138
1239638631654084610
1235662044365385728
1258432740308987906
1238130792091373570
1255631378659540992
1247687980745142275
1235611820506771456
1243264143442038791
1251620966217777154
1265426152702820353
1240085263109574660
1265463764674961408
1251866391898185730
1239954752546324486
1243907141733429248
1250553964321480711
1236647490323177472
1248612564990169088
1260034687113654273
1240791758667202565
1238157514278965248
1235035877409280000
1239712372983574529
1249491293903949826
1251818917464604673
1246174870809063425
1251704177711108096
1265503899668172803
1245943876919140352
1240016858285314054
1261759735843430400
1247529249126273026
1258431069776470017
1244406629401079813
1248407680663707648
1247999566051282945
1243622922364821506
1265308402365992961
1249801692356448257
1260364744554405888
1256060973879869440
1242236556045438978
1243892188506992651
1241138623275302918
1263497233967853569
1245832090802892801
1251682154511323136
1243730181581426689
1244103330399469569
1243710188487462915
1240792543056584704
1235253397621739520
1253450501338824704
1259205287036309507
1239694260666073093
1241140718283952130
1245687204703281153
1239162486550642688
1270134871847993344
1256305478348337152
1263178206426861568
1238915563168116737
1255669744809791492
1252336366626713605
1242629021189496834
1240116022822211596
1266489298259509249
1260551181497241600
1250041681778540546
1253144675084623880
1258807754518659073
1249874542748729347
1248972544817930240
1258215983166169090
1253059094921064450
1238063435734306816
1245157862235688960
1241454135775498240
1243481791522123777
1246223331621244936
1251877857745346562
1240019927014297604
1249871924097880065
1246416451721977859
1244720866027593728
1257799055809425408
1237877794203242503
1252018526350716934
1244339494922473473
1236991381689769985
1237925222180728832
1237552853561925633
1248427880024920066
1238421408235085824
1234950196850806785
1269390019149561864
1237859678056415234
1247497352274948098
1249869933443457030
1242637368030572544
1249686483058950147
1238437489347567616
1244660011458068485
1247473877141327876
1251843675962970116
1250168665091293186
1243896378687983616
1254921113970323462
1240367013945638918
1245836167750311938
1240674960416411649
1247149829836472320
1267876639003811848
1267623525998825473
1259827865153081351
1246229410962907136
1253844764098781185
1237059605294985218
1256190404099219459
1246871917568626689
1250248451381694465
1245509591523352577
1235948912961257472
1246227880645996545
1235072378624868352
1249512807021895681
1241834057035583488
1246931281142824960
1246461064092561412
1257055148603473920
1255188589387960328
1260991566665191424
1260005090552942594
1244591343525072896
1235543526747901952
1258046348076765184
1257851118094336001
1248949631163211776
1256273262381862912
1255249228286353408
1253372523393298437
1270432996470992898
1240014353937707013
1244000716471128064
1262099318225469440
1256473744777895938
1243174673606742021
1240045889693024261
1236111883280805888
1245854579868061696
1261050966226415616
1260753205773905920
1246035451896639488
1238231630499794951
1245221885954215937
1256013846407335936
1237961552357195776
1259989507601989638
1248601180583931905
1247732185458761728
1255897774241058816
1245003632631783425
1238924530430640129
1261629274836160512
1237859146281574408
1243141530686193664
1250644108265299973
1254991193240489985
1247693568225001472
1240413768913428480
1247683430353178627
1245712672479481864
1246733495554146305
1241943104527220742
1237864980017336320
1263624347887034368
1248377180700065794
1249847995023142912
1238157840793112577
1253131553699495938
1234948580810665995
1237712967711555585
1247616018538729475
1246405440197427200
1240904776235302913
1237999286572453888
1239589386641199122
1235101905111511041
1253138401903206400
1250207942776950789
1242256451420241922
1241115090285363202
1258149601414012928
1245511522207621125
1253341185315405825
1269654395463110656
1237859008775512064
1258908917993746433
1248044438884057093
1239750171963133952
1246459723915956225
1239852898265243648
1252434298583449602
1240761254366646273
1254498397119283201
1248644730587697157
1244353479038119939
1262770941760856073
1246461225363484673
1255133912914780160
1243674496462094339
1262488653781176323
1255634021570220034
1243677605439713286
1255247420524503047
1239482552643203072
1267842545255698432
1243349988421316610
1238832729845837824
1243966130366144512
1259321504174673920
1245520504057970688
1240714232078848000
1235389820748300289
1253067532451414016
1262445886283669504
1269250306321367041
1246281358399414274
1237378542037618695
1245016840352522242
1243988552062586882
1241453405266227208
1237098437805563904
1253333853915148288
1238480131494207488
1257386851482177539
1260007242838892544
1262068357710348289
1247693840481488900
1248592139300323328
1246460525954957312
1239342848706830337
1268704665975341056
1247155694077382656
1241862128417603584
1247266798464118784
1235971023654264832
1247214078747127808
1242966755707883526
1241028439072743427
1240685550899589120
1254034601409945601
1245811980658708481
1243155334946066433
1248779258199228417
1266453274540081152
1269381249245892608
1256703519622606850
1239505453735960576
1242482176282763265
1255153762362146816
1264309336421085186
1235665835374637057
1262445712945696775
1245081040584089601
1245559499072712705
1249821386295709698
1251817820981211137
1240150397555179521
1240443745608314881
1239945470421729294
1245502424661581826
1240119031627202563
1254057818807730177
1238247807141756928
1241157308945661953
1246907011972976641
1235737753008013312
1242695332246573056
1240367383715299328
1265747813801103366
1240024248053358595
1255520639345180680
1235971328001413120
1263893294284767238
1265470352127336450
1253747544452222976
1263101264667250688
1246405906247671814
1251119280046948353
1251859828177358848
1246237972372037632
1238286572929376257
1250594317724516353
1253134023624359936
1257497166504960000
1241858256609390605
1255187841891606529
1244825993849778176
1246440984034054146
1262445982744227840
1262445776006975491
1236582000162754560
1247529418257395716
1236081494675898369
1263497947557347330
1237868423889084422
1242835363128893446
1244687967144247301
1243685962921717760
1251291011801907201
1249353376057503744
1241865789361266688
1251693175321825281
1247360873259241472
1253288953106452480
1245645803508523009
1239315627925479424
1243372107096035331
1255444354937884672
1239162385027432448
1250849854181572610
1252225521565327366
1241168328397373440
1250174028125548544
1239546190120747008
1262741227033722882
1239048967758983169
1242608276480700417
1246136992301289472
1239955288846811138
1242640933570502656
1267240404363214852
1262770281434746880
1242566894776979462
1243560812662476800
1237884571938512897
1254786557476667399
1261434004785504257
1250894734220034050
1253826400479580161
1253472668835348483
1248377410107539464
1247159288658890752
1265436418450567170
1266402741745745928
1260561012698333191
1246843641815085057
1238921169950199815
1243720732183576577
1238212494734372869
1251244379903311878
1244962303059144705
1247992322891173890
1248163942972735488
1241485971029397506
1242893609264975874
1237198476880076801
1240145830331535361
1243566531260416000
1260972592921485313
1248002849637834752
1240004579741306883
1239290061209907201
1244863232906539014
1242922314284634112
1238257779279831040
1235652021727956992
1248052009258942468
1239988185377243137
1238193375674761216
1262446060884107264
1240279017489666050
1250048714783232003
1239634919783043073
1257694840067952640
1246442371816054785
1262215844001652739
1247293763384414208
1254791561893695490
1252361806946787331
1246175761326919682
1263802783460929536
1254744142388789249
1251213646975336448
1237690458874081280
1262386002469027843
1260308975498731521
1264373659700953091
1240446947598766081
1241149105298190342
1253299648707649537
1249491632627556352
1249390382980489216
1268295642599784450
1250736134323425280
1240311597907742728
1247265942867980288
1244386907188072449
1239338715450871808
1239021673803911169
1243576991330316289
1240459554070069249
1241492431381696516
1269084188747186178
1239155716243574784
1241071414905573378
1237846172338798593
1250875355428249601
1239314308615602179
1239637235424731136
1246191025821044746
1240237071396208640
1237846371001987075
1237482710978842624
1254816272770109441
1249671424517844994
1248586628702048256
1262445654925770753
1249869499177861125
1242641139615830017
1258143717761966080
1245518152928198656
1245380558437433344
1239670827559399424
1237689438832123904
1240810801608503296
1256318452467470342
1243194201929637889
1246250160713326593
1240451949197131776
1236326069919256576
1246285274834964481
1256563313338732544
1260878507418083329
1236352150890074118
1244381445369606144
1235729999551959040
1245490674243457026
1250060230735663107
1263591409023504391
1238543862404177920
1236995321424683009
1263501016152113152
1242615532995710979
1241162147763294208
1237875423133884421
1236711957467729921
1263841719528894464
1243579025802625024
1254035810615283712
1254790467276832770
1253797183222145025
1253701930649628673
1235765975565377539
1242905471654248454
1253288522641018880
1240321355310129158
1237847619700838404
1245494582126747648
1244352870474027011
1264913070238900229
1262445833347387393
1243714923680628737
1249510064467083267
1247541213474914314
1239034006945107969
1241833246608023553
1240081995016830976
1255911082998280192
1236020929521684482
1250622444240592897
1239983525383868419
1251118773467217920
1252621641831591937
1241039890202136577
1254792717118459905
1250526586085965825
1248049745983135745
1238633142992474113
1246569778849906690
1253321155756396544
1245479548701020160
1258924774690107393
1240458068745424897
1249314940625866753
1242479870267011072
1246055440607215618
1241762359334535173
1266392141351313410
1242616602383855617
1247899084116987911
1238787348927823872
1242069213734469632
1261321816485908481
1245708976874012673
1238540780144394244
1243341674601947138
1258214564287721472
1253473247024287744
1250731466604101633
1270399285327167488
1256789007725481984
1242562901405249536
1268521490326212610
1249806002800791552
1266357179130482688
1251865384883544065
1238977165380784128
1237935659911962625
1242642476474806272
1252299882611818500
1262743846263287808
1247903816986423298
1239529375860756481
1241236801131601920
1255208908047749120
1248768707242921984
1265762136162291712
1250169657950113792
1270313748234985473
1251949074946932737
1239032384613482496
1246615801127473153
1263987438839566337
1252328940171079690
1269442303720067077
1238069415809290241
1251341400832126976
1241907453069049861
1254262816099446788
1240487204448874502
1244243297322831874
1257018799737495552
1240462221651689474
1240105064418639873
1245840451724292105
1257725885161132034
1238889957437190151
1238604173710626819
1259649807842529280
1249009795274858497
1243658475114242048
1260248475549208579
1252977624755904512
1258021007702593538
1257013677930225666
1258855415414226945
1243225965079203842
1243180670165409794
1249164475246284800
1239636203089072129
1254821145427292161
1238166080138272768
1252004333778087938
1236347401314721799
1261035757051011079
1250892114021449733
1237194791693271040
1237007186762567681
1243607031115911171
1246973562281435136
1250404764506099712
1244242337313808384
1238630758719291392
1250413725548494849
1265459193278070784
1266130230114234370
1263946107790307329
1244743403436494858
1239244799875723265
1258391717042143232
1257454261702721542
1242461323977535490
1239722137012908038
1263311045344575489
1244189901945479168
1250933294625099776
1236077044695474178
1255287249131966466
1241072072455008259
1240650474736549888
1238255423121219585
1246989103201161219
1261621782773141505
1241911055770619907
1239289783064690689
1258388534802726912
1245705264722034690
1243947747960598528
1243605857063010305
1266448320790171650
1259851276671729664
1250165575256596485
1256566559775965185
1267865345873903618
1246980253676974080
1245786529391357952
1241374192173490177
1263284873327935490
1252429672249323521
1242567860196651008
1248637917989343232
1242361792715722752
1239795547411812352
1250005670855938049
1243954046760890371
1257276874302132225
1245335527252987905
1240351462053556224
1237494333672169473
1244352910923911168
1255308251111047168
1252938796045340673
1238224749211332610
1265462750781648899
1256466979424067584
1238098525302345728
1262830593777295360
1240842300177158148
1262446266203734016
1239013829192843265
1252783464795045888
1254246058592538625
1239018216019693568
1238195845771780097
1240650061790527490
1261318967374815234
1266580483388977157
1251213438145134592
1244398185772208129
1242458372819103747
1245503956140392450
1255489661016965124
1255489904353697799
1237843692464902144
1246415325073203200
1237913582085562373
1253686064008630272
1251218390368346114
1244401943826632704
1241375397335502848
1263671552526123008
1239018273519304704
1247149909075202049
1238855588521693184
1239937052411662336
1240151026583449601
1261623210174492672
1265624679269535744
1243954030948298752
1238061829601013762
1250115651232022528
1238540781247500288
1238099313034592256
1250047113330937861
1262937404983463938
1250527539480735745
1248902722000166912
1262921265192620032
1243668706510753801
1262498958011760641
1266156378130915329
1246413483262042112
1242455920447311880
1246412449005395968
1241848936857509890
1250890778135625734
1240482311914782720
1256293327785398274
1240157762505621504
1243687754061529090
1255587390284091393
1251551010918674436
1247201980705095680
1262556550989787137
1251302319804874754
1245917894153621504
1244349583112708098
1262446156409450497
1250402540992200705
1254041519159377921
1244353407881797632
1265804393401769984
1239933995456094208
1251215478321790982
1240784688928763905
1238247577952440332
1250499805371158528
1246833914561417218
1237871762483728391
1241073326229016581
1241831337520181249
1255946865356476424
1243533068012527617
1250398805565956098
1245079780845903872
1263925743618318338
1247894865657999367
1247236221102940160
1265368347656572928
1261807700255674369
1253703538926071808
1240014978675019777
1254896846511759360
1243154478469087232
1244398257998094336
1261444491099156482
1254819675625701383
1264654248660402176
1249783985510678530
1252426647728349186
1240087648510894087
1243027992961482752
1255575895986843655
1262061370499117056
1261445630074863617
1237937551484346369
1250787061923266565
1242056341939785728
1246631936354848768
1261448210020659200
1239499025793126400
1252449690739789824
1246567552601460739
1264911723120787462
1239989958460481543
1259289377374646273
1263067645034799105
1245395805244207104
1266534773729755136
1269946566590246914
1241834525958852617
1263537031726202883
1239354681647923208
1240450474299490305
1249773251980558336
1254209453571833860
1256785253823381506
1250881896273391616
1245674383873642502
1244334914322956290
1252779810671255552
1245413206216056836
1240021316943699968
1250545870506020867
1252782228544897024
1241069355087036420
1238070177184591872
1259186673923100675
1247200944376492033
1245166320309723136
1242997096598237184
1243914707595124737
1239981943816667140
1242799059766738944
1243536062858891271
1262151083813752835
1254497670846087171
1245917243835158532
1268863386047205380
1257888652736303104
1260889652657078272
1238165424396587009
1241142726533492736
1252723530321604608
1238161565372866568
1240561516375609344
1249091495820513282
1240312056856940544
1242991923595481088
1239126336096161792
1242993188253716480
1239500130044260352
1237730934281195522
1242910298782269440
1241091425690890245
1259818788326785025
1253192036204843009
1255585976379944968
1262120332770541571
1245913550368972801
1238980590751408128
1243589010724978690
1243021232783732741
1244864238558089216
1241608390645813253
1246466172247302144
1260998875432787969
1247868820196413443
1243206068278304769
1238966993228828672
1259285519210594304
1243539493535260677
1246083586685423616
1245673552646471682
1244728293649272832
1243647065198071808
1241469178130948096
1267191385024876550
1242178784977203202
1255142048803381248
1265373676129660932
1245185295366197248
1254513612309303296
1246082715281211394
1249825395559534593
1239281469530521600
1241078053788430338
1244622116546392064
1248233500240687106
1269826930720813060
1243016726591176709
1268192921108561921
1245183948604485633
1244864663508189184
1244752838997217281
1237030540609454080
1239964520354680832
1246086230544089090
1253807438496759810
1246084157614313474
1252777677221703680
1239312308263927808
1242262807401443329
1245474685736927232
1241752762930561031
1249826987813801986
1237941654956453888
1242141079715094529
1259474484001673216
1262540513535762437
1237030546989092864
1256262108314062850
1253803397884641283
1261085839355936768
1237030533298884608
1249824882751406084
1245472137189773312
1256729708965834754
1243588417079951362
1238127492097093633
1238125076886827009
1237546582616059904
1260730726154190848
1261697706633854977
1238129474429829121
1243245880540639234
