1257415360405540869
1241197026987126784
1239595208599273476
1240677048311570432
1262125910037274625
1248459701311815681
1237577877475844096
1245134795899834372
1261706853790232577
1237927921777553408
1235575257177583618
1260894890034106368
1242805372479553538
1267441847418290177
1247253892691345408
1249515339785875456
1238661891234422790
1259142218381754370
1261724581435510784
1268577293615747074
1261725231317766145
1264683618355601408
1243715924638793730
1235331248945496064
1241707317839740932
1236388420672356353
1247697454100819968
1254114857399574536
1246453157703692292
1237960522856837120
1242843477790134273
1245798493295271936
1237496762035851269
1247216533648166912
1252034021783109633
1250597813190307841
1241917926883631105
1263851001406271489
1244136492827475968
1245795085717057537
1248104851969658880
1251233015818342400
1242650378451259392
1246436220953133056
1246813823580995584
1259206591464845319
1262958820789190657
1246444108874424320
1259579062001033233
1248418101835620358
1264599753217789952
1246045696098066433
1252000897988792321
1250065513012748288
1250151052051132421
1250471357059661824
1244332138121564162
1244333450389270529
1256575137417244672
1249828049413120000
