1241444053843050511
1253030524861526016
1237850441787912211
1252262756545376263
1238319021419835392
1247679424226525190
1254956978176212995
1242026327584256006
1251521159654498305
1249791352918900736
1245107022749749248
1244470095168053250
1239265519540277248
1241852025266200576
1248342440404082689
1237854993459212290
1266750996753141761
1257062181990006784
1240309673691164672
1240862702408544264
1247671340653559810
1258318677583245312
1243853240350932992
1242782313353797632
1240396425202143239
1246937781160550400
1241264856310919168
1246069553047785472
1240064362548781061
1256628834247618560
1252245177873453057
1257256840829820928
1246212000298000387
1256807284065341441
1237013584414195714
1241400511913496577
1253032194576199682
1240300896518635522
1236828358777999360
1242651459793162241
1244677438757576705
1239211080506900486
1238869413987835904
1241463763133509633
1251232175753658373
1243202615263072256
1255623600301912082
1247384271632949248
1254446652146024449
1243364193790640129
1265021335685623809
1253671414592344065
1240756384288976897
1239868896393527296
1247970270436036608
1237611507577270274
1239404530728685568
1242856933624815617
1258624091159961601
1260948940339531777
1253147298340757506
1252629631435444228
1237851279327559682
1245051872068669440
1240129147864862724
1260317380317716482
1251991458250440705
1245435524636200961
1246025160076832771
1244389415159504896
1257642610170232833
1237949094385025030
1241481402434179073
1240292590718771212
1238861984726220801
1242207982819180549
1245202966052823040
1257794896045527040
1245963834327805952
1242209217244737538
1239292813096947712
1240891714182750208
1255891964370857985
1236112035861192705
1252083350044422145
1262459707010187265
1242595080713768961
1254747286321672192
1256657251298938881
1241193158135996416
1242527698804772864
1264216693787832323
1240529174630146049
1246502902451093504
1242928674338484225
1251272881994108928
1267531269648322563
1237768451147665412
1258830990392221696
1253077140091940864
1241841366717644805
1252689567938985990
1244844668002750465
1241527469125054464
1251167318488444928
1237580754621566978
1249832201920884736
1244845148179255298
1241216303798632448
1258610348766224384
1236411785009381382
1240410949791744000
1240753130209513475
1238476453949431808
1238451010928082944
1243335235561013248
1238449080642215937
1241753903684882432
1242984587812315137
1255596907713515520
1267797108758847490
1238678043419385857
1237175757128040448
1242971152202584067
1238200447862702081
1262583742671052800
1244017900391772162
1262402399802621952
1262529461301510150
1251679236311732225
1243986045034733571
1255341859989327872
1262421537484873728
1249695689153658880
1260733809575833601
1252663268511895553
1269994519723982849
1235709782406950912
1240335792066703363
1259498733261258752
1245545769341530113
1252989946094379008
1249537561221095425
1248042089696411648
1242298474588241921
1250954812855914497
1244115111641579520
1253735565339635712
1258414911937445889
1250232696707723265
1249404366848585728
1251935061382963202
1251507940818915328
1241208175711457280
1242586837304193027
1255187036061007874
1254842814967566336
1240870807443824640
1257269826088771588
1247382282643615746
1242227812775481351
1246479807287824398
1242590116062920706
1248578247920693248
1250481096443248641
1250445482192785408
1261908813436923904
1241557077157457923
1256671343459864576
1247818650867896322
1244464346241130497
1244634735718121472
1236842460917219335
1260410225141702656
1237767150946967552
1254153460091703297
1267795751792492545
1245424297209978882
1238826044095938562
1245423294326738946
1241130776269373440
1249892441752252417
1237664889998585856
1239611025533566983
1265269779549609986
1265359628549926913
1249477528814641153
1244373570870009861
1242101221336498176
1245165161025077255
1242590835729981442
1259962436737794049
1241032884691111937
1267611623080034304
1246216635477905409
1239390770177683456
1239868896821248001
1249518708822880257
1266743880764002304
1241879652051963909
1248015540515246082
1241047002819018752
1247620318384066565
1266741238558011394
1245714810219769856
1261794505839304704
1241779056665903106
1257482090741936128
1252609346976002051
1246092634860539904
1251517847869718529
1265272568950317056
1236761581238849537
1252737323483172870
1252299830375915520
1262588393625657345
1248027671948398595
1248753223869124618
1238301321662513152
1241959858183770113
1249543873069641731
1250777982781833216
1238235402663858177
1242257572360585231
1259893453741228032
1235679432989462529
1240310819684003840
1239326220116021253
1246212416918171653
1247278596445679617
1238339287021760512
1255986321061031939
1248292874644598786
1247646539385909255
1249741780410601479
1239650843449753605
1246582599264370689
1251517390451548160
1238829287647727616
1235014029095178242
1235226351638110209
1258228944739983361
1246578565291880453
1245595278314311680
1241197411407736833
1249468813818712064
1241936672767594501
1260357074464227331
1262596189872164864
1239608311550488578
1235754139088490496
1246207481749127168
1253713628437544966
1240908831753895936
1259923556374401024
1255875525186400261
1243732059761209344
1249796666842132482
1247657701649215489
1251509725537189889
1241816176122085378
1252384294397292545
1245964306975514624
1245436116339232770
1236129320969670657
1263859607522258944
1244018617433436163
1267990135263682562
1270156073891233795
1238971447764189184
1249737201233125376
1242764779774763009
1246069315302014976
1251561369721339905
1252386521388183563
1240125494395392002
1258216365434994688
1242297165789224960
1253678486486687744
1259614303289663488
1249759714629558280
1242212790162644995
1240968478775021573
1241866852843892739
1240414117661458432
1240796819581538304
1239371693568806915
1250326141665067009
1239618418480996359
1242297441417920512
1238139223598927873
1238677086799265792
1242774040646950912
1245848809143492608
1245545200258252801
1268932276454375429
1244464876514414592
1257411734421331969
1244643585464696833
1247285394342903814
1268581166744993793
1240465236752322560
1235696207739174918
1249427361319325698
1238260252455419909
1239525403896750080
1238880216459722752
1241940207668264960
1242951306727301127
1270169322250481666
1240137539069100032
1242191389301125122
1244624838284709888
1251564191695151107
1243326483432722434
1237407352053280768
1255929442565861376
1251156718429470722
1236760603177484291
1251154795076845571
1240746713385709568
1242879611555516425
1257392550673108994
1241837201262104576
1239612321460338690
1264970421050454016
1257665824191586307
1238258569352318976
1264963080712335360
1241776656790048768
1241466140339175426
1251158702628802560
1255235693204381700
1258200986457382914
1245224622997585921
1267641291346784259
1244412350230298624
1250319793057497089
1246607700626231296
1263095458416787462
1251241779288051718
1258569340108124160
1245802039134879746
1261150638211321861
1249044066316292096
1248444649095737344
1248088890474401798
1242957368385658880
1268021863244091393
1253899651373305856
1249720766893117440
1249840921342103553
1241867552768360456
1257255571339821060
1239859593192312832
1250095407608344576
1257460236954357760
1260187169492209668
1266575819406807041
1235669898573082639
1235703774934679554
1266931978437353475
1249075168162480128
1246122971674091522
1241758138648465410
1249038877802840065
1241757951200722948
1255556667917455360
1237484008600207368
1249892010166714370
1239332603393695744
1266541350528434177
1245127672084041728
1251540382556487680
1239376905486336000
1269360394549768193
1252387063787163660
1252702365741920263
1258479237431951365
1239214194228178947
1243279868881768451
1240261871669776385
1236824479063474176
1244122925143384074
1240874345091813376
1242162710541930500
1240510251239182336
1241914488305135617
1237049101818236928
1248753786937475072
1262193842519977990
1243364738915921926
1246122972743639040
1250866292770385920
1240472731403108352
1239898993695420418
1240414163765211137
1243248870567620609
1267103721604841474
1235664671283335168
1248351131220217856
1248675060711337986
1259618992865660929
1235657151181467651
1248282860496224259
1246901019507859457
1241191871948308481
1248598208395304960
1244976141036859392
1235347124549799936
1235971772941561858
1237110827943186434
1243268130589356038
1249918800125984768
1244653573390176262
1242661324347359233
1241479192715440130
1262738187602051072
1240420785078091777
1242651505469128704
1239332332064198656
1241133762383093762
1262429703064784907
1259299023208488961
1259232113968250880
1242583752271937536
1237832908339064832
1248830552532271106
1255637800357105665
1245345623341182978
1254746044530929664
1235618844309417989
1241196620177440769
1269412865716506624
1250458154938372096
1236088191129710595
1259621491769053189
1263904919796539399
1240116777490821120
1246493206830874624
1246489397761056774
1270085002492088320
1254753516155023360
1240068764114313218
1255666197108011010
1263823265736392704
1249451608460722177
1241477088563138562
1237778885904936961
1244033202357968897
1239882385061183488
1240636775770533888
1238582727626182659
1263198944227721216
1245869956673069058
1244805843901730816
1248271946380390400
1236034856699781121
1242136284799303693
1242588616632733696
1235582994150289413
1269750018803728390
1257151268528754689
1255159169835040770
1261530624709529602
1246104819254820864
1241898528936517632
1243985211458752513
1243268320767418368
1249732473770180609
1245177910463512576
1240722502554451974
1256313510188904448
1242226342986493959
1241721666897666054
1250226001386364929
1241018243063713793
1246202323942211584
1242593709004394496
1245195704194207744
1255097677982900228
1238672249059717122
1260534455149740032
1237457462925635587
1240267111597068288
1237519910395211776
1240961192597901317
1243331875227262976
1245136444005507074
1237927246758903809
1246925982168121350
1262896365836828672
1237121324612493320
1248102285516906499
1240519385724354560
1247295956883779585
1254526821162455040
1251184222636736518
1246220263324364801
1245190540498472961
1245175418963013633
1242918447803228179
1236723829420015616
1267631159426646017
1237522894747365376
1242082514535100416
1243981541312729090
1248770676258938882
1239387947457302533
1262003572557955072
1267797623349694465
1246191923678724096
1247758257499734017
1248642444264120320
1240767755567214598
1245049230735138817
1251132858929950726
1238081458645995520
1240769796888768512
1259891482829430786
1244417085310197763
1253815455837536263
1251541897983787009
1249801300990218245
1255891092521844743
1248010354392592386
1239735223010635776
1252304894171721730
1248267018928824344
1244653743515336704
1239905934945718274
1242576444473081857
1244853781449367553
1259316026296107008
1243906769778118663
1246158323331801088
1247289600269332484
1256783886186680320
1239377705533145088
1242441953599504386
1255683425295622145
1266538736113901568
1245733919527501824
1244391886309261313
1239004084495175681
1239646181711544320
1240851025260666880
1242485893690208256
1257522605118181379
1263259794066071552
1260984848333844482
1239386778370531328
1263995565911740416
1253524424818655237
1254007001631338496
1240341408877346817
1239362907961462785
1243543290399653890
1252961185684754432
1243431182450200578
1237509216690003968
1238560160232210432
1252339124704509952
1237728312039862272
1241457172141297667
1253883353289437185
1241434757940027393
1256924317268561923
1242257800249716739
1235224645349117955
1251167746416656392
1245771665104990209
1260653905240657920
1238284342629150720
1242267410201272325
1245705819993317382
1249806118261534720
1242526666829828097
1260687819183476736
1252006224805142529
1241152538616958979
1237510078380605440
1237501355272568833
1240358345380261888
1255890679160541185
1245748541944782848
1243430420370337793
1239680630281179138
1252759898829570048
1244337566276554763
1237404028281159680
1239769914371641345
1235664158059884554
1241799495563776000
1236393286740279296
1242286811516407809
1239683830048591879
1250098296191885312
1242959463348424704
1261422371354771456
1244403833519976449
1242614700543807493
1258630541097807874
1248267386140209154
1236247941561692161
1255273120874803200
1251131510935224320
1260239922600034304
1264757083083288577
1241574877510938633
1253405953564856320
1250097696620392448
1262558746481491974
1246771421495398401
1239774167442034689
1242107985855483906
1238831810617974785
1241859482726080513
1239397803811618816
1242857186411155458
1247131270397771776
1252561887776182272
1251884190087483394
1253797844592594955
1240034007330492416
1245480698909265920
1242889374037131265
1252634405161570307
1237912280823738369
1244409238929145857
1242621202142826497
1249740654705606658
1254876461959450624
1262687957221343233
1242552142579236864
1258339741604462592
1235606286705643521
1237751607707815938
1255247397225140228
1240027318736879618
1262776335216390144
1241933352309047296
1238349913571942401
1247326707566153729
1240028622850752514
1240615326670368769
1268169924452597761
1261010387115347970
1240826829503639552
1237919437371641857
1237882346092654592
1240071363165028352
1252421973981818888
1263579913031872513
1250979696201945088
1245689125744730112
1256027568047865856
1261485850887696386
1239208652755611649
1239660799695740929
1248783572477059072
1252430984215064582
1246869426965749763
1255302755192840192
1244611298249277444
1251840867897430017
1242583843925889029
1251202841340936193
1240252531571396611
1245114486240841728
1239731569465741312
1253789841688592391
1238182467011596290
1252329126360465409
1243945841473327104
1261759249086021632
1245726147868008448
1241571605123399686
1262756437169561602
1238567360015020032
1245749994319237133
1263180890018131968
1261419896178651142
1237155855814008832
1244836699420622848
1256333266224734208
1240542566795411458
1243299349414764552
1240074697968140288
1249816779314118661
1242919707105275906
1237875190106714119
1245651087266177026
1243339689135878149
1242645736132620288
1253064756065419264
1253482547155173379
1241570423810252800
1239677738887393280
1262057919551504388
1239680260620398592
1238805876963717120
1240473911667699713
1244767235828310017
1238604966325039105
1241223635186180101
1239208765653737473
1244408900541206528
1235762181091872768
1246834770069381125
1238833687329935360
1252262431449133058
1248327064500891648
1239700234680360965
1245172336720064513
1262400135541243906
1240055580380876800
1239304319649886209
1250202822722883584
1253744941223809031
1235926481295073280
1240787486168809472
1239926478403444739
1238564608220311552
1252428459961245697
1242341073588019200
1252247277290340355
1239672457998618624
1235051003067564032
1240037498513956866
1254867216450883585
1246255455166435328
1244679601907007488
1245150502909771779
1257462750948872192
1249403933623115777
1238291041322704897
1244354319614427138
1240282219077304321
1238476742441959424
1257450182884671488
1242484161551708167
1241569976059858944
1240825670890070017
1252589596191449088
1256618270280634368
1250889164880576512
1242270034430476288
1258343514548703232
1262560416460353538
1255528674268454916
1242614396687462401
1240006594986999809
1245152986453757952
1262610375725518848
1245484130604847104
1246525981655027715
1245078387963633664
1240061317630660609
1249185307687366656
1248406004670201856
1238502236482920454
1266472375748608001
1253126778572419075
1243429995361550337
1248922942928556038
1244777015133298699
1239201896679780354
1243022455146524678
1263990252630355968
1261457153572794369
1250253899463827457
1242286201605967872
1237921991988056071
1235770025304260608
1250861001643261957
1236082843635367937
1252264298807808003
1242234585330540549
1250901481416507393
1242229176192516096
1235813413676134400
1262217516597817344
1244005335343534082
1252758656736731137
1261481982929915904
1268178318324531210
1251106871156584448
1253745745158643712
1248052082189492225
1239464531027525633
1263963247553777664
1245497426959572992
1242289313775222784
1268687573414744064
1242891519239041025
1261484283274854403
1263502424683266048
1243388062354124804
1246627682185555969
1252246226856222723
1248213987973566464
1262163498668363778
1255661331832803333
1253311317080977410
1241065693468114946
1245706594454851586
1237100710564696072
1241864393585033216
1248592020874067968
1236671460443389952
1250998470208630785
1244348041131425793
1251587539921584128
1241907755025338368
1245693295390572546
1254825253823447040
1241041727722532875
1245456992518508546
1254800526941831168
1242282861023150080
1246908770539786241
1250048625532489729
1252294725656293376
1237872580213628928
1246174961338920960
1252755036116901888
1246407525517463553
1252415976697524225
1244886320742350849
1242290040040042496
1249110781704073216
1244725052056244224
1241845749840777219
1253777573038878720
1237099697548001283
1238621505036128258
1251312528241512451
1240812224006041600
1241865198484537344
1241557580566220800
1260632122978635776
1251526741639794690
1261011007968817152
1255631915547312139
1243677056199733251
1257398381879660544
1254098895971536896
1244381367078617088
1254793490686513154
1243419220659957760
1237100794295595008
1249172508638658562
1247563859583533056
1243232830961979397
1247192552224313344
1243374819736944641
1255487298109616129
1243262372187377664
1237836267959836677
1253491165606928384
1240831160227430409
1253820319070064640
1252561005802065921
1239048282615304192
1235668116144701441
1241135663824715781
1245688449237233664
1237550768212721664
1248591697296134145
1257129274395570177
1242636388207669249
1241378295868002304
1250155133733875712
1259377433846915072
1247723626507485185
1240368273281015809
1239717446136860672
1243926338190413824
1239320880561500160
1239463333192962048
1237232177856774145
1239204639414734848
1244350707416870913
1256253146663473152
1252434651169189889
1241762938349858823
1246252361678454789
1255727845717889024
1251900442365353993
1251288844214980608
1247360038114557954
1237232147355885568
1241066289868812288
1240352116557983746
1241486516095983622
1262922768632422401
1256600236425871360
1240408795693699072
1248031577159892995
1248032240589778944
1238843434309423105
1243574756504469513
1252996293972176900
1245152897941360642
1240496665037021185
1242217718373322753
1250645887245836288
1247543647047782400
1253484689266036736
1240325668040212480
1242125548572176384
1251130474975490050
1237848620554059778
1252616633555828736
1242641712016764929
1243905393463398407
1237885085359079426
1241725427430850561
1256425177430339584
1251928892778205184
1235978509044023297
1239773629946236929
1259334135849586693
1240781020716204032
1250632288490205195
1238624701913673728
1241331855741370369
1249485473547878402
1257728294306435072
1251140408249286656
1238921162215866376
1244353360448360450
1237232534058041345
1240352464693612548
1247996774876434432
1259377823053160449
1248289854783455233
1257401075574935553
1241236748795084801
1239591004874977281
1253477664054226944
1243371392583839746
1245916418077388800
1261494454973804544
1244963159166857216
1248587691953799170
1250929587984482304
1251548932481716229
1260992690289852421
1250499844843732997
1262214991199047681
1261396235392446467
1244309239272738824
1264910681591201792
1251192927877038080
1243005475194626049
1260244495976878081
1240403144527527937
1256707820705251334
1248592620030439426
1261308702570754054
1240691213017051138
1252758094054076416
1238787835001364481
1245647669554368512
1261269226423279616
1247150479362199552
1240770264067190785
1240770270685691906
1263153565880717313
1245004175102160899
1240312341926985728
1240102432157270016
1244357238124355591
1242845122816921600
1253904676321402881
1250982907705012224
1240545550019092481
1253067720280739844
1246429686625951745
1260305175551623168
1248289374808223744
1250220545175695360
1262876293684699141
1259174552673943557
1241160683766648832
1263660530868391942
1244407108008906752
1239344670737600513
1240453701661274114
1237844975179591681
1254878663495036930
1249878407015432192
1257465888057540615
1245003181240848384
1269690898180423681
1256336618291527680
1253472241595101187
1235661742283374593
1239339792090923010
1245171847173455872
1254759930248167425
1239591778036088833
1239285685477085185
1239672017990844416
1234945398143361025
1254743236293406723
1250431585163169792
1240717280725438466
1240477318780510208
1238841445773127681
1238153201981022212
1245490148831309827
1244303305095987201
1245915516297863168
1260954498828288000
1240459777420992517
1237597409774993409
1235642362241536000
1238096009516941312
1256016209990090755
1241725009502048256
1248609738020892673
1257659629036806144
1254908537769267201
1239387562579550211
1252979403170201602
1250543510350004224
1242609708940300288
1237200195789750272
1251982924825706503
1240409175227871233
1235763191105368065
1242799203547480066
1238095434138161155
1243574228546355201
1244357161557336064
1242908888514600960
1236681292936359937
1238621898256285696
1241946284338135040
1237158983317807107
1248630719502581761
1238846235848708096
1240490251413413888
1236627112766865409
1263642905467662336
1235642939960942592
1244483284857507841
1241039403348307969
1262075674002628608
1241945735165329408
1240810559072845828
1244397320680230912
1240625091068801024
1261312997982711808
1262743033717633024
1247200250756038658
1245499097190215680
1270439013732814855
1258394711066361856
1238580326684860416
1239216769589334017
1251963213547257858
1244352167496073217
1244481110798671873
1242632098709753858
1260957219908091904
1266706826101313537
1236942651687124993
1239426105704099840
1247496787067273219
1240478977392812032
1252724109005512706
1255204486882172928
1247493512171376641
1255951358735405059
1264342067704205312
1252713483541643266
1240653746344022022
1262279134627201026
1238840359620313088
1244878615755608064
1246280285576146945
1261141101731250176
1244346005501489157
1244596298046636032
1241760522216845323
1242175447850508292
1237234678719041536
1238851876155805696
1252619603613757440
1240480886317035521
1240112059523706882
1239992500498161664
1258439792649474048
1238063789494460416
1250881189084348416
1246596429331734528
1240453283799601152
1247203554365931526
1244868761833914370
1238252639432912898
1249709857982291972
1241834739784462336
1243416032997281792
1239017295873220608
1267238682672627713
1262902558009503744
1235642304238620672
1250895005818015746
1244095384311549953
1242894375811776514
1251903858038706178
1252941292092489728
1240456537958764546
1260424262244057093
1246416015917015040
1246465196354306048
1260754420146544641
1245681220329111553
1252444119168962560
1267907518036168706
1244301216261255168
1250501657189851136
1254034486800629760
1244155674101256192
1238209826464755712
1239983185112465408
1242601034507223040
1254424712219934726
1243755162994380802
1244344948465565699
1244621424930816000
1250498041947328513
1238120252023635972
1252048605428551689
1254717241058361344
1246564169366802434
1244895253687083008
1243966780424544258
1239804897798873088
1245683710021775362
1267928630946127874
1257128919851053058
1245410288708583424
1252046046081036294
1249342342361907201
1251302820080496641
1253477601206730754
1242171069278150657
1253758903076225024
1254087668276879362
1258941374856146945
1239930512841605120
1261303651605385217
1270328063130243072
1254935561070096393
1237936127178350592
1257499383555411968
1235569937365622784
1237910485909082112
1243315984263524360
1252713092271738881
1250886586524409867
1241543534576050182
1250981770515841024
1244330170741403648
1257130973826879488
1241909871894835200
1269612000667209729
1238846659339022337
1243347587236847621
1235889618622517250
1253350736144056320
1242514287853264897
1242359027323076609
1237905217103986690
1265479006075400192
1269987963720683521
1241443811127103489
1262167117631229952
1238579847645007874
1263598922892603392
1238249489355485191
1242181906537594881
1241750090068439041
1251962794850889729
1264642422824480769
1244158008562769920
1262542274447147011
1252710445447884802
1237937080032006144
1270030982150750213
1261447799297708032
1238245071180500992
1237936953129123840
1244730041000476672
1257128145477685249
1241145692657197058
1239967192369598465
1264192609473437699
1238146060066979841
1249784770718060545
1244328525504675840
1238144897464573955
1247237016305180675
1262917476305604608
1244728296165818374
1250505872087879688
1243349772548923392
1239281251380596737
1249824588785242112
1258467224177737728
1248330441326804997
1268191922931277824
1241750996679675906
1239427070939332610
1247235730767839236
1246113119157587969
1250504410519818241
1265755351024054273
1243641811740041217
1243084791362322433
1258095326776512514
1244756496694591498
1237029705540349953
1253810374010449920
1244756282717896704
1237541278616678400
1248234977692717058
1243246674690146319
1261081795459776523
1261834091646930946
