1241302413354696705
1240701343615954944
1245133127372148738
1260205856374882306
1244369412012085249
1253432825996439553
1249897397142118404
1264992945926701056
1260218719852285952
1235668848134811657
1237449543014322177
1238420001683619840
1240126163785338887
1250557217088118784
1255984719499493379
1245372639289446400
1240872759204470784
1248030537333301253
1240340715630219264
1241215188625432576
1243596306095853568
1242227105183797255
1240049133068734465
1240048100800151552
1253713312338128897
1243377272498745349
1242320040336252930
1238325404940808192
1245377015768907777
1247938691093483520
1246852893761822721
1245416365575593985
1266619108424134656
1245122278020481025
1255113367724974082
1243656511538302977
1245161555207086080
1242275630072451075
1258914045475905539
1240169691248812033
1252673901181710336
1261354990213439491
1237155229524725761
1249695441563922440
1251661189198819331
1242503542113533957
1243303710652055555
1241527926861987841
1260611739395207169
1242109579976151040
1243361850734985216
1237852596016041984
1245309229654839296
1250447138485665792
1261819390460399616
1240876040513298433
1238942699681730560
1241930905624539144
1242505278165303296
1248339043596763139
1240262663936135174
1241708381817225219
1263090682589315072
1241010684504223746
1237568146367635456
1259789652346667010
1236701372227207169
1255162560145481735
1256908538821185536
1241049948994428930
1266510335487475717
1237514746129264642
1237590563366432773
1242450460537229312
1242320150214426624
1246332851542515713
1240758373605429248
1240080539303829504
1242940753044799490
1247226247211614210
1248218143895572481
1249340427620188161
1236659943144644613
1239900381565632512
1254605512114671617
1241008289682423808
1249044967806418944
1243239421996130310
1238946877162377216
1256033717740605440
1243784722213482507
1240051271178084352
1241048128456986624
1245134805173403651
1263466702324498433
1263467457412546564
1237579550868910081
1238937869219246085
1237531689993121792
1243272290881753094
1241882563041468416
1236363974310072320
1242464128695824386
1247645449139314688
1240817910970560512
1244119702839926784
1257440788046385152
1238307156438499328
1258870777417474048
1263264754560389121
1244269424816918529
1251475851755077633
1249887107579023361
1238754745600393216
1236947429263659014
1252555767263223809
1270525598235070465
1245438716128133124
1240436443127918593
1246856644413345793
1250808899629973505
1257637730105737223
1242544017683906561
1246483215210201091
1243303140482600962
1265992100505624581
1240742831985176591
1249124555798597634
1238517368705474565
1263449106774622208
1249764937624403969
1254972369975812096
1238637342266732544
1246475104835469321
1243273566042435584
1242758021886943232
1265319120427499527
1234900213141327874
1267661568118067205
1254872493812219905
1240439534321532928
1239369105368637442
1241809464656871425
1254496488320839681
1239621053149839360
1268519414254710784
1254108520364027907
1242646997443792898
1240331283353481217
1238200259018403840
1248251284542697472
1246857089269534720
1235689575420395520
1243739260785692673
1236972213506576385
1238641491318386688
1235416762222436353
1253669821117595648
1249448528352546816
1242868308149485568
1240746011783581699
1256408919410388994
1248678968745775104
1244670135367016454
1238949400526848000
1260205292538736642
1239624580957954048
1238321485321850881
1268789921751412736
1237465631856963584
1246520050808479746
1256383646522576902
1253005247666180097
1247549849211412484
1263107877365075972
1239577403317522438
1262822231073325062
1245202928673206279
1253895354229166082
1253008934396325888
1243782361118134274
1262531813454630912
1242194188000780296
1237012247022616579
1242588042688262144
1246238454545027077
1244795639428534273
1247673061547130880
1261894098245619718
1241596255328964609
1248338682085617664
1246929548349931520
1238554194099011584
1240864644127956993
1243654028841664514
1241555024246968322
1245886363792261123
1245456552217186304
1244600404970811392
1239594344287481857
1236845938347585536
1246610401711833091
1241035670140997633
1247383762469564417
1244607841022939137
1244436128146558976
1243049721498865669
1242627744120389635
1254508330481070081
1239333595648602113
1242446479614246914
1258411299488358401
1254955398886559746
1239583430708527104
1237077704308076544
1241391624271339520
1252551247628054528
1247631483725996032
1248223836518014976
1245421250870218754
1237341053860151297
1243365953988997125
1247173535975510018
1247222547877376000
1237070837322301440
1250481517278695432
1235371950689718272
1237609633981685760
1265616858520129536
1253423691477643269
1243742151609126912
1246401608524664835
1239553839788933120
1237182278746419200
1241837981637455878
1236501900490670080
1245177376859983873
1255824202654986241
1250936117953691649
1252718408438820865
1268305401482805253
1251714273014878208
1244601819671736321
1246240153703718914
1251609449170718723
1246913501731356673
1245071123139747842
1237172682191486976
1242588393684467714
1237412791025307648
1257303364204969984
1260848737334767616
1236566070460403713
1247948679333523459
1260946997785362432
1249765778121011208
1250441895454494722
1258347497644331008
1238338858665701379
1242503668487815169
1237721263801589762
1241820765173014530
1258232298337689600
1249886338410831875
1244031297296699393
1235063194973962242
1244060608162643970
1254493766418923527
1244950195282067456
1267969183909888001
1237046647504412678
1248969128851001344
1258236852646998017
1257486809304612865
1247499080638619649
1238307916907675653
1238308030665633792
1251680090062295042
1242781372831477761
1241569794534649864
1250423523023007745
1245109950868848646
1244935823155396608
1240886661661196289
1261344949225865216
1247286142791233541
1239294834227195907
1252255595010367489
1246581355833679881
1238262074649849856
1255852116696010755
1262112336564883460
1243359948571992065
1238200833185062914
1257683435121971201
1252315806073073666
1242444839804903425
1236829294409777155
1236271658840842240
1245894396878426112
1250576926198173699
1253010228888641536
1241532183526989829
1242529896779431943
1245239665919213570
1238309936599351296
1240990377668214784
1240989839333437441
1240575131002568710
1250572993031475202
1250940993962037248
1247571901062340608
1239872331222265856
1254125248427032581
1257833101687951363
1257135382006726659
1237927235060981760
1257771042191310850
1245773884386877442
1255594543052926976
1235922604365688832
1257771462158454785
1257645370806599681
1238509075983405057
1252701377131929601
1265979978597961728
1268675945554227207
1239261652668776452
1241474922737786886
1237129307681628165
1242662282154434562
1239627801835290624
1247295082778300418
1248272561730879488
1238956269958021120
1237431838320349185
1243202963339952128
1239552434948771841
1260929409034285059
1258573596282191875
1258102350901850112
1249841486964961280
1243380849682157570
1246878271826006017
1269064929501417472
1244799156448907264
1243265278491983874
1248245286159282177
1246104650379603976
1245541423786663938
1249768472520855559
1239738562490314752
1255623973360017408
1241743552650108929
1237840614181310464
1253918097976766465
1243651229512761345
1242653893647044608
1252642702518374403
1244671725461094412
1240305266622636033
1239865716368642049
1238141386186244096
1247274659998863360
1237152214713610243
1244380533343346691
1246854809698865154
1244626906273796096
1242680362402304000
1239563569957457923
1258877144895193088
1243238221191901185
1262809061969534977
1239366178121842688
1265616734767263744
1247515000136257536
1234906938196070400
1263093747384045570
1235287443517120515
1248075630610006016
1239740712465444865
1240263779365068801
1255888316609835011
1248719172466548736
1254153757702619136
1245324599639801856
1245885631961726978
1243974792438571009
1253715011517714433
1247370818889420800
1242545511674060803
1258011706338484225
1250957882830606337
1241743840303812616
1250393224532934658
1253075104172593152
1249724316855435265
1237219267424157696
1243328814043799552
1254954686840483840
1266518052520198144
1255478518324105219
1235746500174635008
1262125899643789314
1256032578869628928
1256035544427106306
1243706039616385026
1244323019654221824
1239558970190237696
1246106040002805760
1238106197439533057
1235377922028027904
1245101338024914946
1246505289869901824
1243696954661580800
1241736043457585154
1245070574201778177
1249886952654024704
1235057709499576320
1238085481755271176
1266208607823151104
1249047465803857920
1252647731740454912
1262223338488938501
1250069177899061248
1241045787217453056
1243379340118818816
1261150321520320512
1252597445604913153
1246087713289363462
1246993689756475393
1243515935140569088
1255320249513193472
1246900032739082246
1242661242394808321
1246497783936409605
1240306319036481539
1237582195784441857
1237585645389803520
1242596860906426369
1243651280343531520
1238648918168174592
1247286117319282695
1250805226673778689
1256981051026608128
1251147454587654149
1252644996752134145
1258871351030489090
1247223561619673088
1241892079132958721
1253070641336483840
1243627489290788867
1253071804463058944
1255629655815618560
1260903032184848385
1243279796257333250
1259918047952986112
1239286754190004225
1258830945240723457
1263105874186268675
1243491466275627009
1254611174693502977
1258835407946514434
1237721004618715137
1239689060442148865
1244362139223175170
1237418321949179905
1244669498889629696
1238958375091699712
1262502105501310979
1242104241612894210
1244643556003807233
1238025388749619200
1243942240818520066
1265385359879426049
1242650297480155138
1242597332648169483
1247520298427187200
1244668131907219457
1243302783681519620
1236659504344961024
1253384678318444549
1243354061493190659
1266571349256024066
1243338081895354368
1249516370309582848
1262531217192353798
1239648618598084617
1240265903100571649
1236966585228820482
1247335188260151296
1244466690131460099
1242586866563637255
1243162350028574720
1245537853188308994
1243739076009885696
1245746138252226560
1240052848097931266
1243876472944832512
1237586257921765378
1257785456697249793
1243695836393025542
1241733805292969986
1244602620284751879
1241894940378116096
1244843087593168896
1243336662496751618
1260900912488472576
1236874463305703424
1249521341595877383
1248224272398585857
1241826637492215813
1239776792275292161
1249886241434284032
1247547446068215811
1262235321594531841
1267552746972078083
1238296835267182593
1244941323817402368
1242419355993997313
1253009720677466117
1238262136788398080
1261257953593774081
1257504933441667074
1235748875073445888
1241989224192245760
1237629758499958784
1268366534642106369
1240467539865583618
1249886551821123585
1247110446093668352
1238321428631556098
1268211759694954496
1245062544760483842
1239715656150499329
1243196463464751108
1250741052140650497
1246825296927641601
1245326189490778115
1245897181741137921
1245046856721326080
1241757656198656001
1244491414278410240
1238302885957550080
1246506201279537153
1245173680910544896
1243337123002044418
1239906542226268162
1265978606469238784
1268678287586402304
1248382617017143302
1258459468704223234
1253138695475126272
1260393107897700353
1259915253904748544
1252210784135979012
1251518093555351553
1235022150630703108
1239488970020524033
1238213928108331013
1239876491598540802
1238939441852485638
1248039441664540677
1241195704065732609
1260625798693826564
1237948913006587905
1241389674263969792
1236914987349749760
1235062146683326464
1242298664351129602
1244696236768231427
1256351161499738112
1243252001225551879
1246394170056552449
1243238101478187008
1240376115727826944
1244451701232410624
1247658393906667523
1254869350336602112
1245434346149994502
1243885902872465408
1268366182572339202
1241462616851132417
1236829402622767105
1249493031172128770
1261378493352341504
1246914165211619331
1237587664838086656
1248969334871011329
1245447629653323777
1242867830296584195
1259640866928562176
1251269676346281986
1241541035446218752
1236864365858603009
1244633201034878978
1238306020461613056
1247446249944514560
1240495988273483777
1249723673386405889
1238058894926270466
1239036203623763968
1262019725757952001
1237738957909131264
1239742268669558785
1254437667871371265
1265617168684769281
1259664821357854720
1238938618372280325
1241738842081804288
1249481437415378945
1247608639990517763
1235237678951673859
1242828479902646277
1235385576574025740
1251034306945794048
1236489438513049600
1255625756266450944
1240050278176559112
1240187101615992833
1240291160842735617
1267157879217369089
1245426589925597185
1249887009004490753
1248347449007144962
1249887410575544321
1237223544636964865
1246191943949922306
1265385435989258240
1265096260060622848
1235009593891328000
1243359544027172865
1241837361366958085
1262633276331536385
1242538698790580224
1249759131310927872
1246180632071475203
1239347864972800001
1249057214939226118
1238644420523765760
1246950587368865792
1259861833130872838
1242250559559806982
1246179040261820417
1237781368437968900
1255537311179329537
1252550271361855489
1265025342944706560
1243597325563551748
1243292054987341832
1248593369145769984
1240530008885641217
1241464823990362114
1242941352352059399
1246265881388298240
1254605171155513344
1253365197928050689
1242556134805905415
1240760803457929216
1239691722378092544
1242494784356388867
1245179685023121408
1262821283538051073
1238202983705427978
1245177276779712513
1266245438182588416
1250230430789521408
1245428118594007041
1249836259440295936
1237789811446087681
1250091004897738758
1260685368162234374
1247608831607177217
1246475852306681857
1240095047904788480
1240770745346727936
1245442807046844416
1242495980148326406
1241556164271321091
1240610305241202691
1243301538795307015
1252389622555873281
1268952503762247681
1258846998561685505
1246387974293651456
1244376362116407301
1261840166102188033
1235754422040489990
1248037827121688578
1238969362553417729
1247377587996893185
1240423833426853888
1245439670093258752
1268591867135959041
1268950118239277057
1241828465910874114
1267898166092931073
1253518667461124097
1240066971904946177
1252373838484004866
1257773441484075008
1266369736863911938
1258414214139559940
1248102069426405379
1238650809509969921
1238652961158553600
1235433337981988869
1254048861112410116
1240306289919606785
1244702780394217475
1255374738559467525
1250912164229066758
1257505702064451585
1243655290060447744
1239377063494156288
1252701913700802561
1245614817290776576
1242101330002489345
1240378411039821832
1245165492664401924
1239399431910363137
1238825079913558018
1255557816380727297
1257239715318824961
1236801342666084354
1249887222859550726
1245418403164192769
1244060892154773505
1248222708065853440
1238301338301276166
1247221167498330112
1246474106524127234
1258199330806214657
1244643854147608583
1252609740447928322
1244390879181197312
1244452731085099009
1253071017683103745
1262533263073193987
1239004189604425729
1239004600625225729
1234904439699496962
1241107296861683713
1252022495072436225
1269036685632864257
1238590173803417602
1236408359139631104
1258915050540204038
1265022436774461440
1269326968744488960
1239880119025651712
1237066220391841794
1267531648620527617
1265986918552080386
1240466927920861184
1257521737601822720
1244664543877316611
1257789433857875970
1264166552993218560
1246856374774124545
1250445543588929537
1251268027691208706
1244455400658911235
1244326538650189826
1246482147885580288
1242658722943565826
1238682034022866949
1264870935154262016
1237036997862187013
1266430287417872386
1241820374045777921
1236100943063789569
1247630364518088704
1235631815035162630
1239691502365876224
1247943679408472066
1237436340884705281
1266934462484484098
1254353195276603392
1257019657245962240
1239559238155939846
1250936735388913665
1239216399643443200
1254540450595307522
1242194082702688256
1246857541725929476
1237741086182866945
1239864658695204865
1257375649133723651
1242786948542083072
1237139802551717889
1245201244303523843
1235787281883152389
1249887330481168385
1242983866647957507
1240754103787163650
1268640588079026176
1237779073931390977
1255624957243031553
1255625131637997568
1246066369545764865
1251555439713628161
1244320753358692353
1245043018740183042
1257808443500572673
1244455087818395648
1243237000146309120
1237182159351406592
1244132155954991106
1259181319461863424
1234916275635281922
1241552572021784576
1243236196219838464
1252211171651969025
1240423372628131844
1255318706110021632
1265348541700100097
1264945111366086657
1244665517673250817
1243738258137325568
1238338443937288193
1252641392070885377
1263109812067409923
1250812422966870018
1239373820483571718
1242256401562558464
1252380459624853504
1236175586445402113
1241384385527635968
1238949419350982656
1239959257040269315
1237784552292188162
1248364061630386178
1247515131791265794
1239193293583527944
1237832410567303168
1246813008464142336
1251493467672457216
1246166784845197318
1238986107477467143
1243358865569153024
1243782489241419776
1238530873294835712
1242161824189087744
1243786937707757573
1238647190542835714
1252556047459418112
1252633857771343873
1239562765032919040
1241083871875260423
1249732666859171849
1249792355059851264
1244425979151429632
1241898056708239360
1245829455169363971
1269246297082650625
1240420153063587842
1264162650935693312
1259968935866372098
1264953742459314176
1265843419018117120
1251607029124399111
1237467459516542978
1239064458342866944
1240174679756812288
1238700666832457730
1244604832255750145
1250235859955261440
1267185906034802690
1238555410048733185
1239690993689034753
1250992944171057156
1242970306882437121
1251308065950961666
1250422051094941696
1243047872590950401
1238241907559538688
1248996573016731653
1239975307953782784
1270089179796590593
1237826937281798147
1252202921439170560
1268284382583967754
1241820598189404162
1250553860831301634
1241822862031421447
1238141631276220419
1264356324562829312
1263208447383871488
1243356043653963776
1238912992776945664
1245030654565376001
1240833546740211714
1242574514912923654
1253894248941916163
1246588787859259392
1243253104281153537
1240131524470718467
1266934892232876032
1247247283663573001
1240395820488417286
1240464460361478144
1242767381862256640
1269629742615089154
1242493732991176705
1262178655452696576
1242326820940374017
1254956469881114624
1247523542620442627
1238553041864884226
1238510629092286464
1255864646545874945
1241538485393162253
1261164529959997440
1260930732743995397
1253147386127560704
1239868203318247426
1266345731159396352
1240888665104158720
1240443358323118081
1247516923933470720
1240945278359932929
1242533632599875585
1242684639237623817
1256387502178435074
1262818047481479172
1238241908406845442
1248037516080492546
1239671929864404993
1248301028983873536
1249886437123686408
1244584348592078850
1246494887899471877
1248201572510773251
1245542796272054272
1249033417511129088
1247629036441997315
1244701135795097601
1242507547384467459
1244788626665492480
1241745259635376137
1250800391186497536
1262934226569252865
1239749230358679552
1250256287461498890
1245122103067783170
1241399723090743298
1240464007183597568
1247684717933211649
1239673381789806595
1236001685866246145
1244996499106398208
1243548192320479234
1235749025657376768
1251497379230072842
1250963527080304640
1239640770283556864
1246181998487425026
1270066763099705352
1235857023238942721
1239898200389148673
1253934047132372992
1249693805282025477
1254862607275536386
1244423556458590213
1244379572348616711
1235419157597794304
1241538835395284992
1247397399699566592
1262416928783597568
1251310518788411398
1235674763739230218
1239213458652102657
1246130178469892102
1247168082671517696
1244789193387237376
1238952900090626048
1239742526543794176
1246242958929735680
1246060749635624967
1238241876450463744
1238305062532911104
1235687606614142977
1240990099720024064
1266358837084401664
1243504457964494849
1241537815416012800
1237225228792729600
1245324744456646657
1253023481207422977
1262021054891012097
1267496113403244545
1247627360935055360
1238103876915658752
1244271323888541697
1240797081251581952
1268624098495774722
1240385892797370369
1244463723793862657
1256281456709681153
1251592842109165571
1268161454844370945
1262107410954584076
1243698572140347392
1241088540961898499
1249725114758955008
1243648470717775879
1259087975092232192
1262502067136081920
1247220816254832640
1246264735290580992
1238658023037468672
1249154658460995586
1242804867288256512
1246807497584922624
1238320417389137922
1258431788524937217
1243598486207188992
1260339783424831488
1240398821122850817
1256757312494071808
1244413262369894410
1237149284891611142
1261377792136142848
1247174089476841475
1248400837677682688
1245346638249562112
1240970769687097344
1255624166344187911
1238899172117565440
1234905582508875777
1245931080894631941
1249718796199264259
1265984476917706757
1243879606584836097
1251895289440620544
1265358533329072130
1240777559496888320
1241804936012345344
1242472761903153152
1244022777675382787
1269228560046227458
1237149271780139008
1246396366798061568
1257138660564242433
1239752997695094784
1253420202013765633
1261379332225654784
1258302255629033472
1262513623479525378
1239963052792922114
1241743060309958658
1238672496678916097
1238959174991646723
1246948438060695556
1242647181565313024
1242206811899531264
1251032264449949697
1265817787915808769
1249257535950991360
1245535107215212545
1267473704969277440
1260903646633570305
1252312298888351750
1240755330696515585
1246243169152512000
1251563450616201216
1247638948287057923
1238263239064129542
1244636895071657993
1240379707067113477
1250904163996913670
1241912314049236995
1263465980572950529
1236651627685335040
1246711449449357312
1266938264986030080
1263471597429624832
1253345419100372993
1255336097703497729
1258547594877267977
1246219425381879808
1248573056643141632
1238262530943975424
1248281548404723714
1241915134160896001
1258543647844216832
1245116145113485313
1252310443185627138
1256351415582285824
1247518639017865216
1246242524924129280
1239337284404760577
1250020954736152576
1263125576065441793
1254284793195397121
1256992063708696579
1251677815713550339
1243333447084580864
1255259510589083648
1244255447068090369
1252024496959229953
1247195959827841025
1235060702135619586
1237917243167694848
1250899790994583557
1260265557011640322
1238275548629082113
1238142989182160896
1248976125419835392
1250961304061448192
1236764823003844613
1261339043553411073
1253514915446480897
1240268087406080001
1236333160272670721
1244610120396476416
1246265913420152833
1240595148595224577
1260574012234743808
1248088358993178624
1244420361879461891
1247637652402249741
1259302893993287681
1255711006942203907
1252733301888110592
1249448190811791360
1238913113463848962
1239195902859935744
1240595928047812608
1267365101620862977
1239558433801674753
1245307575362637825
1248730205864300544
1251518644842041345
1259556663473954818
1240945179789582342
1253382691266990080
1244380651668766720
1240636506685014023
1254495744658194433
1269781068292423682
1246507916678631424
1254176254510628865
1244791992808288256
1242211112243912705
1238648250313424899
1248039412463779843
1238308279379472384
1246510775633657857
1245745949940633603
1254732695478902784
1252320727442903045
1242101262352556032
1244273836146688000
1261055173667033089
1241560074339807232
1240525497198673923
1244422034253324290
1263277207901876224
1248683056141160449
1261691091935428609
1240617192959488000
1245822453131161603
1243694639502196738
1238264319948849152
1255699659382820864
1264200537219559424
1246091291626221568
1253738330354786313
1240077915183857666
1270344265886031877
1237051857694056449
1255713235367591937
1239647430540435463
1237143731377188867
1238354352806547457
1254750899785928704
1239002046029799425
1244679359086186499
1255107290732118017
1238496405972561921
1240260541102292995
1244324963668066305
1257644191213109248
1255346973441429507
1259925734069583872
1257505350636367872
1254972248626266112
1249811384663183364
1248448205899120640
1246142878965010443
1246537368770949122
1239656194152771592
1247429915387080705
1244421957606572038
1242670465468039168
1246944742589546496
1255847317091094538
1250910865936744449
1245086919966339072
1247842520874221570
1249690280397279234
1253023483581411329
1243335262995918849
1238029486609883136
1264986587890360321
1240261279945756672
1257463610630168583
1247120900597653505
1243695194660274176
1236702252926107657
1258024695003258880
1235897508309667841
1245328867365175299
1239658903157313543
1249042570161815552
1263280297006837760
1255870172331749376
1245376451492417542
1255515316706332681
1248844707771318272
1251493528699645952
1240795253059325954
1243708945929306113
1243329076145860608
1244056276432236545
1245765151615340544
1255560659967893504
1249797173623087107
1244021288273920002
1266522626903728129
1244726230643085324
1249929270299889665
1243362637095645186
1239663492178653185
1255291581894098944
1244739248076529664
1238595601350021120
1240087714566942724
1258074086581952513
1245713509951901697
1242617091494219777
1252088403274973184
1244976459107766277
1255999131962814464
1246553428379291656
1253158185516572672
1237842129168154625
1243338431423557639
1242153670332035074
1248451341439193088
1253409899461009409
1242879167164821507
1240643457678315521
1245886840646832128
1237933207120732160
1241046898536075267
1244419012102103041
1261946891803209728
1259901406141657091
1257774267414052865
1240265000482111490
1259955981003427847
1241560604092948480
1239200658076680196
1269676990610788353
1255158444660752384
1261780118055333891
1246240281550360582
1257621614679769089
1255707544611405824
1262843653254451200
1237514769222909953
1244662669417893889
1250476676196249600
1254584670748016640
1240424179842846721
1265354009075953665
1240753846604959747
1257639850791981062
1244669439108427776
1237776352515940352
1264630657344573441
1240517183253270529
1247283589860995072
1249741507524997123
1240421331700723713
1243201289959485440
1242475339881877505
1238267604348919811
1247665614501576704
1246156147486330880
1241873889048870912
1240464498428907522
1244975075922718720
1238644772367204356
1250824935745957892
1252304502314741760
1241399127478542338
1246380073038602240
1246481425345454089
1239116772839743489
1236289830889422848
1253540903194628096
1255890503410778113
1257365905954258952
1240603933611118595
1248599619430494210
1237727429151666176
1246810219889537026
1267021871071059973
1241558129269243904
1259237095023030278
1240638788675801090
1241900066404741121
1266936896925700096
1269060084937691138
1245116930933108737
1263081849557041153
1266345526091546624
1263267309659054082
1239619911661617159
1243326053851877376
1249790178673254401
1244111223555227648
1244059944481173504
1238433827380432898
1251500901883314176
1261051427952222208
1253401706207068162
1255471520979222531
1239001876923854849
1241562891708489735
1259505077037010944
1251678182983507968
1237179661202964481
1248074367445151746
1238664811287846912
1246485193403379712
1236677576699129856
1240724037195763712
1249721365353152512
1254546457128046593
1241873279574585346
1242252934311788544
1250071784709382149
1238514532957503490
1241868464140189697
1244951523173507079
1241013217821888514
1236003008560926723
1256389445315637250
1265633870269026307
1257657629347905536
1262947679514091525
1247737187631849472
1239070319165530112
1239963706198392832
1242653746473185280
1247032470534578177
1260601633500692481
1257817595090092032
1242528885759037440
1238864154036969472
1242425738592227330
1245713267307229184
1243936320415825920
1266543666165886978
1257825281764622338
1237787222100922370
1246221967600095234
1261741981660839936
1238667929887129600
1241715810596519937
1250777090036727808
1258376486467317761
1246059233348550656
1247411546956980229
1269632612886331395
1245110764328886272
1246510484590903299
1249887166387363846
1269802484798799873
1254480174801981444
1251598120988934146
1256942908776812544
1239214159620984833
1249004855349456896
1246195761420869632
1237770800263987200
1244932493209407490
1243707568158937088
1246911851126034432
1238520461056708609
1247171881620381698
1243359993010610176
1248201020414533632
1248659553476116481
1252944843984289794
1245135436734959619
1248114889463390211
1252555163073753088
1237170318898323456
1250867831656402952
1247182743747858434
1242580286992535555
1236839551731105793
1255119094371831809
1255710765954347013
1248872235982602240
1250966416301359104
1250487914200469512
1259247061947559936
1255860762859507712
1235679240370221073
1239973853918408708
1239867713708789760
1249071679122309127
1245125927773908994
1250104902812078080
1239383234472968193
1242519002762657793
1242865045765328901
1241475147384709121
1264395039276400640
1241019192029085698
1239668617639333889
1263145083156774918
1242982834387779585
1250537711745859585
1244271523394969602
1249498127364694016
1245180207130165249
1250905143006105602
1237405594883063810
1242549880557535236
1241209447017570304
1268211738467602441
1246219187200176128
1246065563912343552
1236112623961288704
1241870003105865729
1244975456920711168
1255545073086930944
1238271566980489216
1239651789999407104
1242805571365068802
1240413612411367426
1260199067495411715
1241132668282118153
1239902554684874753
1235378495427153921
1241405487389827073
1249764329362161664
1261990734254702592
1239263615590584321
1263911069929660416
1255866325827825666
1250821572862115851
1247505796721713153
1242384278136160257
1236179253210857476
1237892387168346112
1259864798700998656
1242859269294297088
1253005617490538498
1253340980758974465
1241327196725219328
1248675881142411264
1244995890315702272
1241916071298379776
1258239677640904704
1241716162288812032
1259136456695730177
1246031124947763201
1244847554241671168
1240136003857321985
1241884688186257408
1252626766805504003
1239760142008299520
1249809549776879616
1244581308409544705
1239543764139548674
1239658706171813888
1251139448936554499
1240042497134530562
1243782271464869888
1237100648832946181
1240519571469148160
1245047280161308673
1249815121309896705
1249815025566572549
1247384640706490374
1253412651536769029
1242671396620304386
1261150737981231106
1244029392206073860
1246481939718189056
1251304512628961280
1265033995982536704
1244417679164878851
1241129447677444096
1247916338808528897
1255467314931171331
1242196142680653828
1266935291828408322
1255261373879267330
1241771633033043970
1242092856816340993
1250107106470039555
1245735405854523392
1235427524403965953
1242650017258766336
1264556752982417408
1260394606023204864
1247973761963495426
1238643005868904448
1240511844931993601
1255956739423379467
1261684443967827968
1237841859784740866
1241914882523611137
1249179769255735298
1255527796123860995
1238272325822435332
1240519430339207168
1251705388875087873
1238877646479654918
1240042622154084353
1245142949870043136
1237212850957017088
1239572214585921537
1244763278544449537
1238698806578987009
1254864161076424704
1240063658027352064
1250482846046789633
1246130609866641408
1245190204962623488
1245416579283722240
1258202737176707074
1235927286169440258
1257483256745938944
1244032017941114880
1240806954471129089
1240894945298440192
1268686020482138112
1245384636374626310
1240829272476069888
1242086411941052416
1239664872780107788
1245871805601964038
1242668770306469897
1261631612925681665
1265811492001243143
1241931770334859264
1252401076415762434
1247232361043054595
1242063794823667712
1259964039297413120
1236762137869066240
1255343812886573056
1242684830514442241
1235378449822486535
1242644522141650947
1250081463984414720
1250082509062316033
1254756331552202752
1235790559614300162
1267312704227880961
1241401808309964801
1238800714874437635
1268733721592692736
1241913976931393537
1237811978745380864
1257778175532204032
1241805899724881922
1240818082710458369
1245942033941958656
1240517459653902338
1249158567581679619
1246823923527942152
1257491898178195457
1266426918162874371
1247736993368375296
1245173849089597440
1250728344867536896
1251680746781265920
1248645903612882946
1254913760734711815
1255471566604902400
1250121815659352065
1250256314539933697
1239187204246769666
1245323634660593664
1238587135151738881
1239756088607727617
1235681005358510096
1254149131024633857
1249654333597192192
1249299085661741058
1246201204138553350
1257396523542904835
1252222299803189249
1246495768170713088
1238935491153625091
1257485906312912908
1263651897321361410
1238081664942776320
1253445831933530113
1244759394702831623
1242772814043717632
1260288855766437890
1244318129238487043
1239194391643856897
1241800464519196672
1246400024931598336
1246191844238778375
1239882317604311040
1239387350993530880
1260202040267079687
1247427385445593090
1248850358186672129
1240818027756761089
1239361184417054720
1242161475759812608
1253423057202343942
1258448781789585409
1253707025739104257
1255000267625562113
1251124709531549696
1257410536045600768
1259164170827816960
1244812688599003136
1253895037437517824
1266543670188224516
1243624059893698565
1249043109784289282
1240719914316546049
1247589120236494850
1251369088410177536
1255866582007525383
1246550539221024770
1245086416884903940
1238277506429575170
1247916839314886656
1244725281547595778
1255318473275826177
1265025642288070658
1243503792852697090
1237265731399700480
1260199191030136834
1241196678063030272
1243712796669415425
1240979374394036230
1240421227233267714
1244887328499347456
1240736487521615872
1246132525900038144
1253422410495213568
1239687290689126400
1253054861165367300
1237856073664495616
1260619380490211328
1237827719079038976
1246088243147419650
1238798215740342272
1239548030879174663
1256316305185144835
1236007250294161408
1248720185613115394
1262007858146586625
1252309011220791297
1251577658695188484
1268248482432847874
1240713103869792256
1252733131167318016
1252414596503048192
1246494972494450689
1237949499403898882
1248721361993859073
1237891676389003271
1239660309108985857
1245527627638681600
1251379169293930496
1240066018157957120
1239002938141523968
1249835247430176768
1263232744621998082
1239777680670838784
1238822276767846400
1266473875296129024
1248672855111413761
1240135832889110528
1259728406096367616
1257471582378831872
1240435550823350274
1239081820802646016
1251543086204928001
1242201386948997122
1235679864360845313
1259158899095199746
1255534427767275522
1256221353373511685
1239334130845913093
1251953935092457473
1237407172029493248
1258070334390931456
1248603865206972416
1236084695932325890
1247665172593999873
1257482104373424129
1241523077265215489
1246226619573788672
1244766161193009152
1270186807951589376
1237929840650653702
1242253159558455296
1250782967351427073
1240596601531297792
1245868318113685505
1240793327320137729
1256395015493951490
1240165362961977344
1244025814733201409
1237895873192837121
1237898689131106306
1240830741560340480
1250423166200999937
1244374635283709956
1243002790135332864
1245535463919796226
1244938213137043456
1244938537100890112
1246260244067553280
1238422124697698304
1262786001526816772
1251508181563592704
1253668722537107460
1254389557040218113
1266937816044445696
1249887060187582467
1253670287536730112
1242226040019333120
1242468206222155777
1248446133560578049
1250814101774835713
1250914664067878912
1241816229687570438
1241133158071971840
1254868291027374080
1239730589932179456
1262191411883118592
1264014953431908353
1267465372917260288
1256004055966638080
1247253059522232320
1242463935497830401
1258884478946160646
1238109837126443010
1248828731910762496
1255646142743920641
1265112973976182786
1236840355435286529
1241129582289391619
1239662538574487552
1253750722132348939
1239641278800957445
1262202955387875331
1244423077565472773
1235630822247538689
1236507665070776322
1237048435775361024
1240819957451100161
1261463293702569984
1257483571465519104
1236089080326258688
1253656475215507456
1256364040705605632
1237916887461306369
1242516562340466690
1245724549796302848
1243908034788765696
1254810542839136256
1249898048236503046
1236763222520344582
1237833202749837317
1266933803974524929
1246641256903647232
1238170264921350144
1265790495256719362
1260461902909636616
1265406888822349824
1242631333022707713
1237410685690294273
1237410667444998150
1262401473058570247
1246949386623619073
1249426738846801920
1253406628478701576
1247192033137221639
1249496156704571392
1245659307279912964
1266086525395230721
1245099231360307201
1245114660099108864
1242154669205532675
1239736702220075011
1259936720159674369
1262533746881937408
1242090585038692357
1270238461484818435
1240023849485336580
1239651680242802692
1254074039947145217
1236090909370040321
1240134739236962321
1246499042105974785
1252397949700542468
1261091358087032833
1248595384659738624
1252575344504299520
1263697751860264967
1269756655845154817
1262463074944114695
1242668769094389760
1250524562221150210
1249414557501661188
1253149969135079425
1242465416208879617
1240047076857327618
1253066406125621249
1246899873691193345
1237212464804061185
1244974064428634112
1238300242392551424
1257389359424307202
1258087702299389961
1236676944231530496
1247513345638490112
1256355353232584707
1242832268126797824
1238670088141787137
1262752522801799170
1256014347375128576
1248965599092527104
1250442733161832450
1242452293045424128
1246851165528170498
1259072054432690176
1243710875388674048
1241430438427660288
1252775760030564352
1240613794444914688
1235938927971840005
1252908791919755264
1241130763296419841
1250991619635122178
1246513785541722114
1247707022885359618
1241912049170612226
1245047795469426688
1242884914808328192
1249400707507277824
1248983942885072900
1268895272345755649
1244313162998046721
1238007054717063169
1256709671160811523
1254475703699017731
1245032951353675777
1237482806986539010
1241390249755971584
1235674308740927490
1240993146890334208
1240035073107394561
1261417179028701184
1240712946558238720
1260716962063187976
1248206528676605955
1242618392789561345
1246562007685517312
1253121029091844098
1242660181730824193
1246837340049272833
1267468881473482753
1240296906733084672
1256001017436659713
1237918204413923328
1236676656896638979
1253348502190657536
1241386944422195201
1252207700907143169
1235382793351421952
1260266716401143808
1245065163981631490
1242582827805413382
1268677235713683462
1244061835592192000
1261092274630545408
1240493905956700160
1237349420875816960
1257364517497044996
1240475064774033409
1243139890507845635
1252805703330340864
1242207265953918977
1243291171595714562
1246506504385105922
1242222953720426497
1264213760908107777
1240046301821231106
1253145565786931200
1256012028399026179
1258221126636974080
1242624192455102464
1243894411467071493
1255198576050831360
1240091248716898305
1238496861918507009
1239646448532082688
1236157404208943105
1253074557994446848
1255263683313373185
1239392932140134400
1243388434091139072
1241863055660777473
1244367739751456770
1254592370760392705
1256960341675827200
1262763214602985472
1236392487343841281
1248775361732792320
1268900992432529408
1246096145237016576
1240467311074689024
1247756509674532865
1244657464093614080
1257512254083391488
1244958889185030144
1248353652559020033
1238532090460885004
1237130403284226049
1266829873642905601
1238410217412575234
1238797362656616450
1246550322606223362
1248422110831108097
1239733439911415809
1240472627300331528
1248640919198457856
1240086533685809162
1240470686893834242
1249029709117231105
1254317915379314688
1256025350498324480
1241738861946036227
1241125862491201536
1241002942280486912
1248594631320879106
1245037996677763073
1241124293406265344
1241005525904568321
1248589779962335232
1242417168869994497
1242883711185682434
1241112565029183488
1265634002636959746
1240424204404756485
1255257197392642048
1239392053278257152
1237277768808873984
1250228592035889154
1242078440855089153
1269790366527561730
1241769441903423488
1265383637379317763
1257717151227498497
1266932929307070469
1242429412173328385
1250537923289759747
1239639785876140032
1244424476487540736
1236073534759342085
1257904016610254853
1238999014139461632
1245329237000757250
1248608140830167040
1248363937986379780
1243714363619508227
1250652535691661313
1270356703205298178
1240338292438114311
1242730873956548608
1244316850240000000
1240817742179192832
1253048735485083650
1254255073078710277
1239747072049414145
1241852202232274944
1253129358455300098
1241325324643729410
1238920206488973312
1235680468852502529
1252608173162323968
1242783978807087105
1257296927013703681
1250989518544605186
1248936578417819648
1242864080270000128
1235615272171642886
1244818037733277697
1246944934986473475
1246506089048420352
1246507312291905542
1237123311416627200
1266347128311492611
1239928735391940616
1241803554995802112
1244830250829336577
1240281659494326276
1246895033388879872
1238516564464410625
1240476032261672961
1236041507867672576
1238335113592700928
1252339235467583494
1258129466376818691
1239057043161526272
1248077284537520128
1245419117244530689
1269841579516272641
1249887271899234305
1241718234459635713
1239772499195428864
1248005244165881861
1237478202102222849
1240769109052272642
1247680274810486786
1236772491726594051
1247022911073943557
1253466644174852096
1250260459804135425
1267575899991523328
1250969299679875072
1243872227789099010
1244839401240346626
1249910513452167171
1256959711456493569
1241841454890332161
1263449683604766721
1238552495649144832
1236750570888757248
1242435721891401729
1242547535715147779
1243362160605941767
1238290189509935108
1241452191451361280
1239538513147834370
1249500174180913153
1249659183181553665
1266411916584456192
1238531251172184066
1251199304347328514
1240738747379003406
1258083173545762822
1236766420358348805
1255578069169029121
1242925502874222599
1239623000514650112
1243127064598925313
1251670082368999424
1263501211820425218
1251479253000105990
1255924576342638593
1254833256622686209
1235581324620070914
1252207716627603456
1247671751108157446
1240076257888526336
1246937438544674825
1240255656910823424
1256627372020903936
1235609762391351299
1253156899064774657
1243599217467277326
1243335198919589888
1238186950416166912
1267799094241759234
1237952192537145345
1245495876954578949
1247193978392449024
1246391133325885443
1242849003303309315
1246479044524363776
1242701515074273280
1252083631658500097
1256653776406134784
1240474439885754368
1242076616458743813
1248601445387194368
1245687316565364742
1248076831460339713
1240473358157918214
1241138562755592194
1240613350301732864
1246293023354486784
1237654494583967744
1239724092502298625
1250464835952836609
1243235353126998021
1258211990465646594
1237753956949987330
1247280950842621955
1257993474818871296
1251596671047303170
1239299347369598978
1255298065642270721
1247379324338081792
1254737333544460293
1247219267315040256
1235663809739714563
1260417715719868420
1242942700401418242
1253883599411126272
1235663158985076736
1259902011719536643
1263319187662999552
1238949423402680320
1266212174013308928
1241920905795821573
1251911509644582912
1250131107842007048
1251267857247338503
1242850969161027587
1247257580168241153
1247981180244418566
1239548835371855876
1238532044394823680
1239769203999154177
1243786192681947136
1259157053551108097
1240510296671883268
1246898661105250304
1242269663679131649
1235615528141705227
1240728945756176384
1252963781174603776
1252257219527278593
1242920145892368384
1245060335922544640
1248325217522515968
1252615960223272964
1249226732202274821
1253662241376927746
1237950948363943936
1248351644028461057
1240133209674964993
1262463974764883969
1246146406672470017
1261357137315405824
1238495181047021574
1252008403322494977
1242410531186712577
1269270422266183680
1244031250580606981
1242610652537131008
1244032006192799744
1257423702175735811
1252396517496778753
1262783443852812290
1246147295000788996
1242849450420289538
1252012143370809344
1242402833481322496
1240696863327571970
1243262887633788930
1253099402165727234
1262155767790141440
1245257822750879744
1252174576513159168
1237497360625930240
1246099471345336323
1241543555220410368
1266069885714673664
1256163573119815681
1263497092972138496
1255249174397927428
1246170840997257226
1244921602422321152
1242954319596568577
1248703527238561793
1246035947893993472
1252426165882515457
1238291718706991104
1239710573622964225
1235840085796388866
1241940702105415680
1246815608148287490
1241174114481692672
1252685363795165184
1240595864067792898
1241722974119526400
1241964826806681600
1245878864192077825
1241592310833590279
1267472049041268743
1246170336921636864
1242522551042969602
1242937372888707072
1251168213590818818
1251176871443791872
1242426859377373187
1241445396054003713
1258778221581144064
1253070265199796225
1266328189657366533
1251697160250368000
1235774845994045444
1248032402959667201
1246268399556136960
1239376719620050944
1238561332766662661
1256012351884705793
1236796991201587202
1240733152965996544
1252916255012597760
1242578423106674688
1238872831309615111
1237827985497100290
1244138354247118850
1254881549281001472
1237895982429290504
1262856604363509760
1254879397011742721
1241922730003496961
1237914940498939904
1260989116159852544
1237103542994743297
1253647279480856577
1266148517657092107
1261119570410119168
1247317828795076613
1259907528269484036
1253206294691012608
1241931759052300288
1259159070478647297
1242841193408540674
1241969621051326464
1241136992274038784
1235973870554943488
1249185321180442629
1253463672158117895
1250829200279375874
1254959817350840320
1236713284579069961
1236076154982936576
1240068672779100160
1250187908734234627
1243931158145974275
1253479670311510022
1251201452518883329
1266484400612610050
1246439743535157256
1260765117723140099
1256442702587183104
1251872321478045698
1253791622313250816
1240431510387376128
1240426070299611138
1240182847895461888
1244739617963810817
1251203499624468483
1252423027263864838
1252424765194657798
1247511679761604609
1240999255575351296
1238561564942352386
1242933149065150470
1239667697908056065
1240077347195359233
1252984003247955970
1247092358086262784
1252985423015677955
1254787227726385152
1248267066202873863
1249848689281191936
1242485021312790528
1248969040942546945
1251710673278717953
1242917648154931202
1252075525352435712
1251186332707229698
1240085781642981378
1263795207591677952
1254748056995717125
1242967304280907778
1243562604322328576
1242882158118744064
1245091601015287808
1239763514476105728
1254467223026008071
1253703893340557312
1239706577113944064
1244927095995801602
1237126198565703688
1259950601636634626
1248156898723016704
1250861620919664648
1250495670928265218
1235930161272573952
1268504137693609984
1245152007662559238
1237042059502108673
1238560859661709313
1247348900861804545
1262114178703253512
1236741464429920256
1247649897911853059
1248032997045125125
1242826425373253636
1243258461837811712
1266936056949112833
1241133117592801281
1240613576655679491
1243256660425986048
1258069997055873025
1236287852247465986
1240999411142070274
1247132618438725632
1260193139089911815
1245856756216901637
1239728274261098498
1252614633531342850
1235959431940190210
1240333867560689666
1235494360851963905
1250367304396754946
1247738345343668230
1237926837327716353
1240471941238132738
1240960866306195458
1246271791338786818
1239764789150261249
1240792098208612353
1257864436196478976
1237917083721175040
1236694673755983872
1239731279073075202
1255331073514504192
1248215546715389952
1253129980860653575
1246880748726075392
1239299904817623042
1241508884679802880
1243329909520510977
1254728029642907649
1246778123267571714
1247191487454089216
1253470213485604864
1256023251442163717
1244699174035169283
1242015330295218176
1246440274705944577
1242188960962666496
1238618140919189507
1247143282175508482
1265446732663599109
1253773041110114304
1246064982204264448
1244404928119963648
1238301160798289920
1242852753363349516
1239670374373130240
1258733943358095360
1237157790008799232
1250494848773300225
1240801017308106753
1262933031356170241
1244779923467796480
1245211138402500609
1238415236400656385
1253376147074809856
1240805641146568704
1237349233381998592
1237918788022153217
1242237065804296194
1241794227706748931
1253345862245388289
1251871827330306049
1246654428163330049
1241569334708879360
1257702872524951556
1237884271253061632
1246136662427684864
1243864134279626753
1241499433042403330
1246905204840321024
1248615563586232321
1241903522305708033
1238521952576450563
1250609434700787712
1243577469468315648
1238753530888040453
1257042262292418560
1255141978909446153
1240240455775850496
1238348942003372032
1245402627766136832
1251233131354632193
1246138178525896706
1263622050599632897
1254052655820931074
1238685908687192064
1244413694315986946
1242653357761802240
1253498428648312832
1245466539576438786
1247293558593335299
1246790926867091463
1262503683478237191
1247692816047898632
1253721556297175040
1251115302055817216
1242889054405963777
1237198361205313536
1242645738833752065
1269044672661512195
1256302563340832769
1243675833711108097
1240026239341137921
1244081608220606464
1267166968139984897
1248725220581613568
1251554689717547008
1237915963720376320
1246451419567271937
1237186141461323777
1248484927873536002
1239920077346136064
1240346726051074048
1251522979403530241
1247135939975135233
1250643906401730560
1248962382950535170
1246419963054874624
1242233672775974913
1244768664009801728
1239432167823990784
1244407391573204996
1247017226764464128
1239361180323459072
1250614067015954437
1260323914854674444
1253665993970397185
1241873090956668931
1236155777833938944
1251194011076960256
1243370669670350848
1258490873492525073
1254896374262497289
1246574845699264512
1246462184751857664
1258063366637174788
1255470976248221701
1259933977705689088
1258581061556150272
1239344041923416065
1242064283258761218
1244726267338829830
1253449176580407296
1241136523719958528
1237913741573984257
1248702336622460929
1243710275792011266
1255638511887122432
1244063482141708289
1254741405982953472
1239203553257889792
1238614417555718144
1241565420374634497
1252763534230007808
1254865022678786051
1244721729135677441
1244037698995785728
1252473568342007808
1242189007804563462
1263722554998611970
1253435995497742336
1243714232178421762
1255304115250479104
1246910716440989697
1244077603587272704
1249531784779481088
1240431598878830592
1250241929054429184
1250643318482055168
1244608157424537602
1238284323838668804
1246436689683402752
1239839388357611521
1268154001641672709
1243291212070686720
1239241473138327553
1266037154985148417
1242618967161741314
1249413833023795202
1240606211696779264
1237920309795315713
1264238949037412359
1237101490784874498
1251199077502660610
1238259390995673088
1242860282134831108
1237914790477119488
1261032281713586176
1246922109756022787
1240421104008802306
1236320912959582209
1237331271967215616
1258914096902176781
1240042409309941767
1246775598221058048
1243678027822895108
1236526525182357504
1255832034410463232
1246527376642715651
1238425411752562688
1246525094194753536
1245789289071480833
1260977322632663046
1236276215901798401
1238018391765585921
1250587246547423237
1248444432678035456
1257663792856563717
1258164763403698177
1239003095331409926
1244409915894005760
1240208259425931264
1246452253948628992
1249700474388873217
1250620946853048322
1264209679288328197
1263170037835235328
1242932318685270016
1253445001398431747
1240431741187260416
1239724656350965761
1238257539063656451
1270487103634276355
1251200509370945538
1238521398190104577
1242135638893363201
1241798371557416963
1238614775074041856
1242921129116917761
1256203958428798976
1246058403824308226
1243934573525733382
1249350881625153536
1261766432569901058
1248965003602022401
1240730649297911812
1260010660789796864
1244308997810913285
1245391460842733568
1247999863398133764
1247023042456412160
1245905767754084353
1245517200775098369
1239030629561401346
1245040989376589826
1248938358274961408
1253104482361245706
1269341051820662787
1242068320121225222
1263725835728703488
1239638786906128385
1236334679290187776
1259094549831528449
1251880938709155844
1246040185743314945
1256993189791182854
1238455180313743360
1243891380688216067
1250864949636857857
1250281894253481992
1238417164421521410
1245480059751804930
1246052996766748673
1239027539902902273
1253905257043820544
1242933069700575232
1244105518500720641
1240087423129989122
1259171003999158272
1240089100067233792
1260529327717957633
1235597087846174720
1246450695047467008
1253509668154073088
1246451671007473664
1260708566526316548
1250525838849777665
1243261080706703366
1246576257019654146
1241570359972974592
1256268311857213440
1244341872530731009
1253467492728680453
1244028293474631680
1252958772017991681
1244970646012145666
1251016607360364546
1235035644210098178
1254754667223035905
1250451943954186244
1260402579550453767
1238807379799613440
1257510857216532480
1254403176054296577
1237499285127811073
1242234587515957248
1247480572580188160
1251877807568936960
1240019169237704705
1242216874613579788
1246172384245231619
1255519691373764608
1239945650210582530
1251692827102318600
1246276922751025152
1247296022461677574
1246097357084725249
1246574621224304646
1244033823416950784
1237920922918625286
1237755834765053955
1247680846309535745
1242289076956475399
1244693352043470849
1243727697848807425
1248645439861207047
1238487907062747137
1250611614832889856
1235762727114731521
1242705607993458690
1235016160430690304
1246903633440104451
1259980662842503168
1253337247484526601
1240115287158030338
1256770240081428480
1246847824731541505
1254826854533476353
1248026076963647488
1251235757701939201
1249451692908740610
1248290614548062210
1247205650653995010
1253464458778812420
1239306220680421382
1235206969256009729
1250767216301289473
1241496443849932805
1244105318595833857
1239486486828982272
1243567778810007552
1239024769447735298
1255452631419572224
1263150856318398465
1249858489075355649
1240502739370528769
1242068584668499970
1252225575139381254
1244307323578748928
1253882392953176064
1248261574877425665
1247594527168266240
1263270894832672768
1265456377432080385
1244925450528403457
1252391512995844098
1244698935131766785
1249821511915057157
1248325241794945031
1246046781588287488
1245155504743157760
1257114219495010305
1248779254046883840
1241567208372830208
1241859751828430854
1239766688549285892
1236740730267283458
1253829143927586819
1259535660580515840
1242220062003650560
1242068178848452608
1239707007717978114
1236479630061772800
1242063195247972352
1251192945811894273
1250196972289568772
1268344240477782017
1238619291496239105
1255887213994356737
1238481577736318976
1260272598794907648
1253140479740391424
1244724210502598656
1242187430465331202
1269831127373680640
1236109074606981120
1235928560302505984
1254832052328960003
1236112515576279040
1244677302933479424
1239056268809117696
1254028519178489857
1238084832338608129
1255616631025303553
1246439168315703297
1240533955629252610
1249131719317471233
1240426541433139206
1260668384980668419
1245828640580878337
1237952895242235905
1245097217578409985
1267841086791319552
1248662248870076418
1239231130345316352
1235722349955162112
1246433036075511808
1247512795597471744
1249534507193176065
1240925041149255681
1257481241340887048
1266463346393481221
1253403026049716231
1242242450762223616
1239289791147061264
1243006141682069505
1250600192111529985
1238671333514530817
1239379995266596870
1239113591099469824
1267083216390889472
1235771158106189826
1246454887715606534
1243108247994851328
1246225969297461249
1241429003917033474
1244741528280588288
1246304058916380674
1247142507688988673
1240965496440266752
1250204161595113472
1252269355498377216
1247323703442096129
1258589202167607297
1269814444151930880
1250451110105690112
1247523539378245632
1252226496632107009
1247611696543342592
1241454531411685390
1239532034223222785
1245096066602733569
1239517870729674754
1253388727671566339
1261324258913005569
1237704449486983168
1243565511562137602
1260649975937028096
1258572671350124546
1244683120491757571
1244335677975728129
1239703351375400963
1254248924539498497
1244336377950543873
1248772512042962944
1252756704443469824
1254948563374821378
1237885090543349760
1250677405309689856
1245022469204979712
1254096223646167042
1239671108623876097
1253479713596678147
1237245237975752704
1254933471467896833
1252044973047984128
1248780717414326272
1242232005229756416
1240091927254622212
1241099877154725890
1239708616741060609
1238474884247719938
1265455894810243076
1251615791717515265
1255249026011803650
1241451756900548616
1243637862882516992
1248588346865209346
1265113944026382336
1237702160709713921
1243030256816177152
1249701098052628480
1253791947581460484
1242619233604964355
1252254314191630336
1244045458286280704
1240430496586387456
1240810753348812808
1236666359947427841
1253124160408236032
1246586452454133760
1260564786154278912
1239009024248594432
1235263213517799425
1247313991124365314
1252618810491899905
1243683241569198081
1244488511513903111
1263501051048726531
1241491472022745090
1238926678493220864
1270189660682190848
1252015005496684544
1258360318046208000
1238806100897644544
1235727614792175617
1239765911927762946
1245466622300762113
1245466650155065345
1237915104869355520
1250209070184882178
1243865677322223617
1249429064642965504
1241865355317960710
1259885737165676545
1244477973908070400
1240075070283960322
1263613080853938176
1260005981511172101
1238312402590093313
1240015396528443392
1238890813595299841
1261421314411298817
1251882085490528256
1246245738394390528
1267260002248654850
1243794533936246790
1237657055701487616
1250183910912393216
1246096894717300738
1263232527768211456
1240370505531764737
1244684807814209537
1246974320959725575
1241862032091164673
1252017742858932227
1247850975936774144
1248602487260676096
1248614156795662340
1237918794179280898
1242936022754877442
1243890494767235072
1262761695421911041
1253453918950100999
1238917995256315909
1245175133683286017
1248076121859592203
1260250059226198016
1246654745294577664
1242398587985764352
1265254073860792323
1244775877403127808
1251869480252301312
1244772313402310661
1238022472747933696
1250761782999822345
1237727512442142721
1258083198409605120
1239730325330198528
1270185958995091457
1236406537058488325
1246271221915947009
1251914109110693890
1237402670182342659
1250100475518730241
1256936574404702209
1242290987319336960
1241689822198145024
1251170549692280834
1242835017522458625
1243971455211184129
1240035405602439175
1242583793397104642
1245022848395214855
1237420340256616448
1236774300604080129
1239704700645249030
1251683512522018817
1242792676845592581
1248621247887360003
1239289753822023686
1246665101178011652
1250847948272959488
1243025831183691781
1247210039456260100
1257798415276179464
1241885441177128960
1268998518640951301
1239586965932191745
1236093484882419715
1266863523952504832
1245830831417032704
1243345519499530240
1236095142228041730
1237101829445599233
1251730040573870080
1247616871387607045
1247331180808208386
1251140080544231424
1237916416327790592
1244004062875586560
1248939986654760960
1251143951861428230
1239684340432453644
1247593766694850561
1262161438350680072
1262200092238532608
1261473399760736256
1254620465609441285
1248704565140164608
1239152059485687808
1246463757037047808
1263429286230462467
1252207697816096770
1251555210641707008
1262715618563813377
1262559321910661120
1239769904707969024
1240088677973463041
1244839954703888384
1251334235937538050
1237102578703491072
1238158260672266240
1238619946055282699
1238364752419717120
1264569264624807938
1237996641480777728
1256768826638774275
1236669992671875073
1246034796259803136
1241022458318249986
1260436431043989510
1240056779637239814
1237062985782304770
1239072171563134976
1248199345448550400
1252612733876535297
1244473321879678976
1250087813221097472
1245002043384893440
1244232151261986817
1260907030426107904
1248456184454983681
1249401017214603265
1245786533581533185
1251349569788694528
1269339049828978689
1249870484252082185
1255248990133727234
1240967177748037636
1235243297121193990
1242931450707615744
1241932309986775048
1238621652252012544
1248623875283279880
1239932279524413442
1237683205366591488
1249399157770592259
1253529782727426048
1244858532534648833
1262143317808119809
1247441598889234432
1245457235339284483
1238621218661687296
1236281499592294402
1237399794638880773
1247295860540661765
1255832301201690624
1237876643533705221
1242833428321574912
1243660210171977728
1238274554008612866
1241388230806732801
1250613290436374534
1251887400999161857
1256475908170539009
1268906021411598336
1236747993572835329
1240217953955692544
1238840271451951104
1237818657327190017
1246220438910402561
1238617770650107904
1247183924255653896
1247428804882173954
1258066044268220417
1247429021706698752
1254928061717504002
1264601739283574785
1239229739694469122
1252981631725469697
1243444830233145345
1246296598872801280
1240366243217125376
1253479609867407361
1238565682150871042
1239167742562967552
1242918030621003777
1240791934681186309
1262857656169046020
1247562845698641921
1258155471913058305
1263186990352207879
1247714818674642950
1240085800626388992
1238475564429737984
1258971039918424064
1262477593879760905
1254099648094011394
1241522039338434560
1257116721871310855
1237923241122988032
1246656868992385024
1246463611775651843
1258521296171724800
1241805152140562432
1245567986938851328
1236466631783731200
1236467676387606528
1258177781151793154
1249339050349248514
1252433478135672832
1254537707314991110
1258842997002850305
1261307981234388995
1236731762845167616
1261736316435300353
1247475937949765633
1270147665674846214
1247732370284961793
1246459255630311425
1248985807676772353
1238608586445664257
1262115732311224322
1235999441397657602
1243793273019420674
1237898449682481154
1248066408094797825
1247349117522714625
1246100460399931393
1250856999555915778
1255455862149328896
1244706370185760769
1254800780126633985
1247848958023565313
1264926235429425164
1242562031854784517
1240998659946414083
1249114251098120195
1235972659680366593
1262160766360326145
1253100623576346625
1258594691286794246
1240029918332846086
1243690927127957513
1236119726700613632
1240411001062735872
1244614097443880960
1247555481624813568
1251600830479978498
1240550697503993856
1252437395636551681
1249899746996760576
1255220944794202113
1238933323331887107
1261464408791724036
1254546460454146048
1248379036377604099
1253102780404969472
1253946789591494657
1240179064800829440
1251957964216426497
1250875630914359302
1241829535550558208
1256720004835348481
1251500430200373257
1244307301110099968
1248065850835439616
1236121183248166912
1258740729079349250
1240323172425175043
1255019987590356993
1249138893322178562
1248741693714817030
1253068573263699968
1241865899205971969
1241342098386956289
1250401088479670272
1250398297707200513
1241924660029198338
1250079387606749187
1260565496618979329
1242301139237908487
1260369979372982274
1242623779936878594
1245514564076273664
1245808436069183495
1253784581167185921
1253085423930355714
1253832896454017025
1239883138513408001
1236521377018064897
1241917482794979333
1248684178541068290
1244250088781819904
1250654653789978624
1236401101722783744
1247966409398902784
1244102580009144321
1237925346449788929
1253365195776368641
1248374065393360896
1242633820391833600
1236054741106466819
1240371673641222144
1248068665108500485
1253707500211273729
1255836056693493760
1257107956254085120
1235666481238536192
1247480160040910848
1250059000848187400
1239702075577163776
1240465148801933313
1255132548331528192
1252242309699252225
1260038026522251264
1239221282115379202
1249491781080793088
1251170999711805447
1239029951585804289
1249142617381756929
1253460286843113472
1243370868337762310
1241377120271699968
1235928464886239232
1259843204477849600
1240960949777031169
1240239448668995584
1235336236623163393
1270106970754818050
1237875250928312320
1246451226025373696
1235763710641295360
1265690092175273989
1255674049121976320
1250398646165811200
1242127322783899651
1251616058869456900
1247347359014629378
1242282201644855297
1238563645208043520
1259840589077544961
1260543309157740545
1241451820297465859
1259902726735048706
1245201560910606336
1238294870609088513
1250854439205953536
1253116332708675590
1254790158500663296
1249861969500418050
1252347536246898688
1237194637342912512
1236725947036033026
1256773334617989121
1242401500162375680
1239925552024293377
1257798046143909888
1251138234832359424
1246226415760130049
1240431205457281031
1248509568029806593
1240500298482962437
1242483272380305408
1249188032747638784
1258386600469434376
1262732092737228800
1237500443879759873
1257739187123560448
1245854374238154752
1238924544745840641
1240117613428199426
1245465258979926016
1240817155257532421
1245728907900444674
1243295101369167875
1261268296877383680
1259875741027663873
1247267940019421190
1262480991094013952
1240116222387200001
1238915614716157952
1268985932268666880
1238364568629522433
1246975876857724928
1251987260570046465
1255459074726125568
1258537350084177921
1244410283646476289
1241853763419340801
1255334176557015040
1245503983432740864
1262162430995595266
1252578615558111232
1235064724632391682
1248800364670914560
1239221713436639244
1258497537767604225
1240147438092062720
1240076552899104768
1257456471853469697
1243686899442737153
1245754618728120321
1251481701936660481
1254038025983660032
1240699994241294341
1238632856714383361
1249479788814893058
1243135658178367488
1254791343039078401
1243644477560012800
1241846936476487680
1265979446592495616
1243568326107897856
1253526371655172096
1252247364892536832
1258852400615559175
1244103164204322816
1239589280806318080
1248057192462397441
1239046502288445442
1251468930905931783
1247891090687930370
1257669920063619072
1239321553814290433
1255459956184297474
1238290045481738241
1251199146175930369
1245150233086099458
1255505039445184516
1237113593369448455
1251286202143199232
1239022045712834561
1238294383205789696
1259463590991532032
1240685291108622336
1236522768944021504
1243960627426705408
1241037360948707330
1259686701250818049
1248085106293694464
1246245791741759490
1252853802987732993
1250617342620549120
1263812733172092928
1235038846695305216
1237159430145392643
1240703900967002112
1247856473817985024
1241856676099129355
1240453818283741185
1244344800620486658
1245557815269343233
1245554630320414721
1261475678526078981
1238442371349700609
1242563337105408000
1250855718674194432
1258256030984810496
1239013654651113473
1236404878332833792
1236404874725797889
1250853936296275970
1235497369786970112
1234999795040710656
1247288485377126401
1242129066649694214
1252661762433978369
1240103563050782722
1261425933984071680
1262137433673609216
1254183813430812673
1239728884339355648
1239514067481448448
1269976451698364416
1267907969846595587
1254823719337426945
1239321781288263687
1243225683721179136
1262777248534474752
1251589150119247876
1239034330627833857
1245057773135593472
1247929649595920392
1244593988964945920
1246248930943406083
1240323167002013697
1265433166938017794
1258602330381078528
1236434004175446017
1260675424671141898
1244441268211666947
1237918938320773120
1250875864121778179
1251340577272143873
1241181434179698690
1251170697835155457
1241168375361024004
1244357139218522118
1250434733323870213
1243534020614541312
1241238064762060801
1246451131926142977
1236059553860591625
1238880887548379137
1264290388954746884
1249146470177136640
1250406417485496320
1239316299962101761
1264240541077774336
1247210261964087297
1238537459258085378
1245479608042115073
1251746355258761218
1252362880491520000
1242285617423187970
1268833824038965254
1241928434517004295
1240321052712017921
1246443178015719424
1239705148915671040
1247725765191442442
1237680279327834113
1250183005487927296
1242121764735516672
1258562704589103104
1246811981627232260
1249942886721953792
1240490316312072192
1259649231339610112
1235257103620673537
1268146355555491840
1239332402574569476
1245923677230600197
1244707665839874048
1243301069259714561
1253472926533328898
1241383131099344897
1265108792385196035
1235353947264749573
1241042456780693510
1242076461022040079
1239774428008984577
1253801333259411456
1244310859058315264
1245480370956644354
1244485924819480577
1251317726041329667
1237924803279020032
1244338231916875776
1254796964333596674
1250189206384709636
1240266373563142146
1237042060575813633
1248376918035988480
1250046907411554304
1255142058290864128
1248620939228483584
1246296401904099330
1238285650014670849
1240105575243022336
1246870518361440257
1246047393532936194
1250170551173332993
1235959366144143361
1250432945375948801
1240487055148429312
1247612887889317893
1254903370831269889
1243720521663025156
1254171434873753601
1241160732559003654
1240489826350174208
1245748882459541504
1242684110193274892
1242691980695650304
1251623949294854144
1247141516583350272
1244988307752222724
1240709626774970368
1240656350373347328
1265599976278810624
1249393270557421569
1255248227869372425
1239673105368461322
1249138402739523585
1238314296263745537
1248143423653240832
1252541614079258625
1268304904860372992
1251292804678066179
1235956618258497537
1238538951729741825
1256586860236849154
1241455383346130945
1238227093474992130
1237556602351190016
1256721646922223617
1251201793922666497
1240458052177887234
1238224912981975040
1242292534992388097
1239588932704014336
1241494990964080640
1239989543463460877
1248668256367513601
1238314062288687104
1252253838972792833
1252454694783463427
1241972465670197248
1239988215249068032
1260936640572411904
1244748316115681280
1246048482315640832
1239138162611490823
1241157491590942720
1261302048907317251
1252414764795355136
1263273661915676672
1242269547849277440
1263118091489288192
1238252382015893510
1251631854308003840
1261316221326241793
1252247525471531008
1236991200965558272
1245565525134053377
1238094797321068544
1265461801354965002
1261421054091722752
1239136539692732418
1238226604008050690
1269708459571851264
1247007750489587718
1255176222172217345
1238855547966939136
1243024611673018368
1253781906136727553
1248433248474030083
1252427740340318208
1246759786911346688
1258429937763131392
1252439608865853441
1253881841490288640
1238000139299631105
1250981069979037697
1252033077871812608
1252034238083411969
1242894700375400450
1262847251480797187
1266406833859764224
1252438533026930688
1252760108590923776
1252754356396601345
1243025416060878851
1237040553709240320
1252394762709032967
1235184555797204994
1252974445658079232
1236422388436340736
1252363901716426755
1267800152783323136
1240685534411800577
1242694297461325829
1248928088508989442
1240449811532447746
1242479126998667264
1243231359163867136
1257402513994776576
1260676272235196421
1247344178364899328
1252968135222800385
1240696020394102784
1237802228532023298
1245785440503959555
1265111246753468417
1237188303436140546
1243931790676500482
1250545683960139781
1248668743896641536
1270041143963791360
1237844171324448771
1253177539192815618
1243927690010386437
1255581579067490310
1246871028426555393
1239220916757897217
1237203885917458432
1254887332710400002
1250189203591385089
1251245786593202177
1241919696984825856
1240622170042138626
1238961668203429891
1240654303997636610
1247493988430622726
1263530932411273217
1241581650301124608
1240121828552646658
1241580155069435905
1250785658077163520
1247340943629565953
1246038592461385729
1259461937731117056
1255144403712135168
1261122900893077504
1240365695889805312
1245466071378931712
1247432132697501697
1247859319162449922
1255885851189547008
1254265752317804545
1250213787078098944
1244298498750787586
1241238563871690752
1247342777576407045
1242460580658774016
1258778417929093120
1241906488395935744
1249307268853743617
1235612743883018246
1243933091405524992
1247723877876346882
1251872318936223746
1235762591122759687
1258396028170129408
1246048382516224003
1238872055480803334
1238289518358339592
1250399543725895680
1257987956301795328
1263897149470842881
1252362930080759808
1261810150257700865
1243723413681770498
1248026049490935808
1268071762757115905
1241421533811220490
1248047232605212673
1239137340536340480
1266137153169510400
1264011837366063104
1249345220153671681
1245882708263415815
1250179053467979781
1246765924855812104
1249187411697033222
1249354172241240065
1244141294198427649
1248379367740194819
1251613570980294657
1246890563439415302
1265002463137914880
1253089166973374468
1238195803941941259
1244686166642831362
1255764437832806406
1239184976182218752
1248056470765293568
1257357083068051457
1238344707505377280
1240585072287387648
1235249248083554305
1241163398160752646
1244384366228275200
1247614578332139523
1239164333407567873
1245492951771492352
1239823966631591936
1243680330306981891
1242121588297908224
1255837968738275329
1247481862437683202
1250058291981549569
1238505201339904008
1255949213143388162
1244042417046773760
1247955887580479488
1258937350253694976
1250882300390277122
1248760756113420290
1243316554705637376
1243415502023561217
1244076394486927362
1244479323278639105
1244382642604310529
1247994278892253184
1258440702507147264
1241382279416553472
1251882801810546693
1255249057779499011
1237844794748973056
1260303304418041857
1260966038885273605
1261000122265108483
1270433679014350850
1251623231750111232
1245910164450037760
1242903645617901570
1239506984438771713
1249354543122579457
1250785654528782337
1236682442557317120
1244386251551191045
1242912945362939905
1246763521204944897
1248361371831500800
1270531335006945287
1246990064170799106
1240454743492878336
1237087737196527616
1245001154909609985
1263929629758427146
1234999889626419200
1249667553263304705
1258785749454983171
1256563971840147456
1252936552155680769
1255487726184472580
1254472982073954307
1254039044566253569
1239012686177931264
1249484667549634565
1248366533119807490
1247954729298165762
1235980765139275776
1239589092150644736
1254901649346306054
1237206135846899712
1237378705783209984
1237108324279205891
1245171885584850946
1260940147434164225
1237598180226695170
1237243166941745152
1243927460380651522
1251863694293839880
1236580314631352320
1246770717863141377
1251118046971858944
1251864880262545414
1263582096955564034
1244006158580551680
1250152895359725568
1254897014514626560
1244985496436170753
1236786932300025863
1239285120177184769
1245489765417390085
1247990964527955973
1258378441990246406
1253033755108917252
1242896493985640448
1244343743777472512
1239917833112469506
1255577794886529024
1260044367986855936
1258854329701859330
1265802185805377541
1255410727994695680
1261711628103491586
1239046586652659713
1243231967564488706
1239342212409962498
1257496092528250881
1247729138401718273
1237848181133598730
1238189214547628038
1260353139334660102
1239587779337748481
1253698293751824384
1256332845473124354
1249161803533352962
1255205136244375552
1242603644111007745
1249822890805133314
1245479503029309440
1240055944685461504
1267836856743460869
1248154745904205824
1253868753588301824
1237204164108783617
1237886863051911170
1241845193390862337
1244967502788034560
1243025617613922304
1242135081034145792
1259825849404141570
1236416542503550977
1245857433756389377
1236298683077005312
1250933827570151424
1243317490509381632
1257403632472948736
1244386234975297538
1239008341348749313
1247561438115307522
1248711519065554944
1238528583645253632
1239022014805008384
1246285434050809862
1249881967107112960
1254427612673425408
1252422275548065792
1243419148664725510
1270298286239420416
1261020230375137281
1240121330395230209
1238996579689861120
1235985562227666944
1245838245075857410
1260967489934155776
1235351597070389248
1238075779617116160
1247992175935344640
1259967294152880130
1237797413215240193
1238482085108756480
1258736861515825153
1252431573611237376
1238331959929188352
1237002210761998337
1238991750229884936
1251634892615618561
1243751590974173185
1263954185046892544
1260992636397121536
1250151490557218817
1245094000970924033
1261030940337418243
1270317870686318593
1265256754998362116
1253460223035129861
1265329395302006784
1259851576451182593
1252938943047270400
1242834599937540096
1246042775675711495
1247990167765475328
1258736301152645122
1242603980611620864
1245455581495918598
1246619624038379521
1242605887178579968
1264645497752600576
1238994500661293058
1258019804029636608
1262363161652584450
1243560040302329856
1244009104525451264
1244354237049511937
1239571450815811586
1246977098197196803
1265463225614819329
1237346129039294466
1247084075514462208
1247538908931346433
1255493480064876552
1270434288337649667
1241332837971869700
1245207271585525767
1237232948799320065
1241911667786756096
1250399944583843840
1239721624674471936
1245814048547057668
1246909690942033922
1262375313440473096
1258597925082542080
1243665459708297217
1248029500501303296
1244774369521475584
1258435062451798016
1249349447605198850
1250875365578477571
1247358995368685569
1255183730391552000
1249672037146284032
1243719350781173760
1242600615865450501
1248669023199465472
1252241846111277059
1253525521213853696
1245822840873549825
1245489560588562434
1250006586556284928
1239033710311243778
1247719312011472897
1253471111762841601
1236118218881691649
1243176063250948097
1238569595549736963
1260663774647738368
1245681440941117440
1246079350925115392
1254849046692446213
1247482807611543558
1252005608632524800
1246321280992886786
1256691891917197314
1259821559801356288
1241183322673463296
1235239579478786048
1243681941993504774
1254261667912978432
1247478270653849600
1238629542513827841
1248210171110871041
1246176761211228160
1244482472051650567
1241177751945646086
1267090395156090886
1247930240141328387
1245856503296192512
1252843123941601288
1246989166795272193
1256739801400737792
1242601936530083840
1242458692995465217
1239034338232217602
1240114036450222083
1239217017103822851
1244045336253026308
1252249354376749057
1251313676277219331
1263515845986258945
1256866424196198401
1244357451824214016
1262477663547150336
1237232940880404480
1238224047982469120
1243692528949477376
1249961458189905921
1240487974221029377
1255489535938568198
1270541003418722304
1237236046942941184
1240625660575580161
1238571139041038336
1245921589679419393
1263210814904778752
1246891077723922432
1236754944117571585
1246989810029518848
1244446611377393664
1260763668393926657
1237881410423144448
1254879261149798400
1243721034165035011
1253867488753917952
1246246830578548736
1247359141338808323
1244505788116320257
1264627679623593987
1239341358231543816
1239357631665524737
1243190750956920834
1245053911679012865
1247163977831985152
1250858318165422081
1259602646081712130
1243578858605027335
1247909815944388611
1250217477608529920
1252491447393189889
1247359131251433472
1241142774885425152
1248120148474490882
1250498336454512641
1251888951301939201
1253112334375104513
1250112409567662080
1246328001291304961
1238626401475014656
1249119069141417986
1259773427902267397
1252497023762399233
1242171328360259584
1247724692187865090
1239927488924581896
1248375477846196224
1245096948136370176
1250788173824831488
1238889630893735936
1252854279431352320
1268536123560792068
1250174432263516161
1250049464267612160
1240505971417460736
1250893186605764610
1250061338648379395
1235200804388245508
1239127003594477568
1245668860797353984
1250873797080735756
1261454802741010436
1252001749608603649
1250975474802663425
1241164789189087233
1261395480224976897
1237357695876976641
1243952792168996865
1247925998852681728
1256416185291243527
1238094532996202496
1249703575271411713
1270227821538037760
1249348690948624385
1241336861051752448
1250851887613718528
1234937705680850944
1266131180304433157
1237843185621065729
1237845176480980997
1254772557447741441
1240350143955812352
1241847353339867136
1263620378561216512
1259679133543665666
1237404524341596160
1261058589420027904
1244330573432344577
1246445173091053569
1241422183810949120
1243188321867661312
1245706591120302082
1240622226208182274
1259821134603788290
1240324530918350849
1253106934842089473
1261430745479778304
1242605606621544453
1243350055907713024
1239031222191472647
1246979549289746433
1246542562560823298
1249882475855257601
1243716947604357121
1240233497970847747
1241726006215479297
1243146279527555072
1243972694766432256
1252937390144061442
1244505427502682117
1251871226156519425
1244592567142043657
1246630903683702784
1240007897335115786
1252585296069300226
1240478764569681920
1245685016207724544
1255946788466548736
1256586105396375552
1262801144876863493
1240840589484216325
1243942497514110976
1254772101442973696
1254991884268769285
1258019977073999873
1247922364668575744
1240648698872434697
1237201858642542592
1242508734598873089
1262743862776221696
1242177309228044288
1249488116819333123
1241093029118820353
1256051637304647683
1257452515865608192
1237207326886682624
1243603479156920323
1250784989605748741
1238479519322906625
1262340139914866688
1243192389440864257
1261062043689418758
1246673272390983680
1270119505872785411
1254880114715828225
1245684806211551232
1261300387115663360
1244485997422927872
1257448809304666115
1250885387842707464
1245332235726643200
1252284194912436225
1237205601354211335
1247552417509658624
1243416360870264832
1250783515622416384
1242317414026686464
1251971439315607553
1259228634826575873
1262027334925811714
1237977034091094016
1252287089800097792
1244399042437599232
1244518919072817153
1251626882392641537
1237063911813402624
1237845768817401858
1241906172455772161
1239173046935719936
1240643880120389632
1245681338872709120
1257430555039338497
1247492771151319042
1240481620697677831
1246540857731317762
1240647872665845762
1265845854188994561
1249325524398288901
1241371539347582976
1252622961363869697
1247198736859701251
1252441726201069569
1239220091339800576
1256029403970252813
1251264609593495552
1248393321325584384
1238852443762556934
1246284368085123073
1250471513087713286
1253761678199664641
1246466885182513154
1256344292127375369
1251302322271125504
1255554208125857793
1259225827876704256
1247844048955748352
1247192459467198468
1250857855604928512
1259824588021792770
1241161991605104640
1248052927895396354
1256778274446991360
1244397527459340292
1244683441628741636
1244300592228565000
1240458568161255424
1254875136932696066
1254376557566623746
1252329356430659590
1246564710704504832
1241604745665695744
1239172924935938048
1260122356032421889
1252070711092547587
1237161403619868677
1250890850189574154
1235564629285208064
1248702739355328512
1243918112895971329
1235393472850530305
1244044307067211778
1261303013253226496
1253475688214138880
1247200665119739908
1240480583719038978
1259827539180171265
1255745619651702786
1246544574408994819
1251296927553110023
1240648804707295232
1261702975556333568
1240478268786171911
1254407659098431491
1258064698043441153
1251220568357113860
1245920758322216962
1246233435053539330
1246567114653261824
1244775251159941122
1265051092397809667
1240490605609877504
1241829980008517632
1240483360218198016
1248390187324805122
1249315363931783169
1245338821996220416
1243529690989690887
1246564781798146053
1248456757443084288
1248122132992835584
1257164120756977666
1251964968410460163
1237389664375287819
1239429719457701888
1240324471166246914
1256344255917948930
1252839580673306633
1247719168205639681
1260349448607215618
1252973778231078914
1238210232880435205
1240241261090689027
1248711346595627008
1267558994773753857
1240155007254749189
1238885828912394242
1246599717431185408
1261673296325758976
1250527736055189511
1242644033815687170
1236302830606127104
1236702770159333383
1260372184033263616
1254977142359830528
1238844285757394945
1249320679146651648
1239181494469435397
1242812207185920003
1258810352361443328
1250432705373679622
1249321416970862593
1246593484309639168
1245562550407835658
1262216753305747456
1253086981539725312
1251182370365100032
1246081276362326023
1246081288525828096
1238246600239190018
1245917554972868608
1251178459591774210
1245401081326317568
1239180426272522241
1241830940042764295
1247908692722364417
1236620077308534785
1265047858488672257
1246417363613945856
1238980777553154054
1244748817402077184
1262213052776058880
1250398494428467206
1243754271809691648
1253506225960034304
1238149451958628352
1239955248023625729
1266480415390531591
1246829371496763395
1239129535125377024
1253925309386235905
1249344961016930304
1247197477457072131
1241169841140137984
1246045685763448839
1258033797066522625
1237600174328799233
1250042660762669057
1245172607302934530
1270332016517615616
1241350163135954945
1252779442491002880
1249677167463673867
1240650385062232064
1238247352420491264
1241171636092616704
1246471675090210823
1242626666792353799
1244099603349331968
1250118516516302848
1251622150781493256
1245856208419835908
1239026221637406720
1243914569073991680
1246596225777963015
1259414419903262721
1251651279929184256
1255452655209635840
1250378067207430144
1250219551846957060
1246328500270833664
1254684410244411392
1264196837021552641
1250219528698474496
1269794652435238914
1238115133857189888
1265373552452173828
1239012948099637248
1236346482242072577
1240853100673617920
1250500753711644673
1257442136930291713
1239984804185194497
1264656943815315457
1235892384669499394
1240645222213865473
1249321770043289601
1252435529624244226
1238114664237711366
1257043125526245376
1261929152279699457
1254896660251107329
1257891508583305217
1252048970349674496
1261676265838391296
1248712506312396801
1263677379819552774
1239007551691292672
1249676735966253058
1250547663285694466
1249323895494184960
1249705747237277696
1256421369195253765
1243000924508913664
1246013596158562312
1249167304149041157
1257443885229453313
1240815685179035648
1238847668933332993
1237494701420404736
1246470371198500864
1256041566118055944
1245705186234052610
1245685258814730242
1247911816828792833
1245298377560129537
1238964532061618181
1240317712783544325
1261442167764992000
1247558911470850048
1238165776135315458
1256605496594833410
1243184446678818817
1240690006202568704
1250754367482970113
1249323740476964865
1252777583931994112
1243636646618202112
1259827290478981120
1250887318812188680
1245076258163220485
1250545258636738563
1241439493372235777
1239358693726093312
1264289498239819776
1247135776128851976
1243209084830179328
1251325645361209348
1258053876453969922
1249777860929257475
1237907755916296193
1245332840822132737
1243182176448860160
1255127408266665985
1252408636934025218
1270559750208585729
1252408346499416064
1240354566392164352
1249783554931855361
1242996390608994304
1250221208764854273
1239354912745697280
1257129411763208192
1239922821771517952
1250038201324101632
1260594972472020992
1255575876336406529
1252288525552300034
1237939724712644610
1259483161920143360
1244396703039578115
1237203153692561408
1269966904212537345
1250500841305497605
1257358685115949057
1240705213431869442
1238163205261795329
1247708796299939841
1241091340856889345
1262851004527190016
1241407830164455426
1238148784946909185
1254467589427904523
1235893579341496320
1250049231731273728
1237904830276014082
1252364134483587084
1237935836261425152
1259285572314595328
1240862390817886209
1244462569395572744
1242802115107598337
1259972514467504128
1248712796356960260
1260998363228635136
1251072561888276481
1249009880180174848
1258107177702690819
1250401933073973248
1246230814079287296
1252444430994485248
1252780419650551810
1258056367467835393
1258106416117813249
1237940641230917632
1243353712803950596
1247987014474977281
1236354286717669379
1253849199277457410
1236360400670785537
1243349905906774023
1243017240812937216
1238580770110869505
1242265646785867778
1253923943104339968
1242260222481235968
1243479042067697666
1256042873868505093
1236852299424817153
1254084307825631232
1243085076805664768
1237937899942879232
1252965523442356226
1236356430116110343
1265827118925123584
1240691489614659584
1241436511972872192
1269988816229666817
1238979429650620417
1239311754993287168
1249824926468648961
1237977075623047168
1244382196909199370
1244866206601011200
1242998016937779201
1260349862727553027
1253352501199409159
1250044615400587266
1259628126784704522
1244332837584674818
1245355301156597766
1249675655270334466
1258368201689313280
1239986600206954497
1241970534029680641
1250221515968335874
1237493139922989056
1249641626785452032
1258091989591109638
1266379287659261952
1262943559805734913
1241438764125368320
1241074937441460224
1250887142148096005
1261447926816993281
1256020884294438914
1238246177482723329
1238247047041613836
1235292781842763777
1237909765902217218
1244730562281078785
1244752119405690890
1246086497268314114
1256750322015514626
1236308545336983552
1239968270523883521
1243018623012257792
1252147079989866496
1254171376832970753
1253727973355728896
1237905946535395329
1242055892641755138
1242799233830400000
1248232035589787648
1254417249831616512
1236357672808730624
1245623124164349956
1258462345082417152
1245676397156347904
1243921889430568960
1241751331821543426
1248563925182013440
1244753347288215552
1237010915050086400
1241056545300983817
1246726461899317249
1245185976600838144
1268194198488047616
1238812986959159296
1243020372867461120
1240564609410629633
1250386344054009858
1259475374913839105
1245761786881675266
1253729342263353344
1249830242442756099
1237730994670665728
1243640971864268801
1241750005909729281
1241055765814824962
1239418520284409856
1243241346049196034
1244752439993131008
1256579746567262219
1250505567308832768
1263890725814644741
1238966838211551233
1242266516965515272
1245468006995693571
1259974383336140800
1244867947413282816
1245186917584506880
1262826395874537475
1237987020112347137
1248332832705052677
1258367909853827074
1243643341796814849
1253807863895654406
1258464158758076417
1258466904861282308
1253804758470721538
1250506575070089216
1256231936927977476
1234921168303464449
1243589439093440512
1245472520209342465
1238123581328035841
1234924159140028417
1237545175817179136
1244757380795109379
1237944998684917760
1248237309385990148
1237947024575803392
1234927236744085504
1234971177098989568
1237941504619970560
1261715676160548864
1238549996166922240
1257306078263443457
1238547328203730955
1237947772948619265
1237947276850495489
1237544918916071425
1246116488228069376
1256231522455207936
1261087006047772674
1243242400044244998
1251362706596286464
1249191378950795266
1261086170017980423
1238127519796285442
1258094465115402247
1238124967067365376
1238125997200945152
1261087338182119424
1261698196268617728
1251361427824283648
1237544067128389633
1261694611258474497
1261075155482226689
1261693545750069250
1236860027857666049
