1262238386024112128
1238829517407309824
1256104166230908931
1260945149938462722
1243601175041064960
1242548580868435968
1253668147552415744
1246104541302362113
1254587878316752896
1240327324064550912
1244789589526466560
1251498318858944514
1258243074716651520
1244664065923915779
1238136851514290176
1238951361816842240
1239741052153552896
1244545614983004160
1238908559309459456
1238216553432100864
1262414138501853184
1255118267573624837
1254439183504093184
1259292225474662403
1244802252319141889
1260723083486408704
1239625712358883329
1254586662794833921
1254151274708123649
1238138052238643201
1255342504527962114
1241552130739060742
1240518727805931521
1244059900625346561
1242949194874142720
1269674928330006528
1237760103924649985
1238695781567102976
1236286643750883334
1254060462485811200
1245101880071634945
1255963435906498567
1239657635210604544
1246796312860749830
1241915711418597376
1244809981960097794
1237435634098171905
1248255858347331585
1258027058640252930
1258578579845074944
1249928325448912897
1239963351167275016
1247606932350722048
1258893176170885121
1251568583194275840
1237146701170794498
1247573908795953152
1243398978181296129
1241623149654966272
1245523716093722624
1239976071191080960
1238517918645628930
1240720870923890688
1241853897586511872
1244122090774704129
1238878849770741762
1238530073445060609
1240130897434890241
1242163162595471360
1240054199531876352
1257777809176424453
1241475784855846912
1241932141060976640
1240771009915113473
1239691288250691584
1245534278714183680
1258121154822275074
1242252945153904641
1237765491654938624
1247191100303032322
1255231268322754560
1237121456686817283
1250989062317432832
1241939414168694784
1243504580568264704
1242829225721094146
1262404887452631046
1262159108527894531
1236338382688534528
1248994609805398016
1246522906483408897
1238228070089269251
1241432308709593088
1251186136027811840
1252916522915205127
1267555726387372034
1254553862377070595
1237835193257324545
1238928301734969347
1254616449873702912
1237748282857648133
1242186408682336259
1240332079549702144
1242684220335517700
1246836199903252480
1242955651887665153
1246576660041723905
1245878960975532032
1235264461935648769
1243361474623311877
1250623952176574464
1238923540742594560
1245516192309075968
1237912138519216128
1240680809587064832
1254861523685486594
1245402153914490881
1237907288582524929
1250769181265457152
1244837132184645632
1240472706610413568
1246778374657171456
1237919549581750278
1269390491373547520
1237920474245369858
1246878765252149253
1243136657542410240
1235240353348763648
1239525817304018944
1238005910565339136
1253423401365995520
1254139676241231872
1248011408081473536
1258361068386045952
1246647579116355584
1236059786057261056
1242684684183547904
1253293198488637443
1244310583383445510
1264662118671937536
1250772695060410369
1248360246613065728
1238570476886044672
1248433992895885313
1235770097291218949
1242042995823656960
1255499727120093186
1256064220464021504
1239543383216934914
1238617733819797504
1237537059662729216
1250214645312319489
1246229509185011712
1247347688938467329
1245904322715672578
1252591301960151040
1246879835491721216
1255632087043866624
1258925534601502720
1249801834979627010
1251901546729738241
1241931280574365696
1238528576216956929
1248627489452118018
1238490835852783618
1242893189121372162
1259126016368246785
1242640653357436929
1241103807129346048
1254342349980745728
1240506224421957632
1238489337211154442
1242637330294472705
1237957826779074561
1248080667985850370
1253461629498515456
1247740583378128896
1246328105590874113
1240280104808448001
1248028214112350209
1239459527692443648
1257670530687053824
1253689019554131968
1251903396816097280
1240018157508513792
1241923002268143616
1250177542926897154
1269666145092526080
1262069351630295041
1253128011605405697
1253189923194040325
1237375916562452484
1268069671116222468
1252454091583873025
1238525761515974657
1236304155821477888
1236417607881785344
1242899687176155141
1243958081387667456
1257740252849926144
1247342714791890950
1259737325354971136
1258291701807906819
1246237672563236864
1251901743769812992
1245916482371858433
1261515753854914560
1238537992572211201
1244356397296304128
1258392861541691393
1254204080114761730
1257427652841013248
1238543281912311809
1251905637912465408
1244730349294256128
1238251922957705216
1238850714366914563
1251622297070219264
1259223233020276736
1244302349327159296
1242627942011686912
1241165762016002049
1249345562232537090
1245395091541209088
1264816859045494787
1241080794451492870
1243541611222568964
1242997552040906752
1251358528423383040
1245757479129993221
