1243942183968931843
1244909409450496001
1256030921473634311
1253002962084999168
1246209187874516993
1254437018597277697
1235902561649123329
1259858646705623047
1254151855669731334
1260187883039789058
1251123650469781505
1248696073423552514
1255324299247960065
1248278657715535872
1245538835716603905
1248401795841286147
1238462917726605314
1238972194832764933
1239210809693220866
1250272569233555458
1240400409077964805
1246141141080330242
1245852368845094912
1250449435886342145
1236760910481575939
1269012988553498629
1261259063775694848
1269799037756112896
1243224511136378882
1236458285353631745
1246422081174200321
1253577509406478337
1256945032227061764
1257390493509521408
1250967810475507714
1236268734211383296
1243095009538314240
1257677781024022529
1255466601618472960
1253653194741354496
1247550377517551623
1260567205718130691
1239200427608092672
1243501309388558336
1243199333773774856
1257063024390791168
1239996472927682560
1246554660351115267
1239493585554284545
1247625388693610501
1244742605755252737
1236048046871531522
1249843462280749063
1238039482974244866
1238817089718308864
1260359526957625345
1270500732693884936
1241049478955765763
1255518184070881289
1246195316136783872
1259861770375749634
1240471468779192321
1250779726102265856
1245134687816818689
1236973778380472320
1239644834564055045
1243325794216226816
1254831649331830784
1241744764975738881
1256296611048808450
1267459861236928512
1239608110928539648
1255692946692849666
1244028303117344768
1265034535114326017
1266829352181927943
1258376186612375556
1237784871520669696
1246799851536494593
1240521159105527808
1258371711164207106
1236125963210993666
1239004335100420096
1253545710521405440
1261778591601373187
1243276221091393538
1242955503195611138
1251310929112940544
1270466572449198082
1248758928793616385
1248997598511464448
1240012739910696960
1244905820699136000
1264144082034704384
1250051512958619648
1240593364678049792
1240992852055818241
1235924097080668162
1257492809499791362
1248771235951017984
1258137993845657600
1253410162825744384
1256937100114628609
1244048918402514947
1237525817011212288
1247563086858539009
1264888184988676098
1252634167772434446
1257981209092726784
1261652947555016704
1239644818533318656
1246778864673619970
1245458674606174208
1242958055316299777
1259881818653941762
1240432016933470220
1254865287595167744
1239152349580537860
1257019102994092036
1249718633770758144
1243929886840012800
1242016858003341314
1255889693142548486
1251826703552446466
1239731326120603651
1243792722785427456
1242268050587516934
1254029763213242369
1251233423097761792
1242070053534814214
1239695530848124928
1267121197210374146
1236729100838076417
1236483488402022400
1237125829508894722
1236958117771919362
1249142276732977153
1255885464776687617
1258800210769252353
1253039070802042882
1261411672725417984
1251173922575470593
1239910284824805378
1243712943293788161
1239023554915688448
1252575122017394691
1239021025733591041
1250600463919185925
1250765440701403137
1242629879239237632
1250404518568828929
1245153617214046211
1250248592964685825
1239841032419913729
1245310030909509632
1241760425370365957
1261096368145301504
1248511203992879105
1257613733297299456
1259468204063305728
1244094002313510913
1245466052127010818
1254092379625226243
1255215858277892103
1238842594257403906
1236272724382810112
1238846899500863489
1251630684457906177
1269979178453159943
1259080141336121344
1250877012794802178
1236728007357632512
1247271283781500930
1254407261780353024
1238182230452776960
1240789263425380354
1263285919706218496
1238404440631259141
1243645026598518785
1239166412024766465
1254798038545174528
1237192350255976448
1242174238926176261
1237877674745290753
1236680861858385921
1257554908762591232
1239592353075204096
1253173434676322305
1243612488849149952
1256132482753351682
1253476427627933697
1253818257359896577
1250891455280877569
1245855924847181824
1254909017622708229
1250398012121198592
1236729614946492422
1251830184724045825
1245838297756094465
1238206587027836929
1240450179964243972
1246459826055581696
1240717256096710658
1249488254795165696
1246659287608418304
1237381831529508865
1238072219210842112
1252080376039776262
1250188670432395271
1235965147132420096
1236680204480888833
1250406457973055489
1258921148621914112
1248361069417988098
1253394195756331010
1247553408812355585
1245490443481161731
1239966395401515009
1243955997284151296
1241101177149931522
1255488437907525632
1259822541360766977
1253507947977560064
1236728661086216192
1241581287539949568
1254853341932183554
1238248563391574024
1239182672259354624
1240061496824082432
1262372237614743553
1258185290688200707
1257743592409497600
1236443405661671425
1237690442453524480
1243175134476804097
1254429003605258240
1249706476698034178
1245148919404924930
1247105822838136832
1248707120549281798
1251489112240070656
1250035786298396674
1253628486465486848
1246085733875699712
1251122391847223300
1239496881845219329
1257310336111112192
1243241060941381633
