1235172743013969922
1243198940268441605
1246211527767711744
1237179438724460545
1255966745778626567
1264355731299602433
1245443926452064256
1266521771773251586
1268000693140492289
1247878946579939329
1262536915384963072
1256404990140317696
1247941208065875970
1255791868383768576
1239198385418141699
1256296706896990211
1258352722878832643
1243427144811724801
1257710879749128194
1243333006359658496
1255084816313339905
1265987093639114753
1237169005225533440
1252091520162897920
1247338827011829762
1249459445303775233
1252237399138197504
1254156041740304385
1243381265300160512
1267489807795662850
1246425914415644673
1238642890664009728
1237586101319036928
1248382928859455488
1238827617211559938
1236486243980017664
1252954325506195456
1238824448033243136
1244360718830514178
1239263924576493568
1239380085704134661
1239573294275231744
1247650704442916864
1243307624751337477
1264975616048271360
1265286948282925058
1269492736702414850
1241807059013828608
1252140028400107521
1255241662089003009
1245800610286514177
1263782650600357889
1259506559912214529
1246807184396214275
1236366227171352576
1247937902186770433
1243282890718425088
1241540794990854146
1241082546210963458
1266074007754940416
1246402758644830208
1237587703513767938
1238310653301055496
1248384270290145281
1246067908045877249
1259136347442483200
1243304561890209793
1235174088802476032
1249461282257985536
1260608119585071114
1246423330552516608
1246934771718070272
1246804118422896640
1257830179390586882
1236124415139643392
1247115379303944192
1243307408706932736
1238662328922628096
1237775243298713600
1255527055426551810
1237772922359615489
1257640867181010945
1238469284856303616
1239962653574844416
1254400443289088000
1242375357749170176
1264184088413589510
1239999806556246017
1242866747461513217
1255280445555605505
1242585215161204736
1247659015179558913
1242380289353175047
1252091895641186306
1242379758354280450
1235777585491173376
1253674753287761920
1242506227512418305
1247667983851364355
1262422694294966281
1246093677463851009
1240799444930637829
1243699768288841739
1235312126648086531
1244413324340736000
1246210692459433986
1239559995521466368
1266117782481047552
1241519305516371974
1239370452641996800
1243495379510984704
1262420324966113286
1243307486188392458
1246801371417972743
1251272122921558018
1244701870335107077
1262427637202419716
1257523567597694976
1238683368407085059
1247646105657057281
1255842261067337728
1242375127335043072
1249460526146617349
1242810344399089666
1239740352233451520
1241736409205084160
1246949900304015361
1250791606837555200
1238496254356860929
1238989703065546755
1249458653821878272
1240833621541388288
1250106171375128583
1248038150049538049
1248749478712094720
1244828382266888193
1235693034697867268
1255266903335059458
1235183442624643074
1248744674749227014
1262696048272855041
1237719281200177154
1243706120444809217
1255162590063407105
1253364958433337344
1244645495563321344
1249796132324233218
1246820418935193600
1239537481999056903
1237822785092796421
1242072959604477953
1264280368586215424
1242377261828976640
1242577948693192706
1244999468061261835
1239345803153543170
1245953761291440130
1237715939174404097
1246559412778610695
1242870783900295169
1249809291332198405
1238986798992326656
1236291967778205697
1242380452314447872
1239737802549575681
1260287997498580992
1239371784027344906
1248960792940216322
1242380872483028995
1240049262165200896
1240129858442756097
1252039079258185729
1245304028751372288
1246063687749840897
1238643979761180673
1254450059292401664
1247664166921474048
1257376686527647749
1250560340741545986
1245445875670884353
1245423676901806088
1240958525649702913
1237717356396384256
1245846918741348352
1237573328212086791
1249720945029210112
1238968293098246144
1239742651043381248
1254129637749338112
1240049605892587521
1236043285212336134
1250148326433009670
1265985652832776199
1244371963763724288
1243368116320690177
1246164735663443968
1236805089202966529
1243381155862327296
1242736799157542912
1258422456395739137
1247967526291738632
1246148337545420800
1242589054916612101
1249809848633643009
1237435742424641536
1242578826422562816
1239864210168983554
1257793487182979077
1264178580898164737
1245380063509520384
1268200856568152064
1261874849699463169
1261788777304989697
1241824883480428545
1246103148550332417
1238957825507950593
1244082145364246536
1262415306938597378
1260602195956785152
1238264548576067586
1246557588365488128
1239903237597208578
1252609467771957249
1243338589162868736
1264943295358214144
1250021455594651649
1244981446739197960
1246216447845638144
1244360213886636033
1245031064470532096
1250952565082259457
1243737494295896066
1243338276343369730
1253076026613268488
1242781838973812743
1262351427994877955
1240307177803460608
1247646547090817025
1240301914509709312
1244440477077831687
1241818180126945280
1247819226343026695
1256415049293365248
1248203239255875585
1247486480018219010
1246995396695592960
1239996131586834433
1239539789659090950
1246375023310487553
1244267606795857920
1265633614978564099
1263119263877009409
1258915168681168896
1245421026785275908
1266021898003120129
1262788821692882944
1261687863315496960
1253677377953161216
1243518117009133570
1241129698031284225
1249459115916701696
1245896528012759040
1243338827047079938
1246311333718568960
1241805396920107008
1248946541789937664
1238643166607179776
1242277132996411393
1249972656616747008
1237695702735732737
1235175337551687685
1252920011917856769
1245125022240452608
1235301681669304320
1237750458053165059
1250002526021332992
1247340093435674624
1237430366488743936
1251493804613554176
1242374702716334083
1241731233568129025
1244273818400669696
1238986086514393088
1252403191473291266
1257682838557806594
1240395081204600834
1263474073406930945
1260169534717165570
1248036323488935936
1254946973477675011
1236365257033093126
1248017198079041537
1256660234057199618
1245860620492140544
1262052557423288321
1261795974290247682
1238136701886881792
1262717575475138561
1251155473635487744
1239256706145759233
1243509027759423491
1247505522166845441
1242737474335576064
1238311600823635969
1248573992564228097
1240801146169688065
1267530107247308801
1238310008137400320
1249458015683653632
1247974108014526466
1242572936814505985
1255279380265402368
1242735623146024960
1253156508411539458
1250108475511836673
1248012806282072064
1248435976352878592
1236037624311226369
1245896761304113158
1242736519997259776
1235752868541534211
1236270759154245632
1237183121642192899
1262050904850735112
1251147753205293059
1238968168569339913
1243975859884773377
1259242939340845056
1246710549775253504
1242190824324116482
1239039927918170112
1236470472382074883
1264559209452122113
1243517851195015171
1251112401413554176
1238591288204820481
1241743978845872128
1235749868477415424
1255313731518636033
1259865248913395715
1251771482193223680
1261297711350984705
1251453420210454531
1243861835251617794
1247883130863845376
1244430887648886786
1256640044938530823
1238968301725892610
1236829836150214658
1253145624532353025
1235307140509822976
1237571280632598529
1237697331887292418
1247502511440879623
1238447517349621762
1246362709718978562
1239349275991183360
1243327397598035972
1238054608007835651
1237432395474841605
1238055398927720449
1253679731393921026
1257374987213852673
1239372875704012801
1266138834938593283
1238916897606897665
1243695682420162560
1242574997341769729
1240300565122383872
1237076291913998338
1240834961260916738
1269759762922647555
1247340081574227968
1238104042506801152
1242134988562345984
1241475449315889155
1250793253445787651
1238684327480827904
1244429354140143617
1242469181234319360
1235636428513644545
1238952249302364161
1242486408352153600
1243377488136409093
1257297725491752961
1258905659447353346
1247666304267550721
1251154697001426944
1251567297468170242
1242587147942670336
1243655156501221378
1251565805126520832
1253023102608572418
1254566791298375680
1246423551822966785
1238140112879472643
1269584939147833344
1245434132374728706
1242736968158642176
1252139662682083328
1239961110943608833
1236484734299058176
1257686286061756418
1255927457821216769
1244079007794114560
1248282813742317570
1246426444542226432
1258075733932625920
1244575439676456960
1247607646003376128
1244431401568686088
1239352144215642112
1241476879762276354
1242925667022487559
1241732219670061056
1262740237014335490
1245783299953483779
1255627791086878720
1239351975776575489
1234985515109081089
1240819013866926086
1243240661748527105
1252035846016024588
1237045261828075522
1237840308785647616
1238131542897147904
1268598426024980480
1246401057992970240
1237166051038806016
1262417916491956240
1250235276137582593
1254445808885342214
1255700475682467840
1241121570317160448
1257815920124313606
1239930673525391362
1260904373770686466
1248398215365320706
1236366904715104256
1257269956250656769
1239624135728300032
1244048690240602112
1235170245536604165
1259182908117483523
1239305244942761985
1264982566358134790
1239666084107694081
1236805211567644672
1240720896970698753
1245745756084015106
1245107530113716232
1239346373541191680
1258446997952040961
1237172658967433216
1259103724926128128
1262447403447115781
1238589724429824002
1261846198346014720
1247944306196983808
1240000700211437569
1249456932265562114
1246957150804426753
1242008267636838400
1247948294661255168
1249723117422940161
1261727098466689033
1247679385781534722
1261181076459814912
1259924188258803715
1242496798641528834
1237443242523856902
1255327207972577281
1257785262513491970
1236430445975404545
1235749794087346182
1257374502973030407
1246935894550077440
1247628739925757953
1241394356227059719
1238309231398400000
1252943913318526977
1251128029214015495
1243732864178495491
1254783550252969988
1249800295204499457
1264975426079862788
1244252820397842432
1247226361904758793
1238105120119894016
1245448212531552259
1256324628420517888
1243134096886423553
1244983174314196992
1251002864371216384
1242783748384587776
1262491765766004736
1254129207057297416
1242540276259917824
1248320764228579330
1238056830150094848
1244261627098210306
1255318699193643008
1250146411326439425
1248988354470961152
1255233987095732226
1244969996935139329
1257755760437743617
1255484389414354945
1253671586395312130
1248987000142774274
1239875073424732162
1241827585618780163
1240417513923584002
1245445512087711744
1242736634329792515
1261817810587656192
1239571921550925828
1251151736984571905
1242377462228480000
1243701844863528962
1237565593303175169
1246208694326628355
1250485294379532296
1253339694315626505
1243304375977639941
1235397789552607234
1243281065604759555
1249458358576349186
1264961539322322944
1257092559513571328
1266264950269337607
1259262030856454145
1238462780203622401
1240733459104051202
1243713940351303690
1247444128255926273
1239322573969727489
1245125059074764800
1266524824429645824
1254390356759793665
1237406906362322944
1240464254895108097
1240802127183859713
1266046058448261121
1239324846548488193
1235937011527299072
1241199534501396486
1239386228916719617
1250779069295333379
1240801465431666688
1237652802014523392
1240295833318445056
1248402389394046978
1240292422518792192
1247606828961325058
1243736538309185536
1239053004256534528
1243306370251796481
1237124703678013441
1239350526602510338
1244455218638618625
1243714724296036352
1248574269963079680
1248448536536133632
1246536114250358787
1244795805476835328
1253680670632804353
1249070420768292864
1245891464246243331
1236027770729385989
1249046329420120064
1239652841754689544
1239377881026965504
1246095859827310592
1238300858569416704
1239563277841154048
1266843557043810311
1244981058921250817
1249800064429707264
1243981350388076545
1241188471819116546
1237837610149490688
1259929546004074498
1235827982935023618
1236368378190839808
1249045730863579136
1239645070040629250
1243632498728452100
1259857519503081472
1262179957511524352
1270075238458560518
1267654718949597184
1237747150982909952
1250090583907094528
1253006166680092674
1253006263312625664
1246522058378485761
1261382195320668165
1255114479555223553
1238412409892675585
1266335329474285570
1252791702429093889
1252402681957605378
1239998452471410693
1239216398355881987
1257087087574233088
1236647465115439104
1245327352927866881
1245775705625038848
1238650631210090498
1240193763760365568
1267281696757624832
1266777530482245637
1235059789425594369
1235316938311716865
1254837475257745409
1239394697006768128
1242424001454104576
1270417831851700226
1243977542178082816
1239906198675210240
1241888638859804673
1249369169851756550
1244604840950607872
1245372452236136451
1248348264786792465
1257994397976756226
1236660276692475906
1236660357852286983
1250134477801750528
1261364023703961600
1236039040526422016
1235302766727376903
1249693651372040194
1250204185884327938
1237777884510650371
1246959395013083138
1241033502247677952
1239326748636073986
1238676513865768961
1239038961382764546
1259661256765648896
1268970273367306241
1242378892536659968
1240260054869331968
1239597711239847936
1237435455051792389
1242375817411416064
1260052128405557248
1238362074486628352
1253370101946101763
1245540886353715200
1250335411987050500
1239409695846289409
1262355726598582274
1244025181946826753
1234951673304567811
1246488276099268608
1239297973760163845
1246136266443362306
1238643458086240263
1241758584171573248
1251310878437314562
1236375947076669443
1244060863687987203
1244982344223768578
1240129583653040134
1238456715881963520
1242204204481077248
1258121614560047111
1253738066696642560
1244893646027132928
1242986856649801730
1262124745165877250
1245960098578563074
1241690036829069312
1245115470044377091
1243653024796508162
1241677491296755713
1245535053452623881
1263436035754799110
1253757089899524096
1241404233141719041
1248602316787396608
1239974058113896451
1235693467780747265
1245164128198590469
1238682341243080704
1241514619132350464
1240264984594124801
1235752577985163264
1238908969688731649
1253050131097804803
1244979441236877312
1243338007194861569
1252707581073604608
1238950254470483974
1251266648012709888
1268172946717184001
1255120291585576961
1270637501984780288
1253643822027988992
1258918388828684289
1240096934523744258
1241397650722885632
1240095817249284096
1252608021596962816
1236975574998007808
1237653364940386305
1250821780740214784
1246550157803601922
1249460318935420928
1262487874873761792
1241051071331667969
1249079129472929793
1241823705606602753
1258944143918858243
1244944559861313539
1252737326188572672
1238882814788943872
1251850326900191232
1245375856144457731
1248606684102176768
1256298221762228225
1265495851771797506
1249809572296044548
1245037149029834753
1244420951925641216
1255808631586590720
1240466892902600706
1240820230403895296
1270480717059948549
1238949851611701249
1250778742164721664
1250143805875064835
1268366737139027968
1238685483540021248
1245774025802100742
1238684057027981315
1240832833389821953
1239742463377649664
1239323020700811264
1237428916387790849
1250002756682821633
1236782314060943361
1236778777591627776
1236399198448254976
1244259014839611394
1245595888241672193
1249457444352385026
1240888879303077888
1238242487497523203
1235304220531847170
1235305437324509189
1266151022117949443
1266931187387453440
1244650186514878471
1259917252486447105
1241119761670553602
1243651569431830528
1266784369747931139
1263546017305296897
1246212431766044673
1241917406454468608
1257275160853385218
1257275490194374657
1237749255143600128
1243484651446046721
1241190356802326528
1235102007062441984
1249451479322300422
1245324736088981504
1261366612734685186
1257683643625082880
1245819378505039877
1242150596934807558
1258693620858785792
1239345816973737987
1239642477801455617
1244026921718960130
1252234240772632576
1260239589744271360
1245180454363373569
1236785434367320066
1240468749184110597
1248193038297546752
1245179672364814336
1244808331014914048
1244000732505833475
1244020189622145024
1237050179347525632
1238264012305022977
1235663419757518848
1237366475599556608
1241812015338983426
1249691818884829187
1245765956552572928
1249689945012342784
1250746895808499712
1235219467220774913
1240595777153642497
1239762607424356352
1244259074574860289
1241900830455926784
1239375318894481408
1237440987544334349
1244800260544724992
1267445876630454273
1239393640860057600
1242131818649989120
1253420346738262016
1240952119462690817
1238675324407250944
1245806239759716353
1257766632929275904
1270088037754703872
1257773781357080576
1269635421882982402
1237365861670887424
1240293401267974152
1244795800607248384
1246931707540000773
1244811946144280578
1248748737716944897
1235315129220202497
1268211884974641153
1262388208098295808
1236988097113526272
1255555551221563392
1254944525769936897
1241577285356072960
1241888779784331264
1247156489598504960
1239660491825446912
1235634037420630017
1253349880162066432
1242093069844877312
1242966859001016322
1253735850871005184
1243905388979904513
1245714598902169601
1247034533339435012
1240132992577810432
1252677392012886016
1256037360854282241
1262421182223179777
1262424728846860291
1262425190300082181
1251205849298731009
1251206358315270144
1238973984877797376
1241939580917555200
1237179358969806854
1253754459173408769
1240809536128253957
1243162291790663681
1248265101049765889
1240421012652646406
1242136599489634306
1247636755165175814
1239334503128223744
1262716434481926147
1240825778474008578
1247603978214481924
1245897664908140544
1250598968729440257
1237410814191177728
1245528389542383618
1245119610824916997
1259923812751216644
1242099039350464526
1238131988109852673
1261353532751405056
1236459573449494528
1239304350079516674
1250453894716628993
1245116376894918656
1239752881215098880
1266141009324408833
1249811114692575232
1264214219261718529
1239862763486412800
1238411681258262529
1263282529228009472
1249493671797547010
1236426687740608512
1244723492521680900
1245497855218941952
1245177192268562437
1250088369691987969
1250300359731380224
1236373800591204353
1238301564432982021
1242257319649521664
1235693403511418885
1238083572340346883
1247920956049444865
1244453716993982464
1246028807464722432
1255318523854938113
1243337757109432328
1242488901174005760
1237085637129506816
1245798587772141574
1237827753233330182
1244840604007366656
1248226277078765573
1238924724446560257
1242537093479501824
1253654777432551424
1243975392769212417
1241195673539788800
1250200877119520780
1245861545566801921
1248035799989399556
1258456634403311616
1241674024771620864
1242960693982363648
1248675293205757953
1257094302200729602
1235316638817320962
1243266238505246723
1236225799566635008
1267187188615327745
1242256833080963074
1242081206897905666
1238682802222239745
1249380076979970050
1246203855961980928
1245161261932982274
1258447066528972807
1244260390491611136
1253860963528237056
1240416796215255040
1252742926423261184
1246925348937371649
1252221768330358784
1236284604883009539
1240727891874283520
1244604524020535297
1239645409825435648
1238272341915963393
1246060509729865728
1238084323913478144
1239613223856414720
1236473175472553985
1266428000712773633
1235635339227734016
1250767497898463238
1247142309961125888
1263095314124333059
1241696684192792577
1239689327703134211
1240791020545196034
1245159657573961728
1236040345227534336
1239972208824340482
1242930905464868864
1241798459377750016
1251378187734601730
1238930126378881025
1240062391905386496
1250095541448572928
1270097492269563904
1236988137701806082
1263477598384009216
1240029067564507139
1238267217818591232
1248853993583005697
1249007141031161857
1237840726253166593
1247195601869189129
1245116717015146501
1245497068447203328
1246125709862592512
1255159324873240578
1239941586269671424
1237569991395819520
1259240130180759555
1242152847875231744
1249433184338673665
1255227306190278659
1261749099151282176
1246520768290271232
1242808619105689600
1242957261590446087
1253004114910461953
1254520966576844800
1253860638964752390
1249855613884129282
1243221349096665090
1268894788910284800
1237895741248438279
1244721041424945152
1245466031503572993
1246798862221705216
1246795664203354117
1255149735368732674
1246050768819494913
1255228253960314880
1252796735069569025
1239064921725337600
1249960026145505280
1241912100030754816
1237918761233022977
1240089147907457027
1268544486222827522
1240798822542041088
1246513942408638465
1246785052958232576
1264610187945611269
1238533125451497478
1239766862390611978
1242830737520447489
1265056873327312896
1248642427382005760
1245345726034522113
1239303602763698177
1239322695520661504
1251307251438104578
1244516959011713025
1262656086936555522
1244577702520279041
1249420009480355841
1237912677256658944
1248983212199759872
1236144584427741184
1251896410045374466
1255193104543555584
1249574255513174016
1246179862806761473
1246874168316104706
1235934547390246912
1235593194802499585
1250129521375920130
1255330463708778497
1255653342187073536
1237335412579893248
1247606671616155649
1248594861290336258
1253675024466264069
1244760736041177096
1245138955802214402
1265385528620396550
1254006010408296448
1235328302858080256
1243225113740349441
1239365597273698305
1245346120018116608
1241434372080836610
1244287539286081536
1235188488460525574
1266107443362357251
1238818478259425282
1238905911302934529
1241524820434657281
1261053469596712964
1238801280421761024
1242579991663165444
1238278736862199809
1245713729888702464
1249726857102139398
1249809123358711808
1245180018101272576
1257690463991193601
1244255215097991171
1239380137424105474
1245912425087541249
1247528382163607553
1237549227724554241
1244108048395907072
1237922528452018179
1259436864945209344
1253370948813807622
1238016282001358849
1260531459045163008
1239250419710341121
1239732148879458306
1240086881108451333
1239386073245126663
1243859926109356032
1262181827764195328
1239753595060453377
1248706126239186949
1240642981813723137
1235631378894643207
1238936538966360065
1239026434380910592
1266072670472491008
1236645606908743688
1236984717691453440
1259898560511950848
1236526744624136195
1268121468942135296
1238200045729714181
1249333004641632262
1237863363922685957
1246437647477809153
1244261452996841473
1256188690239492097
1268352615127138304
1240977647519313920
1251512843758972933
1241656565582704645
1268730482918862849
1245315357092524032
1242864040575225859
1260347478102224896
1261875699402649600
1258712193807167490
1246782748435587074
1245378123576815618
1245142647293063169
1267144170793316354
1248466365947600908
1239154995855048708
1249789191153692673
1252718280713830400
1237334749087256578
1253464345683640322
1238839020920152064
1248226299518345216
1237286284374278144
1270035417228869634
1242379127740682243
1235021508285575170
1235024463885783041
1245372569269743618
1239153368041480192
1236465781828923393
1241247493616263169
1252345557856612357
1244738826104385544
1235514797581451266
1242780458452213761
1248766705515540481
1251199109924601856
1237888774098407425
1252166994360709120
1261249288375541767
1250157227580801024
1245138349066792965
1255579014934265858
1251933001015087104
1253016761378787329
1263477679233392643
1248403855785648128
1248212471523037185
1248775991931146248
1237916739972759552
1251292908105412611
1237285783385649152
1253444277759344641
1250491707730333699
1242737291237429248
1242225813661024257
1241431469496598535
1245135576120033280
1248683587911561216
1245444794941353984
1243891761908514816
1242417683154550786
1247334842703937538
1249920398872936452
1246297582923657219
1236983245092392960
1237499208770478096
1244068956501131270
1238950100359143426
1243263095990112258
1247851279998750722
1244663639753265155
1258778535470288896
1242626734157152257
1255353495923941377
1245720205365522438
1260177071822815232
1253329679731224582
1242856663067041792
1254092553370165253
1261478785217695750
1238845878133313536
1238260739720253441
1255114383283425285
1237119691484774400
1238084445703409664
1264000812721639424
1244721705584668675
1242370484223840256
1252797901643960328
1237362310840279040
1249004718891970561
1242368575580581889
1252830673590644737
1246818577258369027
1255187730298011648
1243711220508758016
1239876951751512064
1246644659276976129
1239237376163090432
1239918524241494017
1246142466316800000
1238132940925743109
1263326404495568896
1240764345669365760
1251505664758857728
1265995093720346624
1258047875268980737
1237848881334910977
1255989902954713089
1237399560269508608
1236276360114511879
1239025781302591491
1255115106691792902
1250462262780977152
1236401573905006592
1259620278692446216
1253746275499020290
1237922767338520577
1237843844223209472
1244340228447485954
1238085981259075584
1255155693948002306
1251177138839003138
1241447379053797377
1261870919758348288
1249559504703967232
1263483811653918720
1238426737798787073
1244879693171642369
1237011893069533185
1265072228791705601
1245567667710328833
1248631245837393921
1237894191633428480
1241861002397876225
1254940132286881793
1253105964720353281
1237826252356177920
1238016070818107392
1244886336278069250
1237402893155586050
1262363925800120320
1236735811523153921
1242925784601432072
1237859398132699136
1253408508202020864
1250052021215952908
1255270061763411968
1242932787981754371
1255160213344313346
1255251343914172420
1253878952633958400
1249138371299065856
1243339054843940864
1255225760006184977
1251431587092324352
1245726976159240194
1259904436597653507
1240502818991153152
1241339502481858560
1246781516870553601
1240443561641984000
1250772053373919233
1255153511290949632
1264922761002090498
1238281405286748160
1258974879346458625
1248777946267090944
1252012298090303488
1238600197216837634
1255188068790931457
1240218223552978944
1257763003618996225
1237286756694794241
1247604414552199169
1242407287186239488
1259846073973182465
1254942826678358016
1236679680075468801
1239591718292533250
1246387031414112256
1238090385039163392
1235109557275217920
1264920045886504960
1259611286947729412
1242397910186237952
1264879656928452609
1239760555939893248
1254069236642852864
1248323984745267203
1235073535325794304
1239944981848129537
1240283212561203200
1250942913254694914
1252138769890922496
1235547346760609792
1255886793658044418
1258206995984920582
1258285431495503872
1252760187125084161
1239216785775304704
1236468946498457600
1258073895132946434
1268562956050194432
1240805681382461455
1248955362444787712
1239840350732201986
1239840465039568896
1253016385267040257
1265807843174776832
1255125624601153537
1242069738471264258
1238626752290791424
1247323066620874753
1253793823437623296
1251233795057037319
1255226360131436546
1238684533228285952
1238902007953608706
1247229623374675968
1249479524007452683
1237704661282574336
1246270163948916737
1237369504260329473
1257369269760921603
1244740047947075586
1248264508147216385
1266199453574234113
1243391263472103425
1253369581659475968
1238021014099025920
1244881569275412482
1240615791185334272
1249557445715918848
1248939618512355328
1238485940974338051
1238796558898003968
1244841198600237058
1247596905422561286
1248610508086734851
1241941393700007936
1255386406584823813
1235178950432784384
1244354943215112192
1243205664652103680
1262434077153599489
1245458545908350977
1257095525331013633
1264703181671534594
1238666841674977280
1239667656401342474
1247330811185188867
1252010811595403275
1246836871373754370
1248359244774154240
1245119506042834949
1270117407017885697
1244725533134462978
1262186551511060480
1235542425474682880
1237811936907210753
1249480300222185472
1240794204760084480
1240610854850179074
1238917937290973186
1242917755055202310
1251701540659871747
1264932069232324613
1254026735366164482
1250983328322326528
1237861343182516227
1241548447553110017
1240787280106749953
1235960580273516544
1242616616766124034
1250616836821078016
1253723922912116738
1236273381198233600
1244768234932404226
1239157288625221632
1245907898343075840
1244739931832037377
1238669172533493760
1253480954850615297
1256706036230127621
1244838789513691137
1256766425911513094
1251000832117653505
1262186462205874184
1245157848675475457
1239032556034633731
1235610930794377219
1239376587067441152
1249875631120297986
1236534402068500480
1256256246484807682
1239386508253069312
1264291987429171200
1269813604418715652
1237860990802251777
1250060566980411392
1241280177373667328
1255096232567091200
1255836742931841024
1243339319563206656
1238928741046398976
1237859117999349760
1240242637648650243
1255169446341152772
1242098835452813316
1267877167477723137
1236463741228789762
1244880787440390146
1243264415149023235
1261921195198464000
1246783605751402496
1247883460372385792
1261375561181483008
1240348629203902473
1237746078847512577
1247996687244820483
1241140386397028353
1235514467280175104
1235313532901699585
1235233692961910785
1244974314501390338
1262504740778397698
1242094694479409160
1265487695771570182
1260548647583911936
1260642634168745991
1240841299965743104
1237916726240727040
1241036861981642753
1251310902781059073
1261160708550438913
1261099676759142400
1267940579981352963
1247651785722007560
1250395085738577920
1236466295895457794
1239847817847414791
1241141434574688256
1239592675067736071
1235554474434928640
1237898649314553858
1248715761067134978
1242271275344683008
1236750115806875649
1240992700020789250
1241860992155385862
1237793730045923328
1264008458904449025
1236277983809282049
1238922068806324225
1254745153258086400
1246415168466300928
1240242063133880321
1248982904987881478
1254410397232386049
1238473634705965056
1244769564359081985
1245479108567609344
1262867012973481987
1257752116002725888
1244723876669599744
1236274928602791937
1263501371766116352
1259451991744487424
1243988394549678082
1245154892848775169
1257331199665635330
1239207853048696834
1243659790250921985
1264223303255961602
1258255943323791363
1241928533531901952
1255674586739421184
1242433134337064961
1240717327496290305
1236483673010188288
1251134819532185601
1249901135051329543
1240285254553911299
1242956939354615810
1237285951665291264
1270033018145722370
1238563385958174721
1265813108855050240
1259936146378932224
1240238325644083200
1247184202254204928
1265721684461604865
1254941648024412161
1235132728061853698
1240011681780117504
1246816131261874176
1255151204759269379
1242203461711810568
1251205235340697601
1254081528038072321
1240677200627728387
1242153092080173056
1266111420380450823
1238498041281175553
1255351423069536258
1239771546287312896
1241339510715232256
1260345052741513216
1260346734133166080
1246587621482074118
1239021606044925954
1251529180270997510
1238704187464208384
1254249751752646661
1268168067982462979
1240981979203543040
1254758388342362113
1249872313501261825
1245691882233004033
1239319638917492738
1244276299658596352
1247535341159845889
1237873839142387713
1262176816430821376
1237878905807065090
1236738545345269762
1237507863582576640
1242272789471604743
1244040033000214533
1239067314059988992
1266093552385261568
1251192917068300289
1250053890625679360
1241279849811054592
1246439336473759745
1241152554572091392
1250247400419217410
1250490898171006976
1235764237466820609
1247324029339471874
1241177420595630080
1248681323482546178
1238184476712357890
1247331760708485123
1247314666851905539
1256320661699493888
1247733971980636161
1242791499546480641
1235772747407593476
1242794631038894080
1267835318817914880
1246458281431904257
1264752229237620736
1242625895065583616
1239929297252515841
1254221280037003264
1245694175586238466
1250408706258481153
1246452886537670656
1253369428449902592
1238424251943792641
1253687756561186817
1250779443527892994
1235181748830515201
1235182131858616326
1246902455411118082
1236342305470234624
1240424727669243904
1245511150302887942
1239375578375114753
1236278941939269633
1241521732806160384
1237752828468310023
1237918582069178368
1235165347487113216
1242218380419088390
1241524155901673474
1248028326930907136
1242076658947051529
1241135626155692033
1258153488426643457
1239682478366916608
1246773029738360832
1248263463849398273
1243689026651070468
1236482905871974400
1242043781656064001
1242963177920507908
1249971493787877377
1237759152681877504
1254098172575711235
1237913239616458752
1238597861304143879
1246778027272548353
1268762663649185793
1242636646429921280
1242483372879986689
1237923976355201025
1239504774132834304
1237754547742871553
1237862230936276992
1241455616574607362
1246438399927558146
1237925371187802113
1248936189891149824
1236645903357935617
1236740445616644103
1239545019645771778
1249297798455005186
1247468868211220480
1246432157255585798
1252679742400143361
1252679002965278720
1265694698263453701
1239503771987857408
1247634787730444289
1252363420373901312
1239930660699148294
1242093872701939712
1237353370282795008
1251553350417555459
1250171242029645839
1244347653187604481
1238112668214603783
1253776435702935552
1262430208629637120
1253443564748537861
1249076798966677506
1263240903260614657
1244768930268413954
1249471088494546944
1240425419318362113
1242936306382114819
1253743528041230336
1248583358361321473
1262367397639585792
1246780780807966722
1243710572010618880
1254916663276982272
1246789225510510594
1253698105540841478
1244740544900870145
1245091667641864193
1244655576723918848
1245804868616536065
1249012906894725122
1253682305878691840
1250055199718354944
1241849810862387207
1250155386193264642
1246200949774917632
1241366436423098369
1269373140481777664
1237920193017454594
1253689778815541250
1238873804820144131
1253661630094880768
1250764809768927233
1238533436811468800
1257399491281530881
1253457312519503876
1252295917614612480
1259905394492805122
1247206671425966080
1245870566130601986
1245903142493052929
1243860699375271937
1246963050974007296
1263582113594556416
1251957494794063875
1247693959654248448
1258559528531947521
1239766033528995842
1246201716179111936
1260920031556370438
1245690769740087296
1253883214822809600
1243524710291451905
1235550343607529472
1254845664682483712
1237508797158973440
1244880533395554309
1252591168292077568
1244712166172905472
1239504331017203712
1245369892347547649
1241112443453087745
1243339693439234048
1256164674468536321
1241850502586998789
1235356649570938880
1262496146246819841
1244719218446282752
1247431179441246208
1251876542696783872
1237689779606695936
1259806072619089920
1247144230277046273
1241485218772668418
1237882049215762432
1253371210379005960
1245341899050926081
1240458320084951040
1242791583092785153
1242802352597479424
1237653195087847424
1262876459749855233
1269275357825417218
1246452440595120128
1249445478627934209
1254771188326264835
1245393350619955200
1240152120873148417
1241724917420371968
1241852134397804545
1248936582473809920
1261380466369654784
1235297791674638341
1244998431401226246
1246909884915998722
1243370047625744384
1266463106919587841
1252303358892933121
1255148885816651777
1252002104241250304
1239505094330257414
1251979685900234754
1252559576995676161
1254209763220639753
1243959780730781696
1238223886514376704
1254942347764342799
1237802417032478721
1251703986174005248
1267881820454105093
1243717929025372160
1237397908309151745
1260704919528648709
1240810872613695488
1235166084992557057
1245176222260375553
1244881893578944512
1265788242747699203
1244400938162454540
1263815691997773825
1244400177684852737
1260234639945449474
1254026347762106369
1240287012818739200
1239784014917111808
1248210024347963397
1238889562866360321
1254265042050125824
1247478358453223424
1259952855894708226
1253702251719340035
1247155421862866944
1246774530904858625
1268143671091871744
1251574762293395457
1261395739550216198
1239793648872628225
1253802040376999937
1260974748474974209
1237358538848075776
1243214812676530179
1246223576988033025
1239590895017775109
1250058369269989377
1253378322274320385
1249804926806458368
1235606139078877187
1261267684634714112
1253002313683406852
1243944236682223616
1244594734833831936
1242846758868320256
1237223775739039744
1236750380530380800
1251287527144767488
1248590614150643712
1247905239933599745
1253824862428164096
1251553595553611777
1250945024268931072
1238633413353095168
1239675537611788289
1245316007872389120
1246774136032169985
1235926644524802048
1259604548336975872
1247003880459730950
1267192766221746184
1243660875254333443
1249971177977786369
1257754854941962240
1238018591024390144
1255210507134554125
1238845862647865345
1248288223396278273
1250568605667819520
1253002099522142208
1237860889404948490
1238097482225156100
1240457051194699776
1241929364465483779
1251138131174264834
1248662862463148032
1243530215382491138
1245284192260362240
1239309006059028481
1258493601815973920
1249699556029333504
1238515393251213313
1253748018983178242
1237863304652967939
1245812991376973824
1256708627529957381
1244967918959505409
1242273986907643909
1260232297057587201
1244706281623113733
1236341239143739397
1253776551814012928
1250183569512726528
1244247840848740358
1265787488137854978
1235554129310871553
1253112198966251520
1244834889943351303
1247964115072581632
1248049859170615296
1235638810446192640
1260351232536793088
1257428714788397057
1248380036123508741
1247985549568245762
1249990676445630466
1242931680194842626
1253081653733359616
1247556337913024521
1255173585750106114
1242906083770974217
1254977986908041216
1243693371207692289
1263211952001765376
1245486913668218887
1246039872772739072
1242092308406972417
1246230531320229888
1249150563859734528
1262799785599340547
1249817646289367044
1242075077967056897
1254187590649077761
1247161244026634240
1240680752217567233
1245460707858092038
1255579143149846530
1241946598382407686
1235549209450795008
1236342655359094784
1242455932380086278
1257803677605249024
1264928873675882498
1248378636807200768
1253782712416075777
1262071597311176704
1261016883844833282
1239718570872975371
1239717641490759680
1251141680662798336
1252684540583333891
1236643792796737541
1251842106295046146
1242461214430638080
1238791857238401025
1260998944361979904
1249699659288895488
1241863085385748490
1247858310373662721
1253687182180659200
1243118701777477633
1240446567905189889
1257372167500640262
1234949027118141440
1237195859621806080
1253110075155255301
1252354189637763074
1239983373566820354
1247002660349382656
1246885180633210882
1237192500860858368
1239795350933831682
1269374258846801922
1245683309704646657
1241280351915388933
1239637503499517954
1259128862841221121
1238222614021226503
1252417160812433409
1236341821208477696
1255943594080440321
1254992852704276480
1243961303200403458
1238367780971438081
1243992055153676288
1253867528864116736
1255411375800803328
1243676945289744386
1250050366877700098
1235649864144482311
1243850742471032832
1253458816428990464
1245055958683918338
1246438526692007937
1237187240666808320
1245215945523638276
1236892286232952833
1246041450208530434
1255581558280519680
1243658445892530177
1244825469238882304
1243002259484610561
1244447274589134854
1250404161017036800
1264614461681303557
1244882188878983169
1257889375519748096
1250786929282633728
1242295773221588992
1243010895825055745
1270026314683219969
1262852123273953287
1246623296713564160
1241074622692548611
1250175149715922946
1260998753739313152
1239546936363036673
1263551063556308993
1259598928284209159
1262064205919854595
1235258417817755648
1259596397009084416
1253000302636216320
1243118155104387073
1238179546299543552
1262331082973892610
1237487574106673154
1264569585556168708
1255170863097397248
1235550395491115008
1247543569495228417
1249972084127735809
1239016856062545920
1248210599999397888
1263136209737572354
1262216358261121026
1251979657739751424
1238527581156257793
1252798137984524290
1262498196808499202
1244924516452745218
1235912825555599360
1242081285058822144
1240812736038219776
1255355773741342720
1253792177085440006
1243349836465913858
1239927013646843906
1242462115388162048
1255250072587120640
1249169928692944898
1247530637327601666
1236992526957109249
1239991973299269632
1269687751420641281
1243320043276034048
1239339203676209152
1263244362529587204
1260973540385456132
1247958009357139968
1254942092973006848
1260969890581798917
1247959129353793536
1253537185653030913
1250518164821151744
1265299824393494529
1244473585160331265
1244242765506109440
1246543899109310471
1268324717603303427
1239680760132653058
1243146030641790982
1264564406807117825
1238178599070502913
1237848820915957760
1236059355755286528
1242898470618398730
1267454272842665985
1250849585561505793
1244147423242604544
1252293538827718658
1243478565619990528
1247209496696455168
1260308793906339845
1236301527809130501
1264922887309402114
1246975517099778051
1246414743700717571
1242288480153206784
1240060059758911488
1239701432468672512
1235925323314851841
1266944437646774273
1269666375712243713
1240150974322421761
1265801634011058181
1254893513218633728
1243919188357414913
1244383777155174400
1257856959639928842
1242601396291145734
1240277830560145408
1240279122842128386
1244298717219487748
1249973631251341319
1243966517571698689
1254597255069405184
1247873295724228608
1255210142699831296
1242100655004753920
1239328262880460800
1249699093754064896
1252992763781615617
1244385963444404224
1238982277092302849
1261265740340121600
1245675925624238083
1242515468335882241
1248605494484389888
1254899127512633351
1237058984693108736
1241482120029188102
1237844346260488196
1261394869328556032
1244348423689699328
1240117022505213952
1257724089772498948
1238224732073361411
1247303483130294277
1256701261392547840
1245217501690114048
1243675080653246465
1255184472221396992
1246409867855831040
1239319109097095170
1243009505895612416
1247931734290771970
1235648459161645056
1247987132376940544
1269082718215815170
1237867261236412417
1241573317338894337
1239588839917793292
1246567871465099269
1247901389155495939
1242612571766652929
1242460857067606023
1243927279740293121
1238220666664562688
1242632458094460929
1244350236912467969
1257382386385539073
1263189589671514112
1243864068206796800
1249700330453041156
1249698663221342208
1247576887930560514
1241503490884632585
1245486219250864129
1243022663125209089
1235542957882736641
1259681541174833152
1247927893843259392
1238223305951363082
1253683416110948352
1236341367166644224
1247558107892457473
1250078099452157953
1236731320191066112
1238566407945834496
1240444637799690242
1243000061270859778
1244348230063853569
1244514775473762305
1248209558683684864
1267517906457366529
1257400967953354757
1257106657714278400
1254190380574261256
1250192655331581954
1236075587040575491
1240100170156650497
1253698107247923200
1264718975616921600
1255178491580108800
1249305292363399168
1265826559585370115
1240443568478707718
1247616579195621377
1261029248426487812
1250430000244772865
1250166011325812740
1245251332006649859
1253111273627279360
1237847988636008448
1257318802959642626
1235723127298105344
1243371747291860993
1237912151223717889
1240004022230286340
1247924986532319236
1239634257762492422
1236421490985316353
1266761752873766912
1241073745986543623
1236341523433885697
1252291813144174594
1243691865981026305
1244298144470401024
1252977238074634240
1239724916951470083
1247355979315974145
1253255947461496832
1246674550110195713
1238220352959983617
1270314099759603713
1238630769976893440
1243188708293181447
1237233430880038912
1241427707331821569
1255486646969151488
1266077122147295232
1252789808813965312
1251175600108326912
1262069978813140997
1250852019587502090
1247988107854647298
1236312332403265536
1262121315768496128
1239272276329140226
1248741776363487232
1238310982985879552
1250931790346358787
1252778726296821765
1246231667792109568
1268538224013717510
1261701041118208000
1255577044144001026
1241482000004984833
1256644542071267328
1245485157445971968
1254717090386280448
1244442707185078273
1257672671862706176
1245999572629012480
1242896516563468288
1257013581327093760
1242269740162260992
1250843713137451010
1254031570295574531
1258396607495778304
1238313611598192641
1252617740810178560
1257610268152037376
1247927218388570113
1247305902748831745
1241316223876501504
1268252476479848452
1270532937566617600
1235206247353372676
1245335356700065793
1250926528864620545
1257316286641500161
1245186852820324355
1242835250084032518
1238811452191977474
1248484790052868097
1240102802032123909
1263098072453623814
1252353541668126721
1246833857594359810
1247723964228669442
1240152236443009026
1255430431618543617
1239141493950078980
1263012785006546944
1255208532758220805
1255093741951614977
1237794354812592128
1258019307604316160
1257447756949528580
1237944988450918401
1248397166403444739
1253687091797647360
1236295416569831424
1243915493615992834
1236360841185951744
1242306307308359681
1245685429392871424
1256586856050950144
1245828294794190848
1262373781252845568
1236753553538125825
1247003337884606464
1240646078418034688
1247195173689360390
1240103482377543681
1261038008679227394
1242692353015635970
1264731341343555585
1238502030186106882
1244299549381967872
1254819769469075456
1254909695359438851
1240482139134726144
1235352519334821889
1239275169580974080
1252782337131196418
1246471302266961926
1239018193164931072
1255400301781229570
1239566379835174912
1261310909978488832
1254803085165281280
1246043115359739906
1248396857971068931
1250154395918110720
1258053024876048387
1249708436344000513
1240860243241906181
1253566406760816640
1236355725250756610
1238848412839292928
1260331807607791616
1245562238003486722
1237795646318555138
1245171701090041858
1252291781875642369
1259098196535640064
1244458909923975168
1239143444867616771
1249971824366141441
1255213858299555841
1245707252486602752
1243720680853692417
1263836280980418560
1264390612201213952
1247150349045182465
1245144459182039042
1244896094800183296
1249697366506188806
1235177797473226753
1242180087002390528
1246761273519419392
1255142819368337412
1246922503039209472
1238147434683006981
1243315636220178434
1242118787111047171
1243183569029259269
1259821701459828736
1245169877284990979
1239982493396328449
1238063421008068609
1261308506659074050
1249701089458425857
1257739962059034628
1256475548429111296
1261617890819596289
1244303817388277762
1265649741502787584
1247002603449454593
1238504210553020416
1239988436691570689
1254885634369609731
1240057541507387402
1253460410780364800
1244239503822336001
1247162991172366336
1239938616664756224
1237844644337045508
1245855518117089280
1243916419470934018
1243608875414126592
1253350474750844930
1244718057861394435
1239219322968346625
1237199787088384001
1267561035420090370
1247004273935867906
1245707893900480517
1237793930890096640
1254815250299465729
1257497349376610304
1252355638442602497
1244716298522767366
1255140848565551110
1240696112681349120
1238121124501864450
1243007437235519490
1250755054635753473
1239353366297395200
1260349213822648320
1252586209035071488
1250219839630737415
1245513146896449536
1254427893029113862
1243117699603013634
1239992734443864072
1239937609662595072
1238247334552756226
1264542093801934849
1250887137211408393
1241371832470712320
1246595524498784259
1239964550037790720
1241647159348428801
1235297362244927488
1244720181307465728
1267179012822110209
1237933382601973767
1240647650413809666
1253843217214210051
1250502532604010497
1250547279662067712
1245671739931136000
1270317763253473280
1236362010075553793
1235253043475689472
1264438523693862913
1236356784513826817
1264638790812958722
1243016027962777601
1261669092546707456
1239985990909022209
1240157391158751232
1243917141537099776
1240785435003060228
1238066205346365440
1239890038047072256
1239418896773451776
1247003214039470085
1237939078676480001
1242914841658036224
1251323403723833345
1237903427377790976
1254883174779441152
1255434195175956480
1237313619995561990
1250496840715436032
1244750146451189765
1243952952261447680
1241143825516638208
1255458615596666886
1240312584114487296
1241972306076938240
1253356419014893570
1249313230461206528
1253350386506792961
1264196925089370112
1235888068697128960
1241144776600231936
1245181940048814081
1244594233236914178
1245216860859256832
1238965302806839302
1254469858529599499
1245296676224618496
1254420297895358464
1243309551056797698
1244462546238803969
1239889685553479680
1244459205014228996
1239970895986192386
1242260759406673922
1251297848454504454
1250218813968261120
1238163239801884672
1241412549901516807
1247303810919342080
1240783887678275588
1255146212501553153
1249717038739853312
1240857583143002115
1237494357525254144
1257311520137940993
1250758918114029569
1244733052170964994
1239981579100917761
1244157706698620928
1249831229572218881
1259785723617689600
1241413245774237698
1241054892577488897
1244728341204262912
1239418573279371264
1245183333266534402
1249778565865930752
1237563173537890306
1239503416835145729
1243020029559484416
1249677485568151554
1238247188611858433
1248569328699670528
1244459819618140160
1257343125074456587
1253806465422430213
1238965559041146880
1245468207172984832
1253733035436113920
1242915050861535233
1237293678101700610
1237735033273823232
1243592082964570113
1257003073978929154
1236358218068213761
1252584466708643840
1239313166179368968
1245186351022080007
1248332368651464710
1238547344997613568
1262542778061524993
1262827201940148226
1259818728839135233
1241093816427458561
1238124667350761479
1252580140141461504
1248566914995171329
1242259945636220933
1236065622607486977
1238549053459312640
1250510947707424768
1237945585178730497
1237464974454181889
1245358199110328320
1242334027660566530
1263136179928662016
1236062345685856260
1237945172639600640
1241054385494462465
1237946144283668487
1256727223756902401
1253731820505571333
1256622123398955009
1245473243772977154
1260729039368720384
1243591818186575874
1265282890646126594
1244753616365334528
1248568336444805121
1238394157649080321
1237946494453452800
1262538302302965760
1234972627388624896
1237947528538206209
1256580535012466688
1253808256939700226
1242260852260196353
1253808058318405634
1244754900795473921
1257310911989075972
1265282330014482433
1262829190619029511
1238550780430430208
1237941419974823937
1238549416879022085
1238124475679416320
1237292528673730561
1242140606467637251
1237031274239397890
1261086052921544708
1251362462315790336
1237293412543586304
1251361418437427202
1236859938653245442
1261079564798869506
