1252180405127483392
1245037079450406912
1245129487345258496
1250104456206639114
1243283753130168323
1240400917494669312
1262533264188878851
1251659521102983169
1244634739488641025
1246534877912002560
1241778393747558401
1246863329399717888
1238654968585957376
1239783007671570432
1238896978651541504
1235800174057799685
1248812809309130753
1245052221068197888
1242569843104043009
1244845008152227840
1264735618887643137
1260949341277044737
1235325868530110464
1253384097281347584
1238218144763838465
1242583592653340672
1248016814589612032
1268099663917314048
1237252276927868928
1264510293436059648
1244374443268247552
1247286758103908352
1267903902713810946
1262779154396639232
1242339269483671555
1253817419740712962
1240195953560154113
1260360717904969729
1248402628515491845
1253048340020727808
1244369538524708867
1237841019955081218
1248038934279421952
1253483995183976449
1237805809326682112
1250356635597340674
1254555240277278722
1239740864378765312
1259325999755325440
1253046269783633920
1244500671329525762
1241828049307316224
1244634239959621632
1245068112795283456
1248460374426267654
1262511665720901632
1238953194618646528
1239408590739238912
1238893548579090432
1239064009418010624
1246916199092383744
1238656627328221184
1238656860216909826
1250779141659455490
1243364723472478209
1251694285671415808
1252643791342759936
1250949177745408001
1245194828985462784
1237528802227449858
1245782491236937728
1239578171831394306
1240955644104097803
1241527418394783744
1250625883276075009
1239811491122925578
1251895110674993152
1252706847049478147
1264787311956389890
1268001379068440576
1238218347746971648
1248594683866955779
1242941123158409217
1236107959211454464
1238521327046103040
1263847313736445953
1236863236474982400
1237721576591613952
1245416425369391104
1269844245227040768
1250938169224093696
1258302837257199617
1239332603951382533
1243745561708118017
1251123295358877697
1246943445727326208
1245178851891666944
1259431216970792963
1236134027834220544
1245106237366132736
1241528671426342912
1243978217456836608
1239663567479214092
1246147071914029056
1251494472958918657
1255707507806203904
1244118479692693504
1240290926100013056
1238264334410637313
1247399360557547520
1251163476820496385
1269359378647285760
1255527261207506947
1247937162735022080
1255480219349192705
1236371895278170112
1235669823226392576
1260469584622215168
1255119962693197824
1247546158253101056
1250121701867655168
1243326823263375360
1237433216144781312
1246182347864596480
1269493518352801792
1243368576561504256
1261594903093493760
1238939709084073984
1247545227205734401
1247375839278194689
1240140410795823104
1239092409230749696
1246503148337807361
1244358188473827328
1245158965866045441
1262413517056954369
1241597070324019201
1240190742041157632
1235449790428676097
1242807319206875139
1245953945131835392
1245164957098029062
1252800079875858432
1270061088948629504
1246124203977240576
1253736055280242688
1250628483719458816
1257182656397107200
1249070230619303936
1242546936512561153
1243732379262431234
1237439596629086213
1239348935908458501
1237467785946468352
1244132957880602624
1242229064921837568
1236172103897866240
1239630419940626439
1251544523416592384
1245522444946825216
1249056161065623552
1244435115784032257
1242155583878254592
1237449354929037312
1256056278318628864
1245433905286533120
1236372675406073856
1257791948154232834
1260012444790829057
1245935920051679232
1247546997747277825
1242109899359674368
1249071746419806208
1247586771459665920
1240296647340388353
1254154766927585280
1244093486820757504
1234990396494643202
1259928489903284224
1249813931662512128
1253813506207387648
1239063823228624899
1237051025841782785
1252691109316161537
1262133720070230016
1260241597884583936
1247610135897202688
1246501746672730112
1240524843059040256
1241130240073707520
1240135526340005888
1241216931736125440
1245431075825803265
1243622609821941760
1238645338443046913
1253674989292642304
1248075024092639232
1245957752201019392
1239374805037506560
1250913170773794816
1246384855593529345
1239617425294774277
1239042669080264705
1261914067976904704
1245733664744329216
1245201136098762754
1260847060317683712
1255382930874130438
1253029704577069056
1244856220550180864
1253382309358653440
1261902313767092224
1240186666272227329
1243108049214001152
1244629191275859973
1247632533941977088
1242928028054745088
1240636893198352385
1254546797462085632
1242945863325863936
1237227759354560512
1243443403313917953
1244061296493916160
1235587269488037889
1247368773037780992
1244451773709824000
1239327741196951554
1258126151370682369
1245534312360968193
1249055943142359041
1266769109359812608
1245712978411843584
1253125205909618688
1249406278398439424
1256551426567913473
1250355890282098689
1238589822656077824
1240771078655373313
1244636032391208960
1240734126031794176
1245545692967219200
1238301093152436225
1235439751953395712
1247278193532375040
1253145640416075777
1239390278739349505
1252731315738128384
1250778905079758848
1262816602166190080
1238797636443885568
1243410558725967872
1247108792744984576
1269398737828233217
1241513575333515264
1241240357783797761
1245746599046705152
1250122812632600577
1255954776165998592
1247570804709011456
1238197562374361088
1262021915020943360
1248895219828797441
1237895483139317760
1238259749562519554
1235869414525816833
1246554440200421376
1254284240784470016
1237372431112663041
1240591867382648832
1246497469426352129
1251213180543668225
1261281266214854656
1237436483868352513
1245825253550346240
1250625091471200256
1248354052515090433
1253419125570891778
1237950190012616704
1254786121545859072
1261350728557158400
1239258422152818690
1254754480505057280
1258929279833788417
1266470757690818560
1240606287890538496
1265059899232247809
1245866856612683776
1260466270903898113
1239395438353985539
1247036683582730240
1240833018631053312
1250782884060749826
1248352538585214976
1235324424854876161
1245957156748189696
1246498682796568576
1240065852227158016
1234989476994154497
1241525332047364097
1249408070439981056
1236721407976828929
1263503667862241281
1255646591379107840
1235638025968705536
1241019446984151042
1240073307585568768
1237226817661980673
1241898904410411010
1254149137458593792
1268100450089267201
1267625719128940544
1237956428016635904
1253412601284792320
1241789354953125889
1247108897715793920
1238110009201807362
1260256613803286528
1242980438143930368
1254547270629863424
1244293619286044672
1237408610583326720
1257702367702560768
1241888347330498560
1248003065212370944
1250359485727518726
1249424349792055296
1250207442207510528
1269409468866936833
1242225042403913734
1252847196665294848
1244467705006018560
1265769246111367168
1248785594924314625
1237442103640125440
1261387326560731136
1240272965918318594
1252206215540559873
1261328407863779328
1247606533543751681
1235435343307927552
1238607753549099010
1237366237711212544
1249812510875602945
1252847501280808967
1250248337363570688
1240822515447894016
1241418971024244737
1237112949291888640
1252850019331223560
1239613733959163905
1247245501197516801
1242979785552187392
1237250137732173824
1256986926617366530
1247734531643158529
1249144318608191490
1238557278350872576
1240033504403918849
1261093218411667456
1238270678119284736
1261095482496958464
1238764196654911488
1265021526652276737
1238910848044691457
1258171831938248705
1235380248520167425
1269636179558674433
1243324538319802368
1262250741990748161
1255334693211381764
1255839639270617089
1250574308285411329
1240417582026346496
1237917076179673089
1250365556743528448
1237587441877274624
1240442863537643521
1242936400795684864
1237954069928402944
1237176482260082689
1235367143098789893
1237247507719229440
1264078701118939137
1249866920532144129
1247548791013511168
1243906673254608896
1252734727510872064
1237497281282072577
1238603864120512512
1241447563774930944
1237913729452240897
1237404055124586496
1247352272117329922
1261176897020387328
1237035271595540480
1256070059513933825
1242653705075167232
1242821038200643591
1245905132505542657
1238603550097211392
1240017683539615744
1270362206975045634
1239712742619004928
1238314565760208903
1261423024428822529
1248358205723299840
1241515169609482240
1238412904308682754
1260566163563573248
1244836457971253255
1259747139309035521
1239833318398414848
1247321737508712448
1237477713339764736
1246966161876463616
1258282654018842625
1246884090499883008
1262169166133334016
1240326775017623552
1243446251737296897
1248185741173116928
1253116161715126272
1246868009446080514
1252593798028263425
1240475742632198144
1265769082055307264
1240276664472317953
1268374962001391616
1241490983734218753
1244778757300211712
1244773544652951555
1239945058377334784
1243550242454278145
1246684734660345858
1245905396524441601
1258249282555006978
1239380924883562497
1245511570475454464
1241490387614625792
1266263868206006274
1235952614560292865
1241891344076824576
1245730607415476226
1240696661610885120
1241853795430096897
1242670020699623424
1239513726421786624
1248020864710275072
1251202604190896128
1242222362977660930
1238916100194263042
1255519684407033860
1255164941352308736
1264512237579849736
1245984251390185480
1260417717732995072
1252125208544067584
1241798245384216577
1268015623474311168
1237423295026221062
1238604132753137665
1263210794566574080
1237199033728241664
1246324257174351874
1253903039817113601
1247218784877727744
1237186665841487872
1237962736031518720
1255301804201566208
1247977318498201601
1268029348881108992
1236943187509260289
1244069236084891648
1251943884386516992
1244693401230086148
1256192075747352576
1247701689488019456
1257363487128461315
1240362148049514496
1244040696975241218
1238617993971552256
1261068402946441216
1241611188783337473
1247158016735993857
1239066676441669632
1256304879464636417
1245826227551842305
1243998262845030400
1245403347311443968
1245750723574259712
1254825561840447488
1247977895479279616
1258589643596984321
1244417747347312640
1246930175897612294
1242522408969330688
1243406201758470146
1240496803209834496
1238666464950771713
1262253410125934592
1240645649793601537
1243616908718387207
1260286663051239424
1244072975550185473
1245392206673764352
1241262333705383937
1268770488567820288
1235597898231844864
1268780092525690880
1252458589886636033
1255201374549110795
1239378729698078720
1248629471676006400
1246545200320622592
1254800019971952640
1240962068481593344
1236681251794219010
1241176841391493120
1243412506627813385
1250489823934070784
1238097464432816130
1243341092512313344
1243611539908722690
1244739337830273024
1257371764004397056
1242229173310992384
1245835102413717505
1262570580353544194
1242847257486979083
1261071513949618176
1243671849524838400
1257875850533285888
1260284983958138880
1235951649811656704
1237426818614845441
1239671069885136897
1238993921868312576
1242203053664550913
1241569557636173828
1251928566784159745
1241194381522001920
1237286618874040321
1269112763596460032
1252350736236572672
1254080250520039430
1260406887113089024
1239984535569235968
1247579619504451584
1253653815871410177
1237809064035282944
1255306676107907077
1240588558122889217
1256271678293725184
1246904698948337664
1252123741783355395
1251954499893301248
1241973449280458752
1266432944584851456
1248801186464944129
1242632372614344704
1242292637144506368
1245580641111920640
1239013533934743553
1237203081235804160
1236710341083455488
1255894202510000128
1236482878361354241
1240454565922664450
1235067660720734210
1248109527058108417
1244233253567049729
1236138511033491456
1241960749573918720
1260742983609008128
1237271321198751744
1248665602975096832
1245504992405893120
1247005260075470848
1268101914316529664
1245440395539935232
1250613549262442496
1259943695115153408
1248081386025582592
1235818775355645952
1263211643405664256
1250161010737942528
1237861706878967810
1247313184521936898
1239715129412825088
1239288784308424705
1237383258402258945
1247314844438556672
1240071571944816642
1241097034716688384
1266597430297952256
1249820044403437570
1263659882751778817
1258240769086783490
1252453970942943233
1238876908403609600
1252779740152258560
1246236575895150593
1243558277394251777
1252994928289828866
1257014722274025472
1243921985735819264
1262375316032417792
1249135114568769537
1242292832833953792
1257158937528487937
1243575641254973441
1238573725030559744
1235071905842860032
1239766345392123906
1250045067089162240
1246659365458739201
1241174394753277952
1239639458451828742
1245828031706329088
1251410701534375938
1245168103966691329
1248433065271033856
1240354145963405313
1252368134977187847
1245788227857858562
1247312980729004032
1236214561813843969
1252346683469426690
1253129262095163392
1263917356000182272
1268566481438076928
1238504711017267201
1244299309765390342
1268777737591742464
1263498769418469382
1240109261499166721
1247933079118688267
1244141796856188928
1264510417704898560
1238207452186738688
1237902307359993856
1242461691654180864
1239979435731767296
1262797569303904257
1250101494550073347
1241580673648848896
1252074950401249280
1252076322949455872
1240393115124580352
1245488528336670721
1242640506665877504
1256645389761077253
1243767359375982593
1236118226410467328
1242408488925458434
1246659584481046535
1269737468988928002
1246468687982256128
1243572762536341504
1236439510130417664
1235067839205105664
1236705197096726528
1243323741179760640
1262996062807064576
1261514668431958016
1252968291389198337
1268029370108530688
1239386424656269314
1243351866466955267
1239670504799141888
1264289507316084736
1239244967958048768
1245839288492646402
1238223587237957632
1248362402103451648
1263502220537942018
1262928894140624896
1260017058726596608
1247209756927782912
1260131008566960128
1248285066490331142
1250788577446748162
1242895095096938496
1240322487365144581
1249801995281547265
1267906619058221056
1260223734574530562
1265170425320898562
1239935936198144001
1249818474701918208
1248665200925933568
1244735743244644354
1261331003840196613
1244299529882497024
1258653450855837696
1239564538623582209
1251868212574081024
1246987072067399680
1251264845283901440
1242896784155742213
1239984666947567616
1241169868738576385
1241469139358633984
1256251110072840192
1266833721585307649
1254242731053875200
1245860194677997569
1240102026576408576
1246621752915980289
1247312589220167680
1265481267425865728
1248896085847724034
1241830562110701571
1252853220650582018
1252684129633570816
1245394104898355200
1263937574764072960
1259583135454392320
1237909349898407936
1252049274583437312
1243666585887182848
1248635941138223104
1243528677314277381
1268708643018469377
1238483939385171969
1238787083722018819
1251031719433482240
1250041275228672003
1243666962980323328
1239220251008446470
1264537501856698373
1237199583702204416
1258053103800078336
1240461792452608000
1245918063767064576
1240484242166956032
1244734028063727617
1242308757419220992
1244743672417136640
1260022625134206977
1245185906341867521
1250113339125985282
1250404067576123394
1246465319259869184
1238709825900404736
1248059693945282567
1246002827865948160
1245208577007972361
1243560666088103936
1243919050712829953
1268101641141579776
1245021489281126401
1239339089058353152
1244747684902125568
1246600405989163009
1261303865472761856
1262940040730013696
1263311073957928961
1247214437024403456
1253088047198924800
1260223323369140225
1239938264401756160
1260749752838184960
1246829385706950657
1239934103744479232
1236215279408926720
1260234056614068224
1244330023303036928
1256706473050157057
1234937761020436480
1240073447717273600
1248712450515456000
1244100704249073665
1243349641707454464
1240487324196233217
1244096087729659904
1243750726318166019
1250885351427563520
1258053241679384576
1252358228731543553
1241095296068628480
1260428772370714626
1237790381590212608
1235978747511107584
1248708290948689925
1249782231901429761
1245470698690117632
1237207024120692736
1259035160692965377
1258053771021541376
1237645211163070464
1249315530244263937
1254471660108828674
1249168590001094656
1239496847091089408
1236309174931210241
1253853215767924739
1263134553251573763
1246085499258728449
1241968237434138625
1256018753990492161
1244734123018555393
1244868783165992960
1243645275572338688
1249190084760518658
1250508775888269313
1247083913035395072
1237942855336783872
1245468358855688192
1261086678459899904
1238548549614235648
1236855064913838082
1264505962607472641
1261076707202576385
