1249852399918944256
1242945358369632258
1255486348171100163
1239298093050474497
1238948948427124738
1244646467110940674
1238868037815631875
1266498266306244608
1238983581562818563
1244324274728550411
1248733661731508224
1250910263068499968
1245445783744385031
1241513314703859712
1250448332373340161
1260208098414858240
1258458035422445568
1247668867142504452
1237015409511055360
1249896867980247040
1244789508396199936
1259445778990411778
1248014090913468416
1245821245687463936
1244976568285487104
1238653411236745216
1244633360582017025
1241755451466924032
1266082682716463106
1251518042166759424
1236811911209127938
1248990283779489792
1243332228190547968
1248607659684532227
1259494650076893184
1241020797889773569
1245328105788641280
1241812081625763841
1250934025813987331
1238643848433356801
1257133311727714304
1244640976775319552
1257690563895341057
1244632011060412416
1270057388939399170
1263560509359632385
1241889651318718465
1247170343128702978
1254109062460928000
1241104257400672259
1245599040319840263
1242210519861342208
1238056802169782273
1238948299392065538
1244640399106457602
1245119149547884544
1249617174962077698
1236372671803412481
1249725561213247488
1254440201918779392
1247169973224648705
1238269460546551809
1245451589390917632
1264524315866869760
1259428146610343936
1246937097102974976
1237696092239794178
1248650493515182080
1241132173073223681
1250551158457974795
1242943094783434759
1248240882886860801
1248355620790702080
1239329067012370433
1245714102980354049
1252942388336590849
1234900961791021056
1248990114358923264
1245043257308065792
1269718668423974915
1238471010044739584
1250908369680023552
1252207198572367873
1249083833867292672
1253045181907185664
1250551883040804865
1239332513992105985
1245323597972979713
1236423427843596289
1253155519784800256
1238310338820538370
1246184971162836992
1257827010279284737
1262765962819928069
1241132271387713544
1238950987412508672
1242475167869272066
1242495855535497216
1255295042945724417
1242866764976922624
1249855338926551040
1241711793833226241
1261599545055760385
1240755512150495232
1248699138637795334
1253672675060441089
1235386030959857664
1247067513567019008
1238415270798069771
1243361758380580864
1246516599864954880
1241596030426046464
1251898176581271558
1247635668848783363
1242228611786182657
1240738711832322048
1250782059787943938
1258705840892190720
1236376492638121985
1241419998700109831
1244800935907471360
1258220669524942848
1242228220428197889
1253151382707855360
1262322617731747841
1257410022688120833
1239371398340018178
1242652126507040769
1241476030445092866
1247570435526582272
1260418485680734208
1250248414094192643
1241882937689341954
1239519276169662464
1251617278417874945
1246495530122969091
1241870185159680001
1249728616654569472
1241562622346100736
1255000055955599360
1238231733566390272
1244424550038806528
1261401426942734337
1241852570739621891
1260799322360291329
1250552715689758720
1244371692287393792
1248604138021289986
1242202660213841922
1239062420326428672
1253124665834422273
1245718283267031040
1248645937813245952
1242931325956435970
1262763513883299841
1244637077305790464
1261397571794284544
1240611013650714624
1250526221840064515
1242161287586553860
1242231316160163846
1242198034949292032
1260385092448538636
1250146591773732866
1249853537875636224
1245037992735014912
1242153213408747521
1252030693414252545
1240267475230613507
1251878446910898176
1240466296170582019
1238270173016207362
1246847631252480002
1247288603606122502
1245348358572531714
1259166607810662400
1246737018882863104
1250451708083351560
1242901808944742411
1249810446003195910
1248981380752695298
1247561921718554624
1246907379146346499
1235424226699546626
1237131608550932482
1253402206746935296
1261010085435846658
1244001328969498626
1257715733712297985
1259962015721885696
1243571501892276228
1245898818283077634
1257371243663196162
1238791366441930752
1253484628813414401
1238622477527498755
1238598943623319553
1249347170924363776
1247317844741754881
1267941137559490560
1244835356572295169
1237497808908963842
1260182735085174791
1239695939830534146
1259938995951357952
1261010259352727555
1238929207402561536
1240283447748366336
1255129059769679873
1238999494403948553
1248998019619577856
1260384488963682304
1241861186766995462
1242966581497532417
1249130991521759233
1251139007091740672
1242935422285754369
1243012353135915009
1237421872716951553
1243963572708835328
1240037519300886531
1252229097272598529
1252455010904014849
1245903411574460416
1270151960302362624
1261457719808028673
1245454007285559298
1250852373339279362
1260040943828447236
1241884185347973120
1248726556597538816
1252593277687169025
1257697087183040516
1242070896438886403
1245514541355630592
1243321218335416320
1238707004341915648
1250064351542874122
1242232330246373379
1239164483374891015
1252334513419694083
1238838942247596032
1260709331336642567
1240343799265705991
1266715274797109248
1255115610255757312
1254052397841874944
1259997743797407744
1248775568188936192
1239721439437164548
1251137724104560640
1246669602475708416
1256026684786163712
1237062983764893696
1259423437866631169
1241112067672858627
1241117175202689025
1251541711630864385
1260401313529180160
1266763244741578752
1257477812396732417
1239316437807792137
1253495098979074049
1243009250374356992
1257625229431578626
1237803104403427336
1241712283023114243
1245835125323071489
1240091092160315394
1252338400050524161
1247355501551046656
1235740365963091969
1267915761928019968
1242215389616123905
1261108445320749056
1242242125321904130
1242568442139598850
1260242939218984960
1253836650519691265
1249863650069880839
1237196925042135042
1253067267673391105
1240813722559557632
1255491269389881344
1242562977171156993
1263284758420885505
1239674015763103744
1237097614635610119
1241863845540442113
1243689744447438848
1238886723079286786
1254804874786754561
1240702367177179137
1244926148179636224
1247575257705136129
1246233325234159618
1237921890892763136
1246252688012193794
1251550122011324416
1253478074181705728
1243806126103318533
1252394945928851460
1240245167375949830
1242100624583536641
1240237511919710211
1248664011312443398
1235244316047691776
1251316638839963650
1240813405432360961
1264168760060989440
1261243773515976704
1246848262356623360
1245503976205955072
1252481417214296065
1241863111851769856
1238844712481632258
1261736272789372929
1243723171599171584
1239222497456906241
1255200776441528322
1260996633673846784
1246618481354846208
1244347471767187456
1235546248377229313
1248632857041539072
1238631520006475777
1247562519222390785
1262799816742055936
1245533707517038594
1252432817285263362
1258666280342650880
1253694298375237637
1262065069606735872
1245395678211252235
1252589199124987906
1250550062524108800
1237059780742709248
1247357433128693760
1251341313984860166
1249782794148085762
1237064499368275968
1261010191547609089
1244353156244484097
1245204149639266305
1260993746138734595
1241103806647029760
1244350734898003971
1248380667089399808
1242285150450282496
1240230449391206401
1243756786408185856
1241905590890356736
1260918974679826432
1242871828009422850
1248584238028541952
1247931496595361792
1262849782218993666
1236622003228073985
1260662350924963841
1261109805575360514
1250049179956715527
1261671103279366144
1244747507428732928
1270181889215795201
1252069905098313729
1239184081964994567
1249121328709468160
1253457160039735300
1250527901860204552
1246593222543052802
1241375128396664832
1243204855604359171
1243352360006684672
1264023863387656192
1247308821246226432
1253730280982171648
1236799918179790849
1239355682127785985
1242606397591863296
1241368815159697408
1255284780838641664
1250223226560512000
1237557123099156481
1243750264110268417
1240482461253021696
1241076708964552705
1245183025392074752
1258053611604639751
1242141561258983426
1242260558797312003
1258090550386974720
1249195017660399617
1248237107111395329
1256573699312046080
1262827386749497345
1246113278415249412
1248333961245478912
1261834799318269958
1238127130195755008
1246116340462739456
