1269749394208890880
1253919641518440448
1261094469698551809
1249336021441019904
1247620931700371457
1262530210261598209
1252031294151831553
1252670121455292416
1246424180821762055
1257411856026800133
1265320271273250817
1239900214451933186
1250918160007680005
1260263768266809344
1247283753694769152
1256034562708299780
1244369079068176384
1253052432646574081
1252404760658841603
1258950537820745735
1250811672404639744
1240990207614345216
1247283245387055110
1242661244001280002
1246393785489080320
1244632283421773824
1250829006871703553
1239370412657709057
1250832136082526210
1247338203549503489
1238271155531845632
1248459551294144518
1245108187575042051
1237588073333919744
1242984750404513793
1237591779123146753
1239058501084819461
1240437717361704962
1248258626734743554
1249112054989897729
1238943161952722944
1256349378958286849
1237588242251124737
1262420302488887298
1239595409120649218
1262078467371302912
1252603176123056128
1245745358363385862
1246557438964314113
1241204470408777729
1237487007145906189
1239584927689170945
1256949030552207360
1242806190398214157
1249800223410577409
1250926029557977088
1251270560656613377
1258900582309548035
1256057651491934208
1240888677124972544
1243982573086392321
1238830402766282753
1249466963207901184
1247607645189689345
1250907557914427392
1251068388463558656
1235229543134351362
1236056390797602816
1253898700063211520
1241419352424972288
1238362146985123842
1241777864237817857
1243277804554379264
1239404694298124290
1243252467581825026
1240373889240367105
1238271022417227777
1245539538811920387
1238558401355022336
1264632562774953984
1243337687924342784
1246214005011742729
1242938840647680001
1241516241061371906
1238647162415841281
1245088773223911424
1245848152768479232
1257808372675592194
1267291408760782850
1245422015936368642
1240833271149268992
1240799372855644168
1252706926799945728
1264583153596891146
1245163462612922369
1247679316651061250
1243276953014198272
1247658229716434944
1237855508595261441
1263269103382511616
1238636357628674048
1238713124485816320
1249544806562516992
1242627517481091076
1239401730602938373
1239743467707752448
1242212617453699073
1240338636178063362
1242281195251081219
1249066535399948295
1253892690342805505
1247504181008744450
1250958596902457345
1241777681345253382
1243033450510274560
1251723386218307585
1242665196319117314
1261787589679493125
1252483113638408192
1252085965830737920
1255622474110304256
1258950964180127751
1258039506202214400
1238219639789944833
1255980985730170880
1240794935428894727
1249066523219517440
1246913133781954567
1251271171045195778
1247373772044238848
1241710394957324289
1242647671283888128
1238879492740911105
1267547412219990018
1244050617770934272
1265078367025598464
1263201106051637248
1242492308479709184
1244839548355588098
1242530948698329089
1238945389115473920
1250271488944422915
1251164576164589568
1258416842764431361
1238321411464343553
1242280132771012613
1240878913326395392
1249810187093004290
1246993968107327488
1242211861866721288
1255791859869405184
1267793887390826497
1240888303194443777
1245098079914807296
1242944594335207426
1242654642703675392
1249065511201243138
1264276880192155656
1240876282054926336
1253151971277770753
1235932806645264384
1247503945813110794
1252306303818571778
1242625886534414336
1238865213509849088
1237932141771620354
1255700736526123008
1243622339193065472
1242211368192946177
1246483803524288512
1237078524923645952
1255226116996042752
1257076902495498242
1265361830546939906
1253550923714039816
1245125588056264705
1257028360829636609
1252271720473526273
1254332056307367936
1269032612724715521
1250449556485083137
1238203002994987009
1238883212648165378
1241047121652056065
1241120898926739465
1246824386201600000
1261179408053940224
1238665411857731589
1262914384529174528
1239362667741155329
1234934464108802049
1237436354155380738
1251666032248446976
1235311782367031302
1244790658319122433
1243510138624933889
1249525386427408386
1239691831794941956
1245068855854186499
1242594749070147584
1243327591601315850
1237085513296809989
1246180034290860036
1237836489632907266
1254614232106242050
1248813889724309505
1245049372062212097
1246064611520131078
1242452959600009216
1243303019623649286
1249582959419699201
1257509270733684736
1262489231596888064
1239554348062998531
1242101250470162435
1252921143729610753
1246505311269199878
1237407236751851520
1239091670815322112
1247972672690159619
1264214244872126470
1264941501676695555
1246202802042482689
1242102311758987269
1238218554983485440
1236379562969350149
1265636124850040835
1243648788948017152
1239304702191427584
1239207861000994818
1238300746946314240
1238659636657610753
1256907047582474240
1247459422517018624
1240772616656498688
1250104863545057281
1262781189531762688
1260611810681663488
1246996588985278465
1263217638492291073
1262913167044366336
1237838395331825664
1247453265152933889
1262591880140918788
1258073041147432961
1241131237475069957
1250814091133845505
1247675663395500032
1244570664792657921
1235229357372821511
1256406091484794880
1249842334348521472
1240077786821414915
1241029416366505984
1238028707622723584
1237154011482066945
1264955742555176969
1237577129971212288
1237612285851402242
1237438246503608320
1258920637176971264
1243044514786353157
1238583957475807238
1242960773929791488
1245115488205787138
1260357933411557379
1238795862567985152
1239231067829293057
1250239162218958848
1243333125758947328
1262224467385778177
1251661025423822848
1237184508442693632
1240739553499103233
1235902661716774913
1250958485149364225
1242950216694796290
1238302260821667841
1247396984983621633
1251678979171454980
1246184655507861505
1244429188557398018
1262888155075743747
1255599143432716289
1244454699836858369
1238819841387216901
1237052772450742274
1246198952518725646
1238913415751634944
1250808331947704325
1240972890075512833
1255509381166309383
1266139968868626433
1241993075867746304
1246421627954434050
1269313484044537856
1247274613018628096
1247336175909601284
1240433875991527426
1269981222727450627
1264267191828000769
1238258499588689920
1240969783438462976
1237434062614278144
1242250450205847553
1249123822487437312
1244764005027196929
1235006429750321152
1247520196635414532
1242531997525958657
1254101160023199745
1238968212131282944
1242598926353563650
1248036267243327488
1262127223575896067
1240884768809594880
1242556944805695491
1248735541442510850
1249406608720920579
1248747524434821122
1240720132286152709
1250571672501071884
1245163091479924736
1237778738542190593
1248303592022384642
1253021922998267904
1238143754164412416
1247226504762863616
1239398715204435970
1240835446336258049
1239739689747329024
1243503620852797442
1240742183436726280
1269716344431357957
1264350192725372928
1255259810838335490
1261051724183351301
1258991087450030080
1238260515861921792
1239744223320170501
1241707144380063744
1238143099320360960
1246093134687358978
1238200213506068485
1244129965479809024
1247521130765844480
1255158803663917058
1250792992291672064
1248230135888822281
1237074419123658752
1269841233305899008
1239293797701488640
1238678731331428352
1242569061747302401
1238137628781957123
1250594476055318530
1266517791366152194
1260023390754107396
1261295542858125313
1242540108353503241
1242135714231353353
1252647574303014912
1257467078975594499
1245849667553779712
1256958079209549825
1258905542912806914
1247970655095709696
1252705438837157888
1258515425932926976
1238263592392306689
1237838202255392768
1247646377867345920
1262457009116516353
1242941693789429765
1254121469656825857
1264736634769211392
1237924450068312064
1250956231939891200
1244601236437032960
1251567696774418432
1264333269614673922
1262112122667925506
1237960183386648576
1270308661727035392
1238916930095939585
1239753853781803010
1257688721849298944
1244374705802481666
1237517535060295681
1255083937203982336
1240778174675419137
1243695845570158595
1239055997701967873
1244122419855609858
1242442561203159040
1249111611291258881
1252199031859744768
1249841295482388487
1244376308437716998
1240748838257860608
1241818058584461313
1248678323066155014
1247627736367194119
1249838545985994753
1253344419908128768
1252703761111355393
1247597345463848962
1241822019907391488
1255544544646631424
1267312812273086465
1262110993104191489
1249003946804498432
1249039519808196615
1248386272466333696
1235022888828190721
1253640989283155969
1250810082444693506
1246604376199892993
1250910259444699136
1243654828968087559
1257241008724721664
1248609810934894592
1236814187508178948
1239388562434424832
1253430938425454592
1248756594239823873
1262532976769994753
1239398693071196160
1241803566614003713
1252485221724938242
1254463160435773447
1247644819410821121
1237035380869935104
1237836064213123078
1248817984220680192
1252339574925295617
1256324836034359296
1247666176580255745
1240730645430755329
1255237588702629894
1241535741123067908
1241737247466098693
1241049187900325890
1252665606626775043
1252651743818788864
1251609237505093632
1269310434055729153
1253554607613186049
1249795772629037064
1242831603749052416
1238590395472371716
1250087245794742275
1249517284512747526
1252755139879931904
1240076344840663041
1244270194538799105
1239058546450464768
1248263535538339843
1239586257589673984
1260240680347217923
1238320723854266369
1253316272378576896
1258628054043316226
1243789227558604800
1235675851213000704
1234918171926286337
1244379132949078017
1257079007927054336
1237580047159975936
1242252643310940165
1249422239176495104
1246185063177424908
1235754198484082689
1254750072216182786
1239749419152662528
1253861914263916544
1238558519453978625
1238725907860381696
1239780607103840256
1251207412339691523
1237915718261379073
1257819656355807234
1269995357120987138
1243512525502775297
1252943289612976128
1242971850705166336
1252038116615086080
1252210367847116801
1243884441157730307
1241120127707484161
1247584782126628867
1244816531533582341
1267796755611103232
1258751660639338497
1243708100001005575
1256324671756103680
1250196021336068098
1243071242342739968
1238950893015400449
1239866272692740096
1242941642551840768
1246809222081363972
1263323279663738881
1239562672150065153
1245375127803609088
1239596683824111617
1242561182419976192
1242209770871885825
1248304508373020673
1250092638721712128
1253514997289881601
1264959374604238848
1261465778638827520
1247864509227765760
1268910748434083840
1248734453435899904
1244830276951453698
1241780793137139712
1257925940354695168
1244358147722096643
1238794352408829952
1249718760283557890
1254060115826741248
1240334475327913984
1244025258815913986
1244792777466163201
1249458148311814144
1249339290322120706
1265682358629470208
1244428423801507842
1248478357274025985
1245822534936920065
1243336432967733248
1263349062700498945
1243046774396407814
1254527390421864451
1240818318195466240
1255902574210887680
1241084413892583425
1259132584665194496
1241814066802372608
1237679047628521473
1247380483803172869
1244496229784059904
1258945479146123264
1243234286905540609
1239626381119696902
1257690042765578242
1242196801618395139
1260028660293054464
1246379844147036160
1250371262960058368
1250475607361835010
1250027918417330176
1255234431876583424
1238240675512168450
1237952992101400577
1253550436528816129
1245718908604231687
1247971724248993792
1237051065683587072
1251240923268333572
1257757122122653696
1262945725631139849
1238825284973072384
1239905673175093248
1262817090207191042
1244944578962219010
1238784869272096769
1255982020766949385
1254178055192543239
1266463070064427011
1253314721249460226
1239254253249724425
1257450892481179654
1262791160856301568
1269776528453369857
1243330485650182145
1250915988222234629
1245191879379095553
1235368621565714432
1240342037511233539
1247628303097384960
1240973350236807170
1254571678513934336
1238942093797658624
1256214118991872001
1255594370293735425
1250316470476668928
1238489098953900033
1241028837493870592
1263887578891268097
1249000129681666051
1240836169644101634
1235670534756552709
1240343076826238977
1256164961094701056
1241870428974579715
1268578418347716608
1262355210938220544
1252200840808542211
1248400779842445321
1247622202884792323
1245173654863962112
1250578261979119617
1241399489409286144
1240968548371107840
1238635936826548224
1250911873920360451
1238242494762139652
1239306136463069189
1244808959917162496
1237776176602628097
1237472140745728001
1235633240662306817
1257621038160064512
1244629284959981568
1265625966669332480
1246208255531143168
1254488377182818305
1252690845133930503
1240293945533497344
1236050982372626434
1256217193181843461
1245541491436589056
1244648231994261507
1239540396465807360
1244826333831729152
1234905285875118080
1239877438336839681
1262733747012722689
1251609263203590151
1261478317888352261
1238269203335053314
1249070374542880771
1238672083061702656
1237185406732578817
1246940606963814400
1256053009768951808
1256351967561072645
1241009141658853377
1258198877242564608
1240720120416219141
1243281357389922304
1257746415054397441
1268273258157289472
1243329968060477441
1242278461877686273
1241894304378994700
1261842628200415232
1265705437460037632
1242588821792972800
1253026696397230081
1241574077174775809
1237216012761784320
1241543466854813696
1241757774524100610
1241130193189842952
1237928066225233920
1267128372662087680
1252654842360799235
1238536146138923011
1240093562395557888
1247375653646843909
1247330202117496832
1242950370743255042
1254180235844648966
1262181344559464448
1253434690947518464
1270067979942858754
1238455183472054272
1257846748275408896
1249651306039578627
1249026745547862019
1259661205536411648
1246534977778565126
1242257799108837376
1244066081725087750
1259300029631811591
1257794603371171844
1240760977454444546
1238061179995590656
1242558629946982403
1253072636206370816
1255197471594209282
1240283970836848641
1238663201065250817
1240284197379588096
1269310436995989505
1248950571857575936
1241085796087627778
1238664156846477313
1256372097745596418
1246822297471770626
1260028581427568643
1242506050269515776
1242471195854987270
1242321625439232003
1264741605715709953
1249421525524131841
1245818007823306756
1243548333873954817
1245382176927035392
1240227828018434049
1237819509723054080
1251609212163100672
1236807920626663427
1246940267552350210
1238258657390927873
1249727303124496384
1235903473734074368
1239572202195955713
1246425973286993922
1240293836821336065
1237962073679765504
1247229809907970049
1237725550459916289
1251497429582729221
1240937304891547648
1264633041642807301
1264634996821721093
1244359341907607560
1260947249791721480
1250925476446601226
1240768272460656640
1238821930653843457
1252596370135035906
1252654521043554306
1241912590860800004
1244817391663669254
1246214156782632961
1252737285466001411
1242112611996635136
1246165278368698368
1247193592596135937
1246208031895019521
1237522326750560256
1242227001345400832
1264308211634618370
1259926040110968834
1247232611262648328
1238085296610250754
1266366083180699648
1246345849652883456
1254130548014014465
1243360458322489344
1237717692028723200
1238275985512030208
1235921860115693571
1253025499930132480
1241048303996940294
1260774851826065411
1238319599369805824
1252627045923852290
1246201360145690626
1251694442718912512
1238269939699548161
1241897811769204737
1237246282931961856
1235048034813325312
1264546272519864321
1252923451771412480
1237781686437531649
1257818374987538432
1246214761177628672
1258898722567663617
1240268171724181505
1241035939373334529
1237457551287033856
1235413824934678530
1250454740720377860
1239438270842503168
1239999311859023874
1246804773766139905
1255293119828045826
1242969340393242625
1249538542713344000
1235343749322100737
1247631894025580546
1243745300134723587
1245137251639668738
1256357434991489031
1254494478574006279
1258417989394759680
1247915889913147392
1241516162485301248
1251574037530148870
1257825097815031808
1240739799297863685
1242255799029846016
1245132078573912067
1237115034817437696
1238129643317800961
1250826077963980800
1250234326815518722
1251242975730032640
1246196240653656064
1238594921810071554
1246515632331513856
1269719499604987904
1246209736103661569
1242976729691574272
1244813322903605249
1246483963436244993
1248862547840831489
1245764722894319616
1242502158030864385
1240465010658349056
1247628827012091905
1243359820490477574
1265734654654582787
1250553041134260230
1244791076797452293
1250521318077890560
1262013375371972609
1245522759322566656
1247296497357651970
1246171494960508929
1246132316793122820
1238056720875900928
1247649008014761987
1241575593126346752
1249072551617273861
1241188569680617473
1264938935144374272
1245594880044183553
1247636262703575043
1255535594408759299
1251542191169822720
1242280459373096963
1242107374741139457
1246602755667562498
1239572302125285377
1237576019097186306
1240992947539185664
1237576102479970305
1243503037295013888
1246200482080739328
1243163017262620672
1260616782718676993
1249058683276976130
1238270815797477387
1237456945453432832
1251503194162769921
1258900989429637120
1251271533311516673
1247649805540696064
1243265523724488704
1263419340076056576
1238879153082032129
1244423193349283840
1244413266274680839
1257406064582103042
1258804769189253123
1255237186980663297
1253540680049266688
1253348497505554432
1248063848852135941
1247515144340594688
1250023341638942720
1252674900143280128
1248670835193327619
1245746482948575240
1250550447745536001
1246652702077194241
1244375616985673731
1246194655710060545
1240778309128028161
1250873369597263881
1236697719097430017
1252334605379788801
1245767698744819716
1248755642845794304
1239652137266708480
1244253566803509248
1270375366344015872
1237369317999681537
1242581397652586497
1239002707748364289
1246195659339898882
1235187676816367617
1253453978869870592
1237012358243012609
1242255463024070656
1249734865093877761
1242860646707998721
1250797320318455808
1239602229830725636
1238668246783582213
1242224031631396877
1258610746679853056
1238985746972844034
1237807880482553857
1257029667749597184
1248977301259186179
1248680373837615104
1245116074087059458
1245819282916868097
1251760044603068421
1237146242993577984
1245199771071139840
1260274074498056193
1239362081280925697
1237820564951183360
1241745003208212480
1269310433170784256
1264335129079541760
1236340263087472642
1252942719934181378
1244272163118555144
1248221536282124288
1240331825727385601
1241356069030506502
1239513759678435329
1250941244496400389
1248219481857576961
1239384332319576064
1243492557595738117
1240043193275756545
1254844259167096845
1256962901274959879
1257980326074363909
1237478099475890177
1239908593668931591
1239604818320261125
1243697558360334338
1257979803593998336
1244806223683375104
1242674506822569986
1245421647630401539
1246439364051288064
1252374778213629953
1243490539175129088
1253411363445043207
1239226863593172995
1240820184216190978
1246825419535499264
1246792503606509569
1252804734668414978
1252207892587036674
1242225738591371266
1253738836770926594
1246101310627360769
1250627818209325059
1244052466947305472
1257690284491780096
1245869314936193024
1243654527179542529
1240440507462905856
1237149499291652096
1235753685663338496
1250480391619858438
1244418802630176768
1237961118259261440
1266009087738855424
1252323467661377536
1250454078217486336
1264517922480930816
1242166479447101443
1244080203070156801
1253941537089748992
1246201635270987776
1238278310884519938
1244692624566636555
1245030778276319234
1242955793235767301
1239675567496204297
1257772776414461961
1238471823362318338
1259310894003245056
1243390308034863105
1238534015738617857
1250767966070812672
1237853203896479748
1242983260688441345
1245783849126240256
1243327697864003590
1259506747678621703
1248593926723973120
1244656022033248258
1247939300257341440
1243329588064854017
1242975094894473219
1249447548437377025
1237451872547614721
1248268256458268672
1240980628222480384
1240730215682318337
1254410659347009536
1260586448589410305
1238609592722042880
1250820988733972482
1252311007990624256
1238187389035708418
1250350074598576130
1251210621397450755
1253381361152466944
1253054491835891714
1255155280322670592
1250473502492307458
1237722616728817665
1248756449058136065
1239881709564366848
1243158144513183744
1242951620100530179
1250523125713965056
1237949019780984839
1242990786674917378
1242957208981082112
1246602386283642886
1250626065783050241
1235327130189385728
1251146864763666435
1259917751214387202
1239652300089688066
1236373050553020416
1244256322129977344
1239602783118069766
1240133117245087745
1247033140176211968
1238953340878405634
1236669003415814144
1268932191058345989
1239617269300371457
1259122470218616833
1260199563891298305
1238455474137292800
1250246870263369728
1240418438381817856
1248830711517282309
1242593451042054145
1248353039020367872
1244375327440240642
1245370584403283970
1240607386160762883
1258446554773491713
1255338761753374721
1258060643200008193
1259116612839497728
1239872952302215169
1240761476765421569
1251932002686832641
1250462854714712069
1252640529717891073
1262566289555546113
1250581339050475525
1237740191802167307
1252961477209853953
1240099015074754569
1240991764359647239
1242252208365846529
1240824954410733568
1240092698457124865
1236112760502706177
1239975790571380736
1243898673161015297
1246490200911613958
1246607746256044035
1255322267887841280
1262490451749351428
1250836671484039168
1244705067338469384
1237439186568990726
1244698821105418244
1241302475510091777
1239004303941152774
1239734862480883720
1240803235386007553
1237783969611079681
1236839847127584769
1237780086381858816
1260772599304458242
1240618127853043712
1251583188121591809
1241741814765424641
1255560396364288000
1243164522648657921
1244263049839681536
1245101720339976194
1243714845880528898
1237902173926809601
1270024135020855296
1248845310228672515
1261790544684101633
1239000435865812992
1253420564720480256
1250905014392033285
1260712927709007875
1238606645086654464
1237045240567074816
1262911753706442758
1246902284375777282
1240266338976829440
1246937831840387072
1252473823452069888
1248411567843991553
1246189239152320512
1243908916054044679
1240978200643108864
1270071099154468864
1246508998066458624
1242687708788596736
1265034313445277698
1242110816725405697
1258164561607352320
1247602491241488384
1254832291328778241
1242085701765783555
1245111682835283968
1242961561674711054
1241128326468698112
1238660059061772289
1243976022770384899
1244737271774969857
1238783975704928258
1259621975934279685
1245452674381819904
1246191329903808512
1248532069732560897
1240826387688296448
1239907536188342273
1253124277282516993
1252591995886985216
1241082478510694408
1238752935137423360
1241541269580582913
1253374937248731139
1256995509421703171
1255656116639412225
1250452388068167682
1257482889706569729
1237528940094214144
1267185096207020032
1242629649131339778
1243621282882691078
1252760113410191367
1256767574756536320
1237047419893878785
1238496764392624128
1239395212700585986
1252118193700769798
1262132977070477314
1249888846843539456
1252925061553586176
1239386967487504385
1260384992301142020
1235413160770691072
1261544489996423168
1247641061830397955
1238615624739434496
1257512279622529025
1244271256754688001
1266369143776804872
1252512467256840193
1237900470573649926
1246927831835250689
1243548943360933892
1247289824433889282
1249023544421384195
1251184068538044419
1241120399859089408
1240427380386168834
1256734873798270978
1258373355469787139
1236813250064515073
1248954926421729280
1243287881411637248
1242103868043022337
1263144415721381890
1242570632077991937
1248066297952440324
1252322485674094593
1251542675381157890
1251542634205712385
1247255985300914177
1259777573392875520
1253654652601630725
1261099768346021891
1239377704732037120
1243111506960670723
1263259884772044800
1240834143598108672
1247287634638057472
1239227102756507656
1243303962297733121
1240040639322116099
1262805340959227911
1262912058682740736
1259293112297492480
1258971713599082497
1244111673763471361
1264557729487687680
1235975731789918209
1241803166099931136
1255176754123214854
1239380036807004160
1247333666897965056
1246778676206862336
1242200605143322624
1266227618916864000
1251690742038347776
1239757134180614146
1238258843953618947
1250627226556661760
1239658765433044992
1248856873194881024
1253514551733223430
1237055137908228099
1254835126808215552
1245416328254689281
1246782623852134401
1239363330353094659
1259926156796723200
1259961482550411266
1247184084092293120
1246968601053102080
1244789330926845952
1262176039008157698
1240438749479219200
1240438850129985536
1241384524497502208
1243234536009367552
1239070198214332416
1245552469297463296
1242657392946446336
1240852674851098630
1251694421130784769
1251000647895470082
1248314383727558657
1264960935384489984
1241395307042287616
1251788361339027461
1258199021803495426
1241872573715091456
1248282905949999104
1248321794634891264
1242417231855788032
1236156085880446976
1253447159648849927
1247381230099759104
1246588460527497216
1247184720074547201
1242081741776596992
1237917645900578817
1252269111381504002
1255737409163202562
1264572692201701376
1238589942198132737
1240087376229281793
1247192116054200323
1248415133996474368
1235772802030080000
1261421765407850496
1253033459909615617
1250613921846824966
1260342031358009344
1242958372552544258
1242158385820307458
1247352742747820034
1245900495509770240
1248408257405669376
1243343476932009984
1260522885816422400
1243002825589866496
1254764823201689600
1254475145625862145
1247512945464160263
1238266160120049666
1237862254315319308
1244213659452268544
1238950157284249601
1249850742896279553
1248990480722952192
1239773167993962497
1235706911158345728
1241340236011110400
1238439207095406593
1241697948091715585
1252961519861628928
1258706859919319041
1250461680640933888
1253451104270061580
1258060392804253702
1238927451830583296
1237960442754076674
1249869053415559168
1248212869918924800
1244820841558310917
1237910818341224455
1250484784289263618
1251879110533660673
1248622054942715906
1240321133544706050
1242612194291916800
1238346030170677250
1254159466670456832
1239377439861755907
1260156788147654657
1259196597830930435
1250602501180739586
1252110685728841730
1254081912626393091
1242469187122917376
1260301076684816384
1240618902725496832
1240700913985052673
1241138040459886594
1267381061920718849
1242480201122054151
1237859054363357194
1246878477569200128
1237554959941373954
1245005628910776321
1253173826793463809
1241866420109090816
1242916170963058690
1240024676002299905
1247690162118823942
1263546318116589568
1240702316010856449
1243122770801803264
1250705263860027393
1246179313218727939
1246181831621443584
1241457261106561035
1252334778046652416
1261471464563318784
1242243852091752450
1236478439013703680
1236742183576879104
1238233989980307457
1268761858321911816
1241219013113503744
1238275757245370368
1254827148101201922
1253067656690839552
1238431334282022913
1241338248464654336
1247196336040140808
1249165171702075393
1242977085129404417
1244038606093783051
1238870697881067522
1238807040455254016
1251292362489372673
1252560123110842369
1260711420091662336
1243675683655688196
1237502667234013184
1259984688866824192
1238420932139659268
1241775651054587906
1243569408099995648
1269069906127044612
1240085653561528320
1260761341574381569
1250464636647997440
1238613090175942662
1259535645250289665
1240841843530772480
1237902431083692034
1238565182504402951
1252395774027030529
1258253282495148038
1246274783471439873
1239773456931192833
1241156048540622850
1242095490902212608
1241449292289781760
1242248206391685120
1240036172241526784
1246462870856126464
1262380209011073024
1260195686664089601
1250538341365354496
1239248422986600448
1243566497374633984
1249153509901176832
1239725860946665475
1255248735535337474
1248162097483132928
1238456510650494979
1242268666739273729
1247713491298979840
1235776301610471424
1236694610224852993
1242085399645880321
1240084460403638272
1261006125513744393
1255632321149128708
1267144718389055488
1253203173885476864
1254201872702943233
1240769454214184968
1266716459557957632
1252265442313453572
1237916220369838080
1245478278133145601
1235954723594919938
1239161879479582720
1236161275534733312
1252012242209591297
1235727794967101441
1250608303476035584
1243192315499499522
1243714171373588480
1237912604250714114
1237912597657255937
1256303608297119744
1247579719186382848
1238933891563601921
1237911731994845185
1260770081820356610
1248663532654256128
1235330823576072195
1248964843975192576
1237332815693459456
1241259731471093764
1257751283735429123
1247521727028113408
1250215780303753216
1248982844422131713
1238289441627746304
1253017017981992961
1264569824002392064
1239926059300204544
1243930218689114114
1237885646812753920
1243386660840071168
1242437537362305025
1242066786431967235
1253201099802230785
1242226278926868480
1252795453655089153
1265629998158839808
1236774770982739973
1241853312238043137
1244740456656797696
1247885155806543872
1239541621257129990
1246491487438766080
1242903084063428608
1251869647370178561
1242615778412822528
1264452867995439104
1245021119012364290
1252334400760696833
1254095538296885248
1268023733245161480
1240083299948781568
1240268481221836803
1253792379854901254
1253452939433316352
1239504208778452997
1235973913794015232
1242750494533128192
1240218767340318721
1258070970872496128
1254091416030117889
1240765011548680199
1247728669524733954
1248697641074135040
1246462208915263489
1260195392194519040
1248355919030898693
1244407552789680128
1252353086657462277
1253118116974002176
1245003503426326536
1252255100954972160
1253535901449420802
1238616304812199936
1248162650485293057
1244712277602861057
1247228029346119685
1238928992612372480
1240792326626254850
1245202040755818497
1254396817007161344
1238569369761914880
1242354323805409280
1239949439013392384
1249136175945789444
1247473089551765504
1253493628158251009
1266147256614469632
1251692734731165698
1263973087848120321
1237961871438872576
1241797036976078853
1238280634189123584
1250633864055336960
1248642791632244738
1243793955977863170
1243725367199903746
1242879847292174339
1241568118151024640
1251200958190825473
1235767510131228673
1241914675668881411
1240015078944059393
1261374858606243841
1235786669644804097
1244737806263562247
1247343812642516994
1238999499583913984
1245790910501105666
1250995095098265602
1253499736390356993
1242916798489661441
1238282013771214850
1238614008695083014
1253778580422774784
1253780203819712522
1246900687486795778
1254758526678978561
1241857089149992960
1237761869315747847
1240428969025044481
1245352821635059714
1239290089873817600
1251949628590665730
1241218341810946048
1265325978047438852
1237129471888625669
1255148222441390089
1258775933101670400
1248004371889061888
1241313557519773697
1239316652321275906
1238916439148564487
1239698223666692100
1265314142992371714
1251587124660523011
1238178046856826882
1242426560235237377
1240486121655750657
1259324290547224576
1245349507895885827
1239790461814005760
1239678222071185408
1247615156374384642
1252639134369316864
1249821862747668481
1242135045210550276
1255552144511569920
1237502327583461376
1236676862765645824
1244659932886183937
1258561569212022795
1251844823860068354
1240495653303746563
1254138891721936897
1240501077000294400
1241681740764196864
1238250552305336320
1239548190925479936
1244010603305472001
1242085778001473537
1253535471243874305
1242999767220867073
1242972352276836357
1267812553473712128
1264284513657651201
1236280483731968000
1240426116277567488
1243792477116645376
1242242122176237568
1261373997037449219
1240085977458237441
1247359510798368769
1253720957124055040
1244416603644669952
1251235776907612161
1249139623181398016
1248023626667962368
1264429002246283264
1247638576721997826
1251866647897559040
1266485255248269313
1241141586639142921
1265797761947090945
1240700860079857665
1258249053260873728
1242230685798187008
1242302253161209856
1237917597087272960
1241928885165535232
1239242223696465922
1236820595574222848
1239241874990419973
1237708774359683074
1239948615034056712
1257692509989470210
1259534532618981376
1244771224527540228
1249821228061384704
1242288043488411649
1237341617461346307
1242215517974380546
1236275035381420032
1243300956760129536
1238915873978621952
1243261729242517504
1237024725362188289
1239678078764429323
1259997455845916672
1239076332539125763
1240831286270451713
1247701581925101570
1251729391454953472
1258337543436865538
1247195694928183296
1254796992682876928
1242962942334775296
1255767697356460032
1238089007906590723
1246463172955066368
1241208992287920128
1252575784335794178
1247216901069115395
1248589457789538304
1245513027954315267
1250462605048721408
1252415312705642496
1247704551026839559
1246437148468879361
1261116655809298435
1255269688747098112
1243674676909539328
1240824885951303680
1240148422243598336
1260755803545321473
1259318534183825409
1246968713959612417
1262198483295047685
1254880580052844550
1247694960197017600
1250687316064112641
1247526162701504517
1239204349143912448
1263184858114928640
1252759914293977088
1252992798120345605
1252422824934830082
1261481852726108160
1237506446884995073
1242636498874368001
1239385884706955264
1247563098694787072
1240718090037604354
1246279020670603264
1247522126640246785
1254624169238683649
1242397166611705856
1247495522732183557
1242231735171125248
1253748375415111681
1254620238051708929
1258565408828919808
1247613825781846017
1242793469975973888
1239023741348257795
1261103282631708678
1237507148529057792
1235169442549686272
1257798902813790209
1253104711366041602
1247979656260849665
1235216520671830018
1235599538129256451
1269784308421742593
1238620805220704256
1237896523804848130
1249038259075928064
1259908715903418368
1262759287203348481
1266834258406014976
1238930348651819012
1240009056208613376
1263432585595756545
1239645451260956673
1238295311224897536
1247847699866583040
1236994580861640707
1237118793924689920
1239699009427705863
1262178000310861824
1249536500435431424
1249874062563848192
1253449561248608256
1244038016009752583
1251878455706255360
1264285044216078336
1245794404041986049
1251944942500548609
1249917071833665537
1241342936765341696
1247312738843529222
1250136430929686528
1252759491600355332
1240075435473604608
1262194319647105024
1252035414879137792
1267830244343308288
1247709135963148289
1245906552663543809
1237915757754843138
1252266183585419264
1235599376061329408
1238113733747957761
1238114082336788488
1254826133046116354
1253644956520120321
1234944388897427456
1250763944672755712
1250459775588093952
1254876958472667139
1255523209748889604
1239206158017220609
1240118849716064256
1246527347194572801
1244003086441594880
1238925394222428160
1254802939421614081
1262869042974601217
1250980863837339654
1257872931499184128
1252029714513838080
1238211101881442310
1237374288514232320
1266072115435974658
1242959111945424897
1241496516830867458
1252654076619296770
1252122909004439552
1236302073131675654
1248780190165217286
1253037984494039040
1236447669956083713
1242618649199943680
1242094090084388866
1251469722354438145
1246841766327836672
1265839257949741063
1259258760796782593
1248208352066273281
1266064876306300928
1259373574256832512
1237962474655223808
1238603213848358914
1247886218345320448
1261071220633722880
1269814171060731904
1238001753112621056
1261072236976508928
1239946090125942785
1243210757656936451
1254916518015614976
1259603095903969290
1237959609261985792
1238153918540021761
1242047304435224576
1245836265364361219
1247695599954206721
1244104071440666626
1247330768982085633
1264930517058813952
1247330999119249408
1243342541086392320
1236160227168448513
1236160631721676801
1237857864896483329
1265213081841516545
1240039337393348609
1236819164033167365
1240787678393765890
1262559364512133131
1270350506771316741
1242482299666661381
1237888081606270977
1242965770340106240
1241927068851421184
1252340063620358147
1242700087714811904
1244471453392801797
1240482051314376705
1253659144877494272
1269173909913587712
1243932114397126657
1270153229641420802
1245465048966930439
1243620193689112577
1250653230952054784
1239077163787223041
1243710520517107725
1254928090867924994
1260190104888520705
1239653672948248576
1235551244942368769
1252987113081102337
1243194507925106692
1257426280368214016
1247556682831605760
1262836509004247042
1254561449256648704
1260781369728348160
1239637512835997698
1270614786095624197
1242219696570712071
1253331000240640007
1239377934374391808
1243690386247344129
1262063227468382210
1237962289506144257
1237107707099910144
1245219700088414208
1241483187047608322
1247984636229287944
1266171089874542592
1245924712217100295
1252339978945740800
1245396736262242307
1240652911123861504
1264026960759578624
1254211097726537728
1247650324736868353
1253758840753004553
1244484907625308160
1243672499847663617
1259491457813098496
1245094620142489605
1241139854932615170
1239707138047586306
1256038117326442501
1253375774402514944
1248126423983968256
1242642742934736897
1258909685962457089
1248086525943955457
1248770216424804353
1242657495916646401
1242397522842267649
1265699969387945985
1253085327553634309
1252754853908090880
1238229999192363019
1254075575435698176
1244402580236709889
1249482568745078786
1257501568326406150
1261763673984466944
1240020141150175233
1253562952000602113
1246622667010170880
1237961514738425856
1258181240190111744
1267484610675572736
1240630551817719809
1253478366818287619
1246463672270143488
1257904205651730433
1250929903815581702
1251866129963847680
1253825982764441600
1268150152793067523
1245054007468531712
1245515626023706628
1254769717379649536
1239162536009891840
1239570704770662411
1237795739058745345
1254822154610319362
1262091064476917761
1243956084433354753
1253446034010800128
1256915520122650625
1262982820970008577
1248378465578934274
1245211197403791360
1240501172202602497
1247542508336189441
1262121818145652736
1269201401424601088
1241194567204048896
1242892787340709893
1239855436469276673
1243052065561227265
1248668098409967617
1239340035339628544
1239395423514759168
1259605871337918468
1249355113766027264
1247537531370917895
1247556923437846529
1254295270201974784
1248588047756730368
1244329387769683968
1251314182437457924
1255886457367080960
1244077877714452481
1240392401639944193
1236612308295733248
1254232190218653697
1242692759351439360
1240022956266393603
1239719329870098432
1247164446436470784
1250047419716419584
1244778060953661441
1252019931769638912
1247314345173889024
1261734737430941701
1240121811704197121
1261425016773713927
1239204520695083008
1240107714656849920
1241923210351960066
1253877456689340421
1247986079468314627
1238996068014133249
1241483596793331721
1253786658538950656
1246438550180114435
1259589764983947266
1249022656118173697
1242564922996916224
1244882104644747267
1252427163124461576
1241545885235982336
1243689923410042880
1245145194946797570
1250855567427584006
1237849399012671489
1238311777953296389
1261757205986058242
1245150118774550528
1247213823297302534
1249144668450938881
1245792141223354369
1238835515484450816
1253133791310352386
1237058284311511048
1240361109539954688
1240342524037865473
1254040614645256192
1251292151041982466
1248482132105654277
1238869778330275840
1238488144154107905
1254993937200275457
1260926336689979392
1258438994645442561
1247290202755944448
1254981554532687873
1241187064491753472
1243718319884193795
1253790029786370049
1240905863759609856
1237388222176481287
1245056939232505864
1249707280351756289
1251168316867125249
1241847049684955137
1245078110451761152
1251889952092295168
1241423626680905728
1235559675745140739
1241851933410955265
1265765808250195968
1237848893682905088
1248379781843841028
1234942355175825408
1241482479497814024
1246447944750059520
1235737881680936962
1245023875831713792
1251228728396525570
1265698886892630017
1258712879852851200
1259805327773642752
1236794652403150857
1262142833676488705
1261329362483281921
1238884621389049858
1253137744655761409
1247962663734464518
1250124097373298690
1239007674924236800
1239924179920699393
1250852888336834560
1244352896520589318
1247303027071037441
1253863393712373762
1246409623608922114
1245169171366850560
1252989852251041796
1260299394026528772
1237158787787698178
1243565812591583232
1239592264957132801
1238073562055036929
1266562182063497216
1243662736069931015
1240163201335033856
1240280813364752386
1244835741206708227
1243232348193390597
1238842473088253953
1262071955387297794
1251891379913068545
1239308028790345728
1254795625826324481
1246594094761046017
1261265526686453762
1237960897013915653
1240813394636279817
1248800468060516352
1255449739195269121
1250638334080290816
1243321320051544066
1237427009854279684
1254186829802352646
1249902594153160709
1245814636760399872
1252080034581487616
1252696570904088579
1240488544315027457
1247480027425525765
1245507192545042445
1250157110912061440
1247006985037455363
1241452400969474049
1235961873721372679
1250713455432261632
1255182109456519168
1237159831481602048
1245058001599422464
1254990392841375744
1266108851650166785
1245002857386053634
1248415351102001152
1244240539987386368
1251220666138976256
1244239555080921093
1247995078615937028
1236704049388498944
1246593451124084736
1255685554517282817
1247533134456827908
1239634659887243264
1253472685809700864
1264016572185788419
1249878343945781248
1239358507721293824
1246619662319857664
1262848464838430721
1264344357655793664
1245835721702887426
1253870803298459648
1254890292483891202
1246232816460931075
1243683371072524289
1245692730887602176
1262555333802831873
1239931209146400770
1238251073606955008
1236422033707278338
1253663206708559872
1238252907134439425
1236295939737952257
1241362080537640960
1239721222298050561
1260676912814469120
1240062171951828995
1238871766384156675
1257586611296010240
1238072293705879552
1240324468045680642
1259939046220083200
1238802255744204800
1250468568405327872
1261009570295689217
1250040218419331072
1238313778384699392
1259336007939502087
1245513858141294592
1248103212495888386
1252230041146134529
1256015106078638080
1242251440095211521
1235741811554934784
1258906806958555147
1250192361130536960
1249349845908885506
1255181529850003456
1255194019380039681
1237907281255321600
1243415347841003521
1263260143850061824
1242621512022134786
1249391135149228034
1252988042677235714
1247323206580678657
1246775967844106241
1254412833409904641
1239676950014316544
1237374231983374337
1264571864682299394
1247133084291604480
1249009291111129088
1268346512704188416
1252002664314998784
1259947529589993478
1248800047032123392
1238293357325139969
1259494241014812673
1238290141699092480
1258611610299576320
1243949534121734145
1265739710120501255
1240452435325472768
1242174788765921286
1238629831065165829
1253351465177006081
1247194347919073281
1243932201546330112
1244348838133063682
1253115555999080450
1264538759015604226
1270408383837933569
1242798539475992577
1239937287418449920
1240551094503313409
1237203249972854789
1239006957765308421
1257728268679217152
1238807447114055681
1244096767249039361
1242632331455803392
1270084265523503105
1240694224481177602
1259150870266118145
1252069903999393795
1238992738475036672
1238176299547529218
1240391262307594240
1254528520971304961
1241764917461614592
1253743801639845892
1247563774715887616
1244985251262279681
1237909011510571009
1239034350966013952
1246842045332930561
1250846915681497090
1240032141083279360
1245459917235863553
1260309082512162816
1245690183426719750
1257858760749481985
1254804338595311616
1241829531943677955
1248106965894680583
1250862065515925506
1250163978661253125
1238196667167490057
1250079551113363456
1255210383666745344
1255683789063323648
1250568072295059460
1268361635678257159
1254994515162796032
1248589336205025286
1259632805333676033
1239632630431330306
1242292569326919681
1240365647260983298
1263303615038590976
1239587205753995264
1266126929830256643
1255554082577793025
1241905910064259073
1244094223453913090
1244707900624457732
1252078209245593602
1242294015871025152
1240426909315616769
1250875133822152705
1252431786824437762
1262746864996069381
1262747393700687877
1246223398151356416
1243949641688850432
1239530280190435328
1238158315940712450
1270349543473917953
1238704262676447232
1243042570088910849
1250498982830374912
1251878839082459136
1240493911136784386
1260997911757959168
1266417930797023233
1250157725255950336
1250176836388163584
1258738816170577925
1250565827956559873
1247496415628181509
1243558092916379651
1252149885891158016
1237906310819205121
1237910377075179520
1240677430584623104
1252490090510790656
1259210251246678025
1242613403568484352
1263430445242486785
1259854685684609027
1241180994784432129
1262729705872134144
1237600111187742722
1240312542850961408
1244233798763626497
1254455057732468743
1252812832581627905
1264754102157938693
1239515272651902976
1251175976928763905
1240657494676058113
1245209433849974784
1259832025852362753
1248895730426707969
1247537956815962120
1239590157650665477
1240115926378467331
1253376317883592705
1253079205887332352
1238145501742002176
1247239762223796230
1245551494805553152
1240073448065556482
1252997933932384256
1237092443872518146
1244345488268128256
1260974898719178754
1247346124081508352
1242641212449980421
1243671715017785353
1245785687301017600
1248879704926535685
1239275422610792449
1250249571550269441
1251318396878295043
1242069536288968704
1248427557759811588
1246817372482072576
1247904410312769536
1239030064165126145
1263187969969618944
1235089547618213888
1241580620008042496
1239028642363162632
1251649476764237826
1254852219658215425
1244347566227144706
1241102293229060096
1239014942373826563
1241362347568107520
1242899268534493184
1240058423603015684
1239013962433400832
1252788970708185089
1237801182149648384
1237886789152436225
1251650073253023745
1242900999712444416
1254043770045202433
1265766671974903810
1256482159667355649
1242611627733680128
1257880526360399872
1252226370949840896
1250846744038031360
1253960878355030016
1247540244590682113
1247080651402219520
1239987161711218689
1240487932483559424
1255218720475136001
1241059879441379331
1249010442053304321
1248583762625134592
1252970369088139265
1247814333603540992
1242618533860782081
1251880251606605825
1259375629574844417
1244354025325297666
1239673809181040643
1261137590763302913
1246418425414631429
1243559199365267462
1260647782043418624
1243617381395697666
1243228217630212096
1241850043902148609
1257320310174437383
1237908733428105216
1261017496947171328
1260306610494242817
1250604682579456000
1257725880148938755
1252352056293130243
1237001217529778178
1269082221979238400
1238733037426393088
1239016105986883585
1240111130015666177
1250526937803603968
1246468572240642048
1251889874053070848
1254899026685763584
1243575343426011138
1249322573168545793
1270180257145008128
1239019323118751744
1270546539920928768
1267868253839384576
1241182440611291137
1240107743538708480
1262923540304670721
1254059261723893760
1252659875664060417
1237158424057712640
1245786630142771202
1248811146418761728
1245860447095410690
1245182862820859904
1246232075184865281
1251213980900700160
1254193555448442885
1252559037725638657
1239986413493518338
1237600526209929216
1241470795911741444
1258987903402881025
1243193296035426307
1238226507216101376
1262228410463551494
1247718128177553413
1243927096721903622
1240450646626783234
1244402264225329152
1247340658068787209
1246236330100736000
1243528190380978180
1248873130371747841
1241322885223976960
1246619189080739840
1260748258487537664
1245558676569628672
1265654637778153472
1250896061457203201
1240344712860635136
1262539795433238528
1243686454334763016
1238569432919625728
1247935565691006979
1263655459967455233
1247241616747827207
1250415651522596864
1253391362042593281
1242567388958265344
1241164421323304962
1250895026651004928
1247535599927480321
1251973833818505216
1238482190087921676
1255209929117503492
1239771437025628161
1255872669221826560
1243924682144919560
1252685457307176961
1244877084050194432
1251216550868156424
1255490506911612933
1239638626176245763
1239358032716365825
1244713141495308288
1251029739852226560
1252408553991618567
1246633583814549506
1252694730892365826
1250566604624199687
1238052360351633408
1247744110800195584
1247747827532328961
1242641712817766403
1238118206004514816
1256853993327939584
1239571325687140353
1243315580242989056
1241422246612271104
1247007063928168449
1252358597293400065
1235967146930434050
1260247930377768963
1251028479732219904
1250415615476748291
1245336765331841026
1247930895803260934
1266841963535499265
1254084852695138304
1238540391714078722
1245555495445897217
1263528913097105408
1240356054346719233
1270176156554231815
1244400202162876416
1254083766093598721
1263310336091918337
1251319637410746368
1254855438341828608
1250609361774415878
1247908167809368065
1236319957329121280
1237791061830963201
1241066854614999046
1262938474916843527
1243995352480563201
1235733829068996610
1244100685446209538
1250377639300337665
1254248263387152384
1252411802647842816
1252016804345581569
1259712572871278594
1260749726930132998
1253082827085750274
1254257384610021377
1243007328934187009
1238210067880689665
1242306271698653185
1241224310741762048
1237791625063137280
1247900638727385092
1240039024426995714
1241158976143835142
1240118638935519233
1250543806589669377
1256047266974089216
1251968160816824321
1256343115243405313
1250387294890217472
1261438851236560897
1240651934375215104
1239285106973564929
1258391371142115335
1246765067347034112
1251971072767012867
1247147620633632768
1250850473311158272
1265725804861968390
1247957548126388224
1239126826519273472
1240562297422123008
1243532166321111043
1254428275797090304
1240658206747168769
1254099671821230086
1254098759543382016
1238627078242787333
1241172030554279936
1245671759090782208
1238626650868404225
1239355709944446976
1239276814234771458
1243686914533752835
1254897505218764800
1236358098236956673
1250891312854941701
1239276915200008196
1253090629674041348
1235564405208813568
1239937908355805190
1244713845232414720
1238148475818323970
1253470944812847105
1260997294285115392
1249310924688838656
1238068103667421185
1240657235530919936
1252971093347966977
1255178105800572929
1237599452824662018
1252696405271027717
1245486215106826241
1243667902039035912
1263528968541614082
1245166368917463041
1251964558916321281
1245680679322562563
1244298747225440259
1238205988089577472
1248664974697914368
1238848968815230977
1237801967512158210
1269200843506679808
1239993654816759808
1253086973478215681
1237790043303018496
1263591610165522433
1241437824165036033
1242636065988587520
1250046322247417856
1243754989635407873
1237204352407920641
1255438154007490560
1245075775960776707
1245410116616310790
1262917859879026688
1253504731407884289
1246444226520461314
1242308986583633920
1238243087266299904
1242358219659493376
1246415655223648257
1252358693796016131
1250186667039875074
1238709808838127617
1251180410073120769
1257443411285741573
1256585262303510529
1254212938124136448
1254213202273017856
1239992808418795531
1246593040786972673
1242915814069731329
1245399663089528832
1239180722684014594
1246593240565874688
1245474011187904516
1251637179291521025
1250415673907576832
1258669524741754881
1252696014374539271
1252780861549936651
1234941508920528906
1258016074550951936
1250184280535445504
1240352149449707520
1252660187648983042
1258056051372556290
1239940172264988672
1269118001086947328
1237934962453762049
1241909003090829312
1250543509880352775
1254086642891132935
1240780473611231232
1237940255963205632
1259149482484211713
1238149393288658945
1242798931328864264
1263924944645296128
1265725535008800772
1241485455008423947
1241038765772156930
1237936006214627330
1242058204898627585
1238243234880552963
1240484127620677632
1247196980490665986
1237938409215328256
1242911120064733184
1236849663011151874
1240859528536764418
1250545506801127424
1256022058947018753
1247241609110052864
1249772471441637376
1262148226557382656
1250384619595354112
1237939084858929153
1243419845992968192
1242800613215395841
1241051831028944896
1240235519017209866
1265343860206600194
1252781094757453828
1254471649904275464
1258717374058057729
1240784595102117892
1269677962913370114
1242915508527058944
1239278709112279042
1252728038774759427
1240561722190172165
1237904833027416066
1241075039304376321
1258106931287293952
1258720572789456896
1253088470668582913
1237976124568682496
1265088765074247680
1262937439766708224
1250545552057683971
1259817545038729216
1256750544422498306
1256260151197253633
1261313739275538436
1256021159835041792
1243593766772056072
1260592211475009538
1250503954569494531
1243926946951684099
1241438168806801409
1237907886430400517
1242329894874423296
1253729524224843778
1259705464176214016
1242261353349464065
1237011171951214592
1255459455015309315
1243665543023996932
1253728250435522561
1249829115106070532
1240856573003681793
1260447644167569409
1252581661663002624
1244730190426771461
1250219151131631617
1256747975394635776
1244752194563432449
1238816473746980864
1237976531156307970
1237990691428610048
1260887373740756996
1267191823526748161
1242264387181780994
1239426681196216320
1261287083391541248
1242263415936122880
1243592270416433152
1269606159398449152
1237034361960067076
1241079925949554688
1237945080314572800
1237941511125377024
1241752619007258630
1251642877895233539
1262829984143597570
1245622334628618240
1243244352010358785
1237541162568708096
1248332847917731843
1251636298072444928
1249829150606725120
1248238549260029956
1243244117498437634
1248233165367447555
1238549962360795136
1257307562325598214
1255089314242928642
1238548301613498373
1243246241804410882
1238124820283494405
1245761628051775489
1242139707288543244
1246110026818826240
1261073290266845185
