1249767042984615936
1237124491974791173
1246057077879037952
1236394777781907456
1248221366769405953
1238953904311861249
1252037681703538689
1237852963093319680
1243745143397777416
1234986243735212034
1250090490915151872
1235657864406085632
1247643893665071106
1237836274431660032
1243586213413564422
1241527506445926400
1235310270882484225
1242213288185864193
1238198016538001419
1238141278271016967
1261690884531290113
1244015433495326720
1256400829734625280
1242943207366889488
1239743749447655425
1242939572167888902
1238202880064212992
1247219799995932672
1237586300347117570
1250106758611247104
1251163235572727808
1243329009133510662
1248343179197321216
1248339869077774336
1237853934468775937
1242981819479404547
1253077374167629825
1247259170124029954
1241116805801836544
1260930657900888065
1253027379116757000
1257038737143406594
1254971365171646464
1257839528787808257
1254048946340708352
1251519381907083266
1247609406222749699
1237469373591404547
1260208581753933824
1268718492003569664
1237717498167992320
1244015679411572737
1241400172808220673
1242940748292595713
1238392704284930048
1250660048545644544
1261228276858658821
1259553725116489729
1252022517683847169
1249382305157861376
1250097943505403905
1257482869204795392
1253005836919672835
1267658518892556290
1242276436876111873
1239574408890593281
1259091134439137280
1248315578625986564
1241740645775147012
1241357228612952064
1266886944207798274
1250797307072843777
1258144429942214656
1244674026997460992
1257267348110815233
1248337599346982913
1236105011240882176
1250866318485655561
1252550885135339521
1250951516673970176
1236486220886282240
1235711579498278912
1262048376515973122
1244265135730016257
1242184029396500480
1239409439452659712
1250960876154376197
1250485487271378945
1242184377917939713
1260722123858984961
1250089906552127492
1247915161211613186
1254745162229723136
1245101668942954497
1248302735830790148
1237580151992356864
1259139977939685377
1235786587486801921
1265983119972274177
1242569331625603074
1246819935940005889
1237723368922796032
1257327143744425984
1247395947358949376
1238651788674437121
1237431201880817664
1239579218364768257
1238218134181556235
1240892620433436672
1244428811552395266
1239552232699441153
1242663217626853376
1239648936786374658
1236972471083053056
1251108394540437506
1237716461805854721
1238985614357340167
1239744911357943813
1235275079740780546
1236390843621298177
1237149204176343040
1252676956392488961
1249767024487694336
1255336731152449536
1238758838314119168
1242774298126884864
1235381885674627072
1238896197823279105
1235156013629747201
1244798443522048001
1246102498957459458
1246147560017928193
1260546351047282688
1250106696632086531
1239554130181533696
1252597173889503238
1253141132411842561
1265025493625118723
1259896438588350472
1258579912644059137
1270443148951552008
1265634298855657472
1252796048894017536
1236372155694284801
1239210975867424779
1252597629177008128
1261256972856418306
1240370306419744772
1245591248313806850
1243704000052109312
1251852815758221312
1251663390059245568
1237749231533854726
1257899146666803201
1258474029914238979
1242523983863599104
1244468267672121344
1237566546420969474
1239603093668577281
1238296218729689090
1243602974267580417
1235629267737808897
1247225395780476928
1258452285937590275
1242572020526841863
1236803319324192770
1237125717277671427
1262417798409707522
1242572035001331714
1259495727249723398
1242451395577593858
1242450518376615937
1251778863446851589
1242031583659470849
1248648663657844737
1240291622505586688
1258484267602116615
1252402596930674688
1253992197546016770
1247281011995656195
1235223012863074306
1247220823879974914
1245115040472207362
1259531062776127489
1245815717968121856
1250939898221277185
1240265671528906753
1238199550634004485
1257441508921352192
1255701263464923138
1244371823686533128
1237525020026359808
1260773986717372422
1242225688129744899
1236126790437003265
1251111725602091008
1256037033220493314
1236755875777392641
1251753126018809862
1244055941860990980
1262409279153242115
1259139585763934209
1239351739507257344
1238202249614102535
1241533184254316554
1242590494020042752
1244061929540399105
1242990826147504136
1267155390506192903
1253556409788174337
1239902432920043520
1255558496034185219
1239689341292752899
1249929221541167105
1267101633793720323
1243979520698470401
1264529864528285697
1236126783285706752
1255121254153170945
1246167333435060224
1241104793797570564
1238774923264491520
1253007496618393600
1260051740918812672
1237216335635111942
1261690628993437697
1247623209090011139
1239686007773110274
1238938913873563659
1238652674888937472
1264559349621567489
1251706816062525440
1261405561536409600
1241353673726398465
1241048941468278786
1246066495668588549
1259113497646030848
1255544542234923009
1239347229632143360
1244297690806136832
1240743778043998226
1262007254674530304
1252575655943983115
1254160059388567553
1249693628794130438
1241418766610808833
1241813390437289989
1260678856458952704
1244374886786592768
1250809399616122883
1239957259913965568
1260096864529059840
1239579962581159937
1240046605597892618
1248240397375229952
1268584276783542275
1236638758595952643
1246477907222048769
1239578678469722114
1242785005358759936
1236425458662756353
1238875754278027264
1253345352192872450
1249752819348975622
1238274025266319360
1245861371025059840
1253416206754693120
1240871344780316673
1241934742259412993
1255234713192730625
1250775501192429568
1252270429642858496
1259182671260983298
1241721007557222400
1244054147068039171
1240719856145698816
1246534610034528259
1249065638062174208
1252092120694956034
1240092943094091778
1242978413649985536
1235290347493904391
1242825200162541572
1239042908407451648
1252389673269227523
1250836036453892098
1252313638242844673
1245525757142630402
1238913353013252096
1263872972588298242
1250807543854764032
1253511762734972928
1250830741577048064
1261691025644556288
1237066891132375042
1270447995604131847
1242596525643051008
1242167501712248833
1256649561260597253
1254748521904906241
1236757668053823490
1265608651202613249
1239296902195183622
1259894834371932162
1249074557438361601
1238586692442914816
1257707083195170818
1249357927556808705
1244340754606166017
1240722204339437569
1246472384883961857
1242869714533089280
1247586445587513346
1262051640800096257
1243330437084139523
1252799277291667456
1244664087302344704
1239215578658811904
1260575485790167041
1245422073440342018
1254404401885843456
1238143039153090562
1260611579718119425
1252468699069587457
1248251804866904064
1241360565810991104
1249738158981316610
1238611925912760321
1238061268508053504
1267268066355838982
1250534153730301952
1237722033972224002
1240253813958868993
1261352687062392832
1235132596671123456
1251709447291826177
1246935558238208009
1248302615030571009
1245344794508963841
1260623298108497920
1245164887539683330
1238660461832306688
1260694928323198978
1235388447344517120
1242546899653181440
1256634740146348032
1240773660572598273
1248732943952031745
1244086247422918657
1244268070056734721
1241888247816630274
1241529857550495744
1253050135006908416
1241044042152136704
1239371539545559041
1244639928572694528
1239256435021635585
1255564133266685952
1260944373304430592
1239437335936282626
1239686069270073345
1251206312924512259
1241537704367738880
1236653978080985088
1257788894856314880
1245435331421315073
1249417783676407808
1255863417690349568
1240754748116082689
1253346635125534720
1247728339252633605
1237915728457740321
1268539596377411585
1235227639075528705
1236838894110416897
1243983237963276291
1258570589972967425
1256221530020892675
1237777137924538369
1254020174124142595
1255695332123574272
1267314783642177538
1238320349990846464
1238611576242032646
1243730255749230599
1263474214637625344
1252401260059176960
1256938528266686465
1250776007482707968
1252375061689806851
1244133316879683584
1257300869546233856
1258196430528950273
1239848765802061829
1243906001570537481
1241692709565476864
1250200883901726722
1240632313454657536
1261276792863821824
1250091041543380993
1243512625830469632
1248425343058239489
1244908857815633922
1252301050876514304
1242227249140641794
1243938016076365824
1245718599450472454
1242759814800957440
1244956682918277123
1249157588836638724
1237773409234419712
1239739250259701760
1242849593756442624
1246124410291003394
1238797144917716994
1248030612050587648
1246207419019137027
1244955978484809730
1243884501018738689
1243886081721892864
1261345726811996162
1242528743102590976
1245113804234637313
1255112711027011585
1241837640099532800
1250920100733091842
1247949975885094913
1237774259973263363
1261053991665971201
1249763595371589634
1260341923593814024
1258376935622823937
1243360845284818949
1245030800845869057
1238198966241689601
1237718894372151299
1240759418502905856
1251331050401345538
1250835258615959553
1260477248936849408
1242256799924920321
1243365086841823232
1261861810476658693
1260774018812166144
1250781885858566144
1257749552628740097
1243942050782904322
1247698200418570246
1252595664279789568
1244703740818489345
1235325296800387072
1241558767331946496
1244293088648011776
1244997101714583553
1237854082506735616
1239623348629508098
1255650610789208064
1243327759084068866
1237725530411106306
1241204482735775746
1252805173027778565
1249157882920271872
1234951486309904396
1260398600602955778
1238652949515075584
1254059596697796609
1240416613175828480
1241006600980176899
1265425357714399232
1250553625501409285
1249810216285323267
1265635114471559169
1238655922492317697
1247675453042810881
1260895468986535937
1244464523337240578
1251899656579289090
1242443089245081602
1240397151466897409
1236012792362274820
1253309342243344384
1247526192518844421
1260055488793915392
1243278424971579413
1258544769715761154
1237841511003197441
1256955925421862915
1243908333377110021
1240261062995447809
1237480093779472385
1241935019263823873
1243841111816392704
1251710418462158854
1263127787981987841
1266117715334516742
1238685367836033026
1251124140515491840
1243725182092611585
1241803316247572481
1236363571333943298
1236282296157822976
1240934558314500097
1240254704002699266
1244021523524063232
1263058410699964416
1258221870387793920
1239662682497679360
1243980014460252161
1239670974091612160
1255114905881116672
1251708957376368640
1246027531825733633
1239977149899177986
1246960605011087362
1242522789451640833
1235189345298124800
1240253731259768832
1242163213791309824
1237854580710330370
1240512149358874624
1249652231454031874
1255304082597740544
1255257160264617987
1240395455969853441
1237830659793661952
1238656056663977984
1257649104060104706
1258801964973867008
1258278186166767616
1254390812454125569
1238797771509051392
1250201080778174465
1248758679953948672
1242157748088946690
1249748223490756608
1254601050687971331
1241736945031618563
1239996159634157568
1269309305515278337
1245941359795752960
1241504513141493763
1246871707241119745
1243985473258782720
1235682650813329411
1240762026328305664
1247628083412246528
1253310544838381569
1240637736618536961
1267601075303038978
1255652183284027392
1240640852730544129
1252389656424898567
1257657379891679235
1248760122899410949
1246522185231011841
1244777685664006144
1246611168342323200
1245387151904256009
1238268189546622978
1249185373684727808
1238230511669125122
1260170038260240384
1260324406578032641
1247011622897553415
1265806934718009345
1237853928487710721
1246585214417108993
1241083953643216897
1244613990807941121
1259450446739116033
1241893634863239168
1248763005761982465
1253310116822204417
1260897587445600256
1238672535014846464
1237893324863705088
1248352110200197120
1261798439089733640
1242183997037383680
1237536888086351872
1244723860995481603
1245013271008227328
1248754136054738944
1261386303414759424
1246460589565755395
1249929223927730178
1253368764265103370
1238440515722493952
1244704714576596993
1248956732933648385
1262597726136602624
1241431056596729856
1266571959439147010
1236107216140341253
1236398826602278912
1240963961350164480
1240984839471464448
1246197876340011011
1252310130642825218
1244320319885791235
1238457645692002308
1259502299031973896
1257396161058570241
1248292173264666630
1239951178538024960
1243905563907457028
1240381032471441410
1248205300945035266
1264992340562804737
1252320702893559809
1245247003313025024
1245907840314806276
1250631256649404421
1238610023447748608
1260810327677186049
1248966275386224641
1238152670726303745
1243909545237401600
1261388351556300800
1250260149622706177
1245892245007544320
1249425665000120328
1246490172444868608
1255125648433176577
1240468466295025665
1260775803933032448
1263169491216797707
1244450367552749569
1238100674212233219
1260194725715423232
1247728876651978758
1247250606189936642
1242065980530069504
1237928825293602816
1237873463898984454
1239315402527776770
1245002853569171458
1250809820850110464
1254764431231406081
1245378772121145350
1251306095873843201
1244433012915404802
1242884117081010176
1269401694439452674
1245749125275987969
1246587732824076288
1242547844264996865
1257322862316105731
1259963080362070016
1238037374237638657
1266176018420727809
1243835935445434368
1238469864068730883
1239365760448892928
1252426944559198209
1249652509217562626
1251936882935705603
1254929539643379715
1250574673152282625
1263061797164154882
1240700662591045632
1253220053006368769
1237916186605760512
1238495674720759808
1251472289171898373
1244770235959427079
1240090207791308801
1240401478805868547
1250306260391452672
1254912779238203393
1261498973141032962
1237782501701095436
1255677471418171392
1239929492392591361
1261382095580037121
1242849815161180162
1242866708127322112
1242822105751789570
1252201937623224321
1241016694258249729
1252310483920707590
1250462047441227776
1239575126426910727
1242962721882157062
1241565846712934401
1238647426107478016
1247885754333687809
1238269310054916101
1267962607446695938
1244341265619173377
1259554951178715136
1260519955142971392
1252415805708365824
1268710540618223616
1248613711687733248
1236402279076507651
1238134898277470213
1239925614099992576
1243964142484062209
1257424549005660160
1241379863317155849
1269709561428148224
1263505230135730176
1245793910485590017
1257664597458399239
1242903377627013120
1240022972364193795
1253102577333547010
1246187012039860224
1248830168354951169
1242181369691811840
1239240354223751169
1247019057691406342
1243220672370876419
1260899707875975168
1242891785921343489
1238598437815214082
1242620161716355073
1257880752852742145
1243162355757977600
1246061042163167233
1254946074525143040
1264569101713911813
1268177505141297152
1239632675977166851
1238930158368718854
1253060314226216960
1264926983508635650
1237920715493593094
1245423862185156615
1261065047301926917
1251878837354446850
1246099152209088512
1245460626144661508
1246530051279118336
1260517963330990080
1238294131476033537
1242906154000408577
1253737644292550658
1253093983573676032
1254877838542606345
1239315851288940546
1239547301846269958
1268907527099617284
1242610982746296326
1235416537697312770
1238920383237099525
1261867643629375490
1250064975449784327
1262396398156296193
1242074033820258309
1247291173909168135
1246273814104809472
1259871737149349893
1263879329068593152
1235721677402763270
1242932975853088768
1253797176209219584
1235345172176740353
1239731041625083905
1250868450471350272
1248324424375455746
1268695862319951873
1239764672347353088
1236080016925937664
1240789474226954240
1265628385235005440
1260759125849518080
1246462231736434688
1250900049950801922
1237404764851318785
1235185074758397952
1240784394585022464
1254470220372217857
1240256719877550082
1257779964537180161
1244033694991552512
1242997938953105408
1262777964758007810
1260833991738961920
1242206137530884097
1237869383919099908
1238486675438829569
1241309361663811584
1242919295325216768
1246577149294841860
1248445155725754368
1253494527316410374
1242184350352973830
1261764402665205760
1235962245806514178
1251859881151336448
1245151522922672128
1246260103688355841
1248072792479850497
1259826023354511360
1260618827647287303
1247851047219081216
1259809390334541824
1247717522436169729
1266486067169026049
1239485872569028608
1242285392113684481
1256567631747977216
1239324864156229634
1240013325381054464
1244412176615575554
1247996678675685377
1252436578900881408
1243683439401992193
1242627675262529544
1248414571200573444
1239025617556975616
1251168479979413505
1244257147581534211
1260042197988257799
1249873437046300676
1262184365964042240
1239209110056419329
1251844623263313920
1266387100632408064
1242283408291696642
1248354452890779649
1249355239800688640
1238915297890963456
1247511438366818304
1255287825957863426
1237922318896312322
1240031428903043074
1239020597952331778
1239663360892944392
1237723896356405251
1255174778849296384
1237507106736988160
1242417693745188865
1240702931671715840
1250459953229430784
1264925335721840640
1247566034116239361
1237920935635832832
1237865816902619136
1236403591818117120
1238348557213732865
1267206676215672834
1245488317820534784
1236819137453793280
1256207051073687559
1247642102432968716
1239020580994777094
1262039596868796416
1251588870665371648
1247770442632269831
1246282839777255424
1260700401579458566
1249005394371936256
1263814687856222210
1257885724847812610
1250946501435707397
1247690723404787718
1242614748321124352
1237915665962541062
1246789678717710341
1236274706237489152
1242566521018298370
1244037269729787904
1239021486649692160
1247726304654491648
1237805334615465984
1242831270188638208
1246964959973724164
1243122814087049216
1240460913582505991
1246942020599451648
1247196122810134529
1243147917554262023
1244492683533574144
1242188390885441536
1245877838311546886
1253719926612922370
1270195476852281345
1260763208551477248
1241023879881142273
1242238487803449346
1239158309841768449
1235544891930755072
1238471034946363392
1241071641788121091
1255272275026292736
1247294774446624774
1243150199947776000
1256598666317639681
1239022446788972548
1252433942759632898
1260523610181115904
1257692124990050306
1235738603747069952
1238158046746025984
1250181874363875329
1242415403382513664
1259614265398394880
1257765740423364609
1244819537553502210
1252591698506584065
1255286493049950208
1236643887822798850
1246909257703882762
1246818164740165632
1260228253345873921
1253538408909152257
1250860616300011520
1240494755051720705
1258171104629272581
1235254240890642433
1238875743528062977
1245899631919333376
1237501692956082177
1240997700373536771
1246094920500338693
1254222993171103745
1253736223417524225
1264580644543369221
1240757914719129600
1264789133634924544
1248509408549711872
1245371679364308994
1254622698032050179
1242670834633912322
1244811959243026437
1258912821955477505
1241924205979086849
1235030200175345664
1239316665369800706
1239528527055241218
1248033550118670337
1241027228118458371
1244443744369287168
1260542435295481856
1250193196715474946
1243228873497681921
1235342465219137543
1254881292023455745
1252335396958212098
1243127484880687104
1241434998873436162
1258178391775338499
1258565498020810752
1243341818651201538
1253776110514573316
1237377646042009606
1260784788924960769
1258603331691446272
1237712345532686336
1254976505790300160
1248611980161609728
1251375803704782848
1245142915497721862
1241848799473123328
1242957120867389445
1244443488256745474
1236120381376905216
1239218472606973952
1252331133410426880
1240626210209771522
1236769023326654464
1243672465915740160
1244876832417222657
1246133859181301760
1248062117862875136
1247700835020218369
1240022474085072898
1241923987590045696
1242237338404753415
1239141211782483968
1237376251775639552
1247691318341644288
1249147363219963905
1238422604920340480
1244479291502575616
1247146904451981314
1264372770974113795
1235973738723790848
1247560672373870593
1266388022104403968
1238252297576218631
1251537467162968065
1236771645202796546
1257455110717870087
1259280563900493826
1253587224987385857
1247691506368028673
1254880096911077376
1247714049196011522
1267571261162557441
1262555154408189952
1242634006421622784
1252491287003045889
1236687611512729600
1235132214347694082
1250154001255010305
1260195439497883649
1241378257917919232
1249163351529316353
1258734645362950145
1243682924484005888
1264318656764313602
1242124623250173960
1240387860064329728
1240498761329258498
1240499338863919105
1244997733628424192
1246452816513818626
1241037888734846977
1240456849293561859
1247213473152536576
1249545490661642241
1251988991794085889
1236311416472289280
1252989632591081479
1244773890775306240
1250057407016906760
1239008292787179520
1242270909249081346
1234942624219398145
1250178599988219905
1250430631189725188
1264615250730631168
1253763971389235206
1245483149263585282
1242639226379931648
1247147669941899264
1240627094754910208
1250118829163806721
1250428751583653890
1254989572200714242
1259682080411303936
1237375744571052032
1246781074144927744
1241457030214410241
1235732160599986176
1250855229127565314
1240405463352696838
1248823793067462656
1244330753082736640
1255309024276463616
1242816055568936960
1238117771474599936
1253699458967232513
1249111062126845953
1236786942328659968
1238257898607738881
1242817516235341825
1238525353985007616
1241545809054912512
1237877113731960833
1245002577399500800
1238285893552746496
1250079810090668033
1237381315688837125
1258843458560757761
1237866061380243456
1247692277885079554
1254259020623499265
1251630781212045312
1242128434572247043
1247292049558290432
1239634415871053825
1261272352605831170
1240017938545086465
1240425566488219650
1238187905765474304
1249803796965982211
1250060305482334211
1238991915401560064
1239697898465570817
1245558122946707458
1241566770886041600
1250890779071074304
1238630486735572992
1240426426106511365
1258812869472391176
1250167989250469889
1252728699276967936
1235980280969781249
1238936748840947714
1261003186648866820
1235244009242742790
1245077129299218432
1243342638499213319
1247348928800002048
1265107421741101056
1237794494277451776
1237386831664218112
1253759723645665282
1249327002592698370
1244301617429610496
1244441874808614913
1257742061668794368
1238531911347326976
1260382371964227587
1239186231348662275
1239184241310740482
1239794560227782656
1237689984045518848
1260304566559674368
1244963796201979904
1247535105997848580
1235980556841750528
1248119531320549376
1254459409339736065
1245293418886115328
1255830015331057665
1235560685699878912
1262067024752238592
1241346302144909312
1240814751850127361
1239046760745644032
1241369635133558790
1235131978481111040
1250567855587852293
1254627240572268545
1235578583315140608
1241071377861533699
1238832469039820802
1253802515981832193
1248629700903276544
1248634207582277632
1258857084516524035
1252227394808750081
1244047376043716609
1253819204140175361
1242180636271616000
1239321500991336448
1254823124669026309
1250836036688764930
1247533395610972164
1235339414357803008
1240117500576235521
1240785224239321089
1238833221682544641
1245203094268493825
1254879530604548100
1251340718049763328
1245146541729423360
1251274403494735872
1241233573954322435
1243150967182438406
1248711623029805058
1236998653681848320
1253480826802749442
1266874593622528000
1235131555959447552
1254501598316896258
1238224753405673475
1247871165361795072
1254902098971570177
1255872535813644292
1245579342349881346
1254042363196030976
1258601272527249408
1253133309829419008
1236250371628163072
1256641786862321666
1243945840244412416
1241409268986908672
1264282505106120704
1248056691133906945
1237558544532029440
1254903726751600641
1248666923610648576
1254383379992248320
1236707305212821504
1239786878334906368
1261303478418276352
1258736645177782273
1243019217353560064
1250216953425227777
1247964267191640067
1236790797980205056
1244236130305933312
1248200195155910658
1251891890686959620
1250178519352725504
1241944472440750080
1250897399054241799
1243719025387024385
1242178898047180808
1266794577442344960
1267121619706826753
1255634796639858690
1254078988487659520
1264254481883181056
1247103680941371392
1261763892671373312
1237910289489768450
1246683256478720000
1242726074347401216
1269654109801590789
1252851987533553666
1249597013408264192
1253695801076985858
1251532586418966530
1247552383468568580
1246406885923868674
1243964803011481601
1235647465820483590
1260224977753776133
1240371816251654145
1264571158982275072
1241184987606630402
1241236162842431495
1244046411374538753
1237871166921953282
1250019483730747398
1247211892377968646
1251266118867734529
1250161664651079683
1243719568842948609
1236351733829382145
1260378591017218048
1242611231313231872
1235425439545516032
1240651312410353664
1258737137815601155
1252492137167572992
1243522066764238848
1240485949454368768
1253283937381728256
1261060541407268866
1238621878358597639
1259821197732319232
1249171800338161666
1261273503980048387
1261003809171611649
1240846709783171080
1247164440073490432
1238072185224339456
1239570763419615233
1235962888625549313
1238840976178917377
1237060676784291841
1242181574784954371
1253328555540221961
1241488408494706688
1241042347024146432
1254815887422623746
1244007335581945856
1238629596100206592
1243610267696672773
1247988504673558528
1255456481815810049
1238499633900462081
1238065368956100610
1251276628040331266
1253393611292581896
1237870471430819840
1250159765583470592
1242483174485213185
1241846483856642048
1260223127080108032
1252679968859066369
1255214080689934337
1247577349811568649
1259147535152799749
1243309378465341444
1261261247485444096
1240461958996000769
1246234092888350721
1250404950053662720
1244169741649969153
1239990530190311425
1263929976996483077
1242129768071548933
1244732820259512327
1238117764881174530
1260592997680525312
1247579189739499522
1250895827415031811
1254974897668919298
1244250022776115201
1257306629504069639
1248048874561785857
1242873916034617345
1253956282790359042
1246596446218043393
1262147647500169222
1253770158797197317
1239185752015155201
1239890101934718976
1244748426337755136
1241369101332815872
1244101270132199430
1239637075806375936
1241910973260169217
1249353837489598466
1250016623580401665
1236352509406576643
1252708904439554055
1239290307113553926
1246415797922258948
1256788677931364354
1260958136980119553
1247311873780912130
1237973894683938817
1241374990970298369
1239354199508430851
1235646892265975808
1241073041486024704
1245708451780669440
1254822815771045888
1236709860286304256
1244899166830178304
1252583623208951808
1239533347241693184
1259149900413112321
1238150236570345472
1252445012865974273
1246278223392055302
1265762571044507648
1254893537130405890
1253088369762074630
1242181541519917056
1246416735521124352
1238855501041057793
1260740648245907457
1237846721150894087
1244747572444573698
1241072794827460609
1241041772962291714
1249883877520408577
1245562200887980033
1244101008122351616
1244333878774562817
1242182297308274689
1265344422260113416
1252965238066106368
1239360075329912832
1241089190739226624
1242183010700623874
1255312362531405824
1244745824136986624
1263313870204162050
1244989352133955584
1243917454822248448
1241374443802374144
1240859645293539328
1239986913211277312
1249704791099478017
1243919115271786496
1260223581927231493
1257695734087983105
1250753176707436544
1237236971820519424
1249342672655077380
1243205368215470088
1239965077983248385
1237492988802150402
1241609623192375297
1242911807486005251
1259686018585935873
1243349382428311553
1245170356412915712
1247553611200110597
1249351731147923457
1246654249209077766
1242058048795009031
1240706140561784832
1260997071013916673
1253370650204475392
1255462341988298753
1237904226195570688
1242182129099964417
1238855372267536384
1253504243685826562
1242914644521607168
1242515030517714955
1242183106356019200
1240694284107431936
1240457541332729865
1242181734466236417
1242181839567101952
1262852882208108549
1242995058737020933
1250175327256576002
1244616045672960001
1239223924946284544
1237488709324476416
1237941846409650178
1258031091249709056
1240858099579314177
1254086504110067712
1239143277053595649
1264764457642754048
1249784340357275649
1256573813799739394
1244462653805903872
1242181500495368193
1242182159034658817
1250162771804729345
1270554970773954560
1254891110532558848
1245356640129486850
1242180766907469826
1244618382495715333
1264193308924018690
1264643027039129601
1241472793658691591
1264727235493269504
1252585899138875392
1242181072256991232
1242183149708292097
1242181705596878849
1250383921361100806
1243644947221356545
1243538286552940544
1240857283577380864
1244868771950575622
1244755192316297226
1242181389895827464
1237460613120614401
1242265928735358977
1250505731582951427
1256226503970426890
1253734212621996035
1238128207989297152
1242181089529073671
1252583216550219779
1243590848006295552
1260727583861354496
1239282183921156096
1250504704351748097
1267188758794903553
1250383923923877888
1250508900639571969
1250505470781120517
1250383919528194051
1263137527894028288
1257339068444217352
1250383922963283969
1257307971484180481
1261087008623075330
1250507138130153473
1253809197432680453
1237544223718567936
1251364190188646400
1260729019168931846
