1239563612982738946
1246810522466607105
1245527084577042437
1249046309509660672
1261687174577225731
1239187942666534912
1242447141580214273
1257409573205561348
1249219542510899200
1255786627101794305
1268618475670401024
1250578805460254726
1251485442467381249
1266143895999692807
1236389833670606849
1245539984121245696
1237893932765175809
1238556367486672903
1250123739804700672
1246856865708941315
1249748988653338627
1241826705116987398
1253710405836439552
1248282472032452608
1246805948297089024
1242150122575798272
1241528716431372294
1249380314134319110
1239739241774698497
1250805499492208641
1260230467909017601
1261114078342164480
1245416671172595722
1262787951697842176
1237178540761722885
1250791333716996097
1250958296867102723
1241739150690340865
1248358618048663556
1237815321119072256
1242486136246804482
1243357446086643713
1238797811438833670
1246209712196071427
1250779584578105345
1238451963450318848
1237724293548687360
1251821304447197184
1249899186713231361
1258197074622976000
1237415544921509890
1240291320062791680
1255232923890069506
1252642553121460232
1239405900202459136
1241460162969427973
1238214368908754945
1243240213461307392
1256185504413949953
1247116141081788416
1250239019683926016
1241020919474270209
1261742135033974785
1250235063343644672
1236029320172310530
1247339357738094594
1241466207187984390
1267657921967452161
1242758906989944833
1242740313610956800
1250227346046627840
1250968031330779138
1238446933578002432
1258689830940225536
1254283559298269186
1240835244963569664
1253811688270450689
1243518539492974596
1246400855835914240
1238982756442521600
1251271819371446273
1237719947838664706
1249751102985252869
1260622094401929216
1247499522554634241
1238178250913918988
1241360658622537728
1249047784554147841
1248745624733913091
1245376309741719552
1247649304321372160
1238877641782018051
1241391801371590657
1241392316738408452
1262429923878338561
1247571300689862656
1262122227950067714
1250232750801596416
1264202137262796800
1253005428688109572
1247629585916854284
1262452090644750343
1239810720679768070
1257184479359139841
1248305987301322757
1238829352969797632
1239886679202304000
1238944975217442816
1252553205231366144
1249758058923749381
1238271446536859649
1238025356579307520
1245849011816402945
1237852577972113408
1249516239824838657
1240748483352629250
1248705042007416834
1249126930194018305
1241421110605905921
1260355408876785670
1255822293491748876
1243356064491302912
1241872253245145092
1256910325011660803
1247375643865645056
1244271141323145217
1240829380600963072
1254776967401881603
1240641968134328321
1236387178458087426
1242252882348519424
1249846015655632896
1238826732930695169
1239649121918738433
1258072732723556357
1260603922063994882
1254487550657470465
1253312473505153025
1245889768384331778
1269074051881938948
1237586109778911232
1242596221535113216
1238276926676127744
1247442518532333568
1238237618309120001
1239751811176845316
1236411244673892353
1252605844933533700
1243700734744563713
1250554968219824134
1238973100609417217
1269009299411554304
1248992557297795073
1234990564380033025
1254127063595966465
1241128500574199815
1257642677446811655
1250919365983244295
1235668379568082949
1247568355021729792
1252472319643201536
1249422071651860482
1241515586737311747
1238138211408531458
1249888627968090112
1237132656678141953
1239858971747463169
1241195800572633089
1246530615442317319
1248841775617376259
1244642109849767943
1240524255588163585
1240976258281934854
1249740826625880064
1241130861120163847
1237839587960971265
1238465220718342147
1244089041219444736
1254254837652471810
1239386113703325702
1255536484372951040
1246941650452189184
1263859047851319297
1239961681914019840
1246401830571180033
1255255327840317443
1242428355980529666
1244115345750790150
1238359541017960448
1246102812062298113
1246148561546424321
1246348535064399873
1250444921858908162
1237748431868833793
1249499048001888264
1263560298113519619
1246825254716129280
1256396743626891264
1245133438249811970
1236500085854404608
1251209001611730951
1264993815905153024
1255485642726879232
1237406884623196160
1253126618865971201
1237916127273070593
1246849723186720768
1240302984074067973
1241556784948617218
1241129552115650563
1240609701844451335
1246851572736372736
1237716149644787714
1239880651542798341
1242223255383146497
1242281252474019840
1249840391173668870
1255926275249668098
1250240043375001606
1251563667663060994
1238785128471674882
1240945553049075714
1241199986819452928
1244799118263934977
1244466980184301569
1240509951853944832
1236927247841460224
1253048746486759430
1237762684742926337
1253048451337793536
1245784356058259470
1245115366847713281
1245124789813104641
1257814893857845254
1249845124185698305
1248346047870570497
1242136881065791488
1249737398562557953
1247331899917426688
1239256649300353024
1249743348333674497
1261769785638940672
1259429476833865728
1236692567292600322
1236696405483405312
1241011156216623105
1238168083761713154
1245132700505301000
1248422886420836352
1245737649140387844
1246783816016039936
1238158469838123008
1247939519887933440
1242555786158628867
1251895133219553280
1238880679036936200
1256710671187816449
1240421855821008899
1242209321355751424
1249029024929796097
1240740883428978692
1259888134910869505
1244633134102188033
1240036919934885891
1246071371584724992
1249495084921434112
1242831654172921856
1237816348534849536
1239663864138080256
1239388390623248384
1245534039685181440
1236288400749191168
1241573206173069313
1240521704612470785
1237523792689123329
1258890572523282432
1237825761605816321
1239649412651024387
1245792939147698178
1249759184767406080
1244297363063279618
1237519399092772864
1257520716007837703
1257493641737785345
1236012602171539457
1250584722515922947
1241513531465400326
1243489703065718784
1244959315938639872
1237810171847589888
1246786792134770689
1255113125621309440
1237521131235467264
1243291351434887169
1239253017083478025
1245176303122362374
1246129549227810818
1246139714987573248
1251209621722857472
1237476354351869952
1238114267817283584
1240208046837686272
1247977954946232320
1252233478944337921
1262998414264078342
1242573559920197632
1251820295058591746
1253723864795938816
1237578853939154946
1258013697760391173
1237043032190595072
1254779698665553930
1247331906267553792
1239249505712844802
1238461936037068801
1267973209753882625
1252982265270976512
1242446471619850244
1249843709014933506
1249685701043662849
1241874084260122625
1242257806637613057
1247523094039650316
1242107587144945665
1237760749927358464
1239332625162125314
1248705923868250112
1244192289431400448
1247842881089372160
1253497568497197057
1261481298385874946
1243289158140989447
1245085558050873346
1251694706314096640
1237330897428414465
1251450033142038528
1244837089767759874
1248997388863393792
1244815791578587136
1241861013382868992
1248785512581738496
1243404997368266752
1240091620214738944
1247168772164800512
1251507236871995395
1240064984605954050
1238240803375517698
1255526044540506114
1246591368400527361
1239216631303323652
1240635567911636993
1257829449980153859
1253447309083521024
1241503507347312640
1245354188676255744
1248706453298450434
1247946823517581314
1241783682177826816
1237549958326190082
1257785715469029376
1255246948677881856
1239972041173782530
1236017438908612610
1244926040436342784
1241842482788413440
1265383394059354113
1252563062843990021
1247690759928774658
1246816937742667776
1241345206022258689
1242962731717865480
1259017964143153152
1241861690293202944
1239767486603591681
1245910032618831872
1248322895543250944
1255662439775064071
1237749830392221696
1239944588271312896
1243560741753573379
1255172659593297921
1241852057864286209
1246249956366856193
1255891775799074816
1240937829410181121
1242288432019312640
1255632681079111682
1245735539099271179
1260597272255107077
1237479347566645249
1259525516207501313
1235706975704379392
1239530989065572354
1244105553481252865
1238486166543925249
1245391579629735938
1254935261882056704
1258075113645318145
1239716842614206466
1248608749515952128
1268674841995083779
1244419342000893955
1247699532357435394
1252594104439095297
1244075951878782977
1239025752873598982
1235954645400510466
1246294966856331269
1239653765017481217
1238489819388481537
1238670095473352705
1249512797865742336
1238041294821380096
1248693220541894656
1238493049522700289
1246793002066026496
1244777910826864640
1241150418551558144
1251193196656431104
1235033104332578817
1241525096528908288
1246435449847058433
1255677147219480581
1244090977578618881
1236076603588870144
1258787395895472130
1238565551829585921
1240241682295259136
1245261637545754624
1266651650489491456
1258223790796013570
1242134502593396736
1248360120389599232
1246624493579223040
1244833915057168385
1237917255251492866
1241493531216228358
1251170599554232323
1254946065800933377
1255921308283613186
1242243893996982273
1235640119807356928
1242155676614438912
1247135084882399232
1241429071294132228
1237425982849548288
1259020348378447872
1240979203664875520
1261092198596194306
1265455526642700289
1238004832235130881
1235965074231177217
1237858833856212992
1245406957164470274
1244190844783144962
1254910569515286529
1238774402986246145
1252340548209262592
1257715077668646914
1253060035363713024
1268710238523400192
1240427099334246400
1239238461951016960
1250583943851708428
1251603544463024129
1250178409990324224
1243004458507829248
1242014982629404673
1241113689446666247
1241223451135873030
1245260985314807809
1241794886703222786
1253056408687390727
1247158598259671040
1245831204169007105
1240089125992226822
1253828113705979905
1238228514588901376
1240347053093523459
1258539584138252289
1237860042059042823
1266147205792047109
1253540750916308993
1245460587250954242
1253492135359401985
1255187505680351233
1260617546237128710
1241855539509891080
1247204895326904321
1255357630341623808
1247599417462579202
1250602480574042119
1254101690636271618
1253694877810020352
1242873599121330178
1247507903344521217
1247596824820662276
1251173905001308168
1251175392184020997
1239917519877672961
1255202338240892928
1249507306091487234
1238804526800519168
1247904372035432449
1255781090834501634
1247959331833774082
1262572385242406914
1257103014172729344
1243573815453589504
1261314788648456198
1247815236473761792
1256266189111771138
1247935939231481856
1251805713996931076
1262555441227325441
1255219355878653953
1249822752846090241
1238788366847619073
1240452748094722049
1262567838818205696
1238709762746920961
1253001002061611011
1244443012257718277
1245858171924533248
1241492640681656321
1238250631888015361
1260034572927942663
1237914698567352320
1257933317900509185
1260978343681417216
1250880006110265345
1250875511619956738
1236141145421381632
1257603923445264384
1237956992913805312
1236797550880886784
1237920975846588417
1247580249979830273
1240088517700714497
1254875981413826560
1239223744205332480
1255308367721123841
1248699652054056965
1260504952390201344
1242077878948442114
1254973667483811840
1253760100751290368
1261507285777612801
1247018934236258304
1239464916463075328
1254099678838349825
1241851856965550085
1256167420261261313
1246569352738062336
1245404827519254539
1245832919022788608
1239481300924366848
1251323193773744130
1247493127054725120
1253327073159999491
1245485228023599104
1237597099799105536
1261140351844220933
1243148446762258440
1238342757497872385
1250468423710236672
1240851311832313858
1243540052531130370
1239770832563589120
1247507202526662656
1246048225750061057
1249009050655825920
1250930447456047108
1241161576884903937
1268557149589966854
1246671163696308224
1256319870658064384
1261851419759476743
1268959966511144961
1248060357823913988
1239532126019731456
1244992241007046662
1246406917834113027
1259020810645311489
1235035196757598209
1254621080943296513
1238489127529652225
1252433194655203328
1241506607021907968
1263293847196631040
1246636907347546113
1238486686901907461
1253080016935456770
1242613986446708739
1245171058682007558
1238523199425576961
1236796635381764096
1240315844929994752
1243530602386788357
1251554042683314177
1250178538390589440
1256063832457465857
1254901451194851328
1241502660752224256
1255671715721510919
1246234048772616201
1236119661223333890
1238890404877082627
1240118832225755137
1245217276791590913
1240145624101773316
1264560888377417734
1262922236874424320
1261764458705293314
1240409276998397953
1251881806921699328
1260628154810580992
1245553669594112001
1247903073160163328
1261144789963231237
1243968805908471813
1241368008045535237
1246003846398259201
1246988452157100032
1247964928197242881
1245858471200747522
1238221986293264384
1242604015088697347
1242723224535826432
1247580698019598337
1245057703657050115
1242171755726344193
1242125364203266055
1251182595829829635
1247721305878691840
1247930806057779212
1240456727256072193
1241041840406757377
1244191624743342081
1243944609186754562
1252280839825743872
1257385138192875521
1264499652365373442
1241848715318571011
1243755600867217409
1241067798199230465
1245484455034335232
1241347568086515712
1258788552944619521
1238833622532096000
1251981021249224704
1247343781969571841
1235989892154437632
1240622763305566208
1249013588804714497
1261100755647377409
1242610498111225864
1257447850633572353
1237794053128728576
1251214196697518080
1241164099653902339
1250113885153214464
1259631713711542273
1244396416035889153
1245666718564974593
1237792669071523843
1251175774842957824
1245495398065717251
1247203705637801992
1248709708833345536
1241421982006157313
1261447482258546689
1238116970572152834
1253056503961063424
1235208004196331522
1258402156383797248
1239312810288578565
1249638499407605762
1248707954959888385
1249348049153003521
1249709522781904896
1252680075956367361
1246891344905281536
1252281626517798913
1240102062840582145
1242608463592775681
1237887483880157186
1251274205930364928
1238568132551290881
1246593088300163074
1247988614186795011
1243957226466877441
1247579612550488068
1243607826708267008
1262918455495360514
1249708014204080130
1237792436803551232
1238193047286026240
1252659672894627840
1249012970451021829
1248711854483894272
1251320200965902336
1243113959802261506
1250114185759002628
1237489567856459776
1253108786539216898
1239984825534230530
1238160768652193793
1242401600016187394
1243538579856465923
1252730651087863808
1255909339963015169
1252046213341380610
1258053270326718466
1260349157497352193
1241411039322869764
1261118865901334528
1253300498272313349
1238248463097376768
1239935735194619904
1243539125896183809
1270041658437111808
1263404199641001990
1237731744947847169
1239968073056018433
1249830041128775682
1243648260859985928
1249830349649186825
1262148695598006272
1243243212636065792
1243242306653827077
