1250864060574453761
1243325806765465601
1268677987991347200
1236132246999961600
1257804956196691968
1268677543227469827
1238218622578933760
1262154727581777920
1269748407356153856
1257420860106977280
1255563741845950467
1247515707190976512
1244763106993041408
1253678944613625859
1245591510269046788
1250821570643349507
1243220218085879808
1239246548594126848
1264267270102159362
1256325443143077888
1238768566389932032
1240283957381472257
1249866813766172672
1240096851564642305
1239728709709336576
1236747153051131904
1246215661711511554
1256303527099543553
1238666689169862662
1239012828843061248
1237309783994220544
1240845932805206018
1268290800669974528
1252250572717244418
1239636777641574401
1243150426892939264
1250112080927055872
1241724639291858945
1243640718406623235
1237095005694521344
1243229603658960897
1265821391854735363
1238574423516557320
