1236395618408390656
1244327013940219904
1244379891534925825
1245492033122435072
1253540318152015873
1239263401466974208
1242301005095550977
1248017086737076227
1245953209308303363
1246364631506903040
1237629772399689729
1243657888033165312
1236178367612776448
1243362793547427840
1259339545495011328
1243355690317430785
1238643033400172545
1245636023557611523
1242160036974972928
1241109943240912896
1246035413497569284
1254045852630347777
1246607835581960192
1242445308493086724
1256212316879597573
1240879355149991936
1261784198513213440
1250310474987491328
1237855060249309194
1262597400884965380
1244067748864380928
1264687627577352197
1251660875330514944
1250908618276274176
1262506171640033280
1259925117271805952
1259930497494298625
1245110307615195136
1238144558292058114
1239740583263993856
1238988522322714624
1245127377719447554
1246548255359389698
1241534334927949824
1245451075231965185
1253862081666797568
1247401439812411392
1260930023499821056
1251994529336442880
1245188626046042112
1237837698116636672
1251711717156909057
1238950246379433984
1241287919404367872
1250329290257780741
1254868282470875136
1237892459285213186
1251898532937601026
1253863233913368576
1241733180094201856
1249887065128554496
1238467816195383298
1253714856647090176
1245060349155397633
1254289037268889602
1242663210815086593
1241611907133591552
1243132771591049216
1243380577870286853
1248037448052957184
1244440622489952256
1238312428984619008
1235799571315314688
1241246531941888000
1246514104317050880
1236028583153250304
1250807400992391169
1252800060162576385
1244501257781313536
1259922506435031040
1252370611017408515
1243695210367815681
1257932253721538560
1257088564782747650
1249334721907027968
1242737477804154881
1258745724356841477
1237536794205249536
1237067320633122817
1244800425502502914
1250232143336235008
1265646191171100672
1253489687718531072
1247223787143094272
1252464742825775105
1252673103156543488
1245246102225293312
1238309525360267265
1246159725734973440
1241035436455129088
1262046875391102976
1240417254249881601
1249574511155884034
1247946434160164864
1251477490796597248
1248367183383515137
1237890183078350848
1236024395476250624
1258835270230618112
1262286302117912579
1236972548815851520
1249416030868262912
1243132069158346752
1250315427885895681
1240442144159981568
1250203946297241608
1249815009896497154
1239733583050182656
1247938615230914560
1237823250677161984
1239657585898164225
1236813792861798400
1250551760998903808
1255794420105928706
1238665309365497856
1239741045371367424
1241987707766599682
1236423649936027650
1243876141317754880
1240294113997512706
1252317634348986368
1239092954045677568
1238212776436191234
1237929821293776896
1258639209461452800
1257782512924807168
1238277543955820550
1254972664155738117
1254972772960223232
1243282284662284293
1243975919657570310
1238950241761546240
1253811773892816896
1240329260952211456
1237955185210724355
1241869946759426049
1248598343229386759
1240171593931739136
1243746278988627968
1234910116761104384
1240047538297696256
1259888705373757446
1244087647594635265
1269875448231505925
1247630529853186049
1250653655096688640
1256978978969022464
1246555162597969920
1247412997984681985
1249209249026183173
1245134373503954944
1245765399527841792
1250914204682338304
1246549318707736576
1254574614404980737
1257463150737346562
1244762231159439362
1249740579518349318
1245386347101085696
1247608974976806912
1252799760617975809
1267600462393442304
1246509098373267457
1260026657047343104
1244699089230389248
1242619495912361984
1238261791257505793
1256055094199504897
1238173385244303360
1242710785572265990
1243032557706346496
1258864251977916417
1241826837451309059
1238271542074552320
1235657458351132672
1251791287612665859
1251351700616515584
1240818645535608833
1243584050398294017
1242012133224677377
1252506087976099841
1248441437739315200
1235016226771841025
1266224193554665472
1239767627116900352
1237952386892627968
1245450393208811521
1253337067334938630
1242160034169016320
1237841537662218242
1240416969309876224
1257902672847368193
1237822678951555072
1238696154897846272
1237819774362513408
1253583599145611265
1257415125927112714
1262912379354075136
1245594786695802881
1241774634384543744
1261628209453387779
1256834683448385536
1247028159825850368
1235864005710721024
1244724910536011781
1247339616471932929
1245190679396896770
1241863602920755200
1250954005649317889
1235398179748638720
1259928933987790850
1242832615658246145
1245907731820625922
1250540563796914176
1247328307210620928
1262202910907088897
1252663282353070080
1241456289370099713
1245033673063198720
1237168322178772993
1240703872567369728
1244766782650372096
1253830784135213057
1237400355471683584
1249143984557088770
1255333547151446017
1241445953921376258
1236741266559254528
1255300557759275010
1239774370609815555
1245571727972687873
1245824342664957953
1238293430830125057
1251603634091028482
1235929410064101376
1237379621630308352
1240443555962687488
1244532593241886721
1251943130850488320
1239784543877337088
1253564804754595840
1239040572184092672
1245775390854897664
1239056446584754178
1238292844449652739
1242906330651742208
1242404032846737408
1246906843965689856
1240497696877588485
1246730656329035776
1247137528446169089
1242913912833499137
1237108702248722432
1248145033196236800
1264346929258835970
1240214788208095232
1241656899264589825
1241510441399943168
1244557864032538626
1236141721794142209
1262881809295044609
1238923104375590914
1245560141778317317
1244775899095912448
1247763541328678912
1247353801826136065
1267301345884684288
1260406748143378432
1245340658375651328
1238177111002632192
1240179395488174081
1238596229707137026
1236467012970270721
1236816336417738752
1249482932458115072
1243225788914135041
1265651827753676800
1266108576805740544
1250279964705882113
1252415448710213632
1240179403729993728
1246441194478944256
1246357360638955521
1264619416639033350
1247155649978331136
1249872155421978628
1245914032747372546
1246870492872491008
1266269062369181697
1244091185091596289
1246293564931207168
1246965995102560256
1240702499876560896
1237638618312663041
1249161501803503617
1241570980775878663
1253798855931580417
1240700278787067905
1250131998544261120
1241342222668165121
1245813721378648064
1258178932051898368
1238921040878645248
1247701753018994689
1252535977429491712
1248368496448135168
1249545966182526976
1247691642938609664
1237883806645772288
1258173177584168961
1247884496549994499
1245457563774140416
1245381091571228674
1244134465955229701
1251557922259169280
1248107954554863618
1236982568408322049
1235928279745310721
1252451569464827905
1243962084498362376
1235356784992243713
1234938464681877504
1252790074883936257
1249477598633013248
1248168011237715971
1246906910483206145
1246888905439236098
1251392614772817920
1252811586378461186
1243616644011679744
1242241960682774529
1238315048847568897
1255583183443095552
1253722601345609728
1247931740183724035
1244717008559595520
1235738818050797573
1236149852939026436
1246924379021139969
1245181878698565633
1240117491398934528
1244489574891454465
1260517003711836168
1253496187631439873
1246443980427915264
1245255296403927040
1235395562502885376
1238377171166490624
1247901716185411592
1261507165409296385
1250099179269038080
1237197082152169473
1245476615024340992
1261060196727549953
1253475647571148800
1244442959690358785
1252440241454977024
1243520882984620032
1243371350158217217
1248051114462695424
1248051341206798336
1235239874090827776
1243818113801412609
1242896355430764545
1255308657547448321
1262660360525381632
1247309956455354368
1237382433885966336
1253079088597590016
1242284827807809536
1247360297326850049
1240502196338229248
1239050435492589573
1245456870174683136
1251962549723000832
1247268003701391360
1248514916513808384
1245231971711602689
1237871806251319300
1242288366130847744
1250857164010328064
1236797173418692608
1237871220101492742
1263185532978376706
1247329549085315073
1240448258582777856
1242156992778518528
1245145783864721408
1249392062916526081
1259689464370098178
1269333468585967616
1247684233474105344
1246408177077248000
1242563647773138944
1247747852819787776
1235474326729547776
1239385847448788993
1241239752797347840
1256207345417252866
1248376795163852801
1245665081150455814
1246541731559919616
1247316613809889281
1265798240986820608
1253782445603696640
1243683707111624704
1243685128406097920
1256204715181801473
1240651827994963974
1236142476013912064
1253823959860043776
1251393605777985539
1262995025345998848
1251941606648803329
1252068524542967810
1248742089539510273
1242700295580168193
1240581011676606464
1240179401334984705
1243756194352660480
1246893943528153090
1243693044844474368
1245053314154115073
1247935297263783937
1241909104345399297
1240322399309987840
1248395021310496774
1250783886679740416
1245335636103401474
1241163643045085185
1257499716184444928
1239273375878402048
1239992488586178563
1235761318046638080
1253089418606309377
1243988801518596096
1269019430710722720
1244353266835587073
1240692898837880832
1269018566407282688
1266127540109799424
1242566710823022592
1250932958501855232
1256016452919848960
1247307005645058048
1244479177329442816
1248390091287875585
1252105387190304769
1246923641616392192
1249168727897182208
1257126742596059136
1239270295657050113
1237617642539610112
1237488172587597824
1241093576525623297
1237908347577225216
1249782200125370370
1240110215699124224
1248151521688047616
1259221280370200576
1238538251616452608
1241090088882167808
1243019150789709824
1261809703396364289
1255575999183351809
1238150723436568577
1239430891643883521
1251279296129196033
1252779813552578560
1238975349246967808
1240563400494600192
1254210972752834562
1237977783227174912
1247085024559517701
1241273039582445568
1239429679196409859
1241078339198021633
1243021089334276096
1241146098728591360
1241092092325171206
1249774033857441792
1239813376298987520
1253803792467816448
1239503160839815169
1239280266834673664
1236216663164346368
1237907742515322881
1257971968613199875
1236065857643499521
1249831310958268416
1256725880488902656
1242325466234507264
1247643607223263232
1242558808536133634
1240518188804100096
1238305733986250761
1245130994811719680
1244057420394934273
1242595095439740928
1238219695234281473
1241205235697115136
1260948682435772416
1240822142893088770
1261688176235536386
1247682725290504193
1234983885030584322
1245102310121857038
1237077597013430274
1237073930583560192
1251666253871058944
1235745509295308801
1253551834066649089
1243334048409214978
1249599544477679620
1245127672528695296
1242589938224205824
1252687971280490501
1254430855205801985
1250907152119545856
1254151172249640965
1261835206530482176
1255227640086175745
1241537265794351105
1253556470722908160
1238169024497741825
1238041285979594752
1268749913640206336
1235625046384603137
1238500577274781698
1244090379172900864
1257118759287832576
1241706588009721858
1261906027299000325
1247244965790355456
1249379781830828032
1253552477858750466
1241540785641631745
1240128201038405634
1238267818119847936
1241811621820813312
1248869077155606529
1242277457538863105
1236916287839694850
1263121904132472837
1253550871104778240
1236048171983228928
1253862338182045696
1265860277053997059
1246879317914570752
1238131005963120640
1253415433622810631
1236376062780571648
1252565470495952896
1239742312269279233
1244778188074405888
1239651646025510914
1256395842455400450
1241784349562818561
1242274102188048384
1245130391700160512
1236423408851636224
1255320655815458819
1255336896508592128
1249457213241884672
1240748277831630850
1248400033881284608
1241384023881945089
1240121785544212482
1257394789596741632
1244060797728198657
1242326733241516037
1241795367764557824
1261353111576182784
1240473239324774403
1236469625463943168
1255318997563846658
1238972124095750145
1241711871297589248
1236393000554516481
1248014350670917633
1242152068392964099
1252670862131515392
1236503209042038785
1247867714384748544
1246511508864958464
1243428939676016640
1235075073821663232
1254809934966820865
1240126966356983811
1242324002640515072
1244843429676212224
1238294793739857920
1242972316658622465
1243776812678656004
1240125218103885825
1240733785970237440
1261467761621884929
1238239581335457794
1244806539027701761
1239998662194819072
1243624021721255945
1244776081111928832
1235768392474296322
1254197072921690112
1244028464987951109
1237534165211312128
1239003206446800902
1241133882637864960
1254481067706212357
1266828819798716417
1236011691449569280
1240559489033461766
1246523993378578432
1242323699769823232
1240394836039041024
1240063660942229504
1248353206205165568
1246701519010795520
1242548568323313664
1260292440096817152
1239649471190859776
1241129757112020994
1262912501039185923
1251242627258707968
1240590855380992000
1241623303707430912
1239731264640311298
1259966637865754624
1241612925355220992
1241963915711401985
1236813459066482688
1270183637699276800
1248758682067722240
1255654125519306753
1248595485952073731
1241432090991677441
1245201244576071681
1253419051616882690
1240015889069559808
1243404197652881408
1248071911063478273
1237477746617364481
1253054309895303168
1242581495539064833
1247801434688475137
1236106519080349696
1235671353149157376
1241433424520339456
1246931546763751424
1263745004557623296
1253449704668463105
1265830333657669636
1242240534896193538
1238133261668356096
1234986853603741696
1236861956822196225
1257750058981658629
1246292697112969217
1241432749266763776
1239057639113252864
1250259818004111360
1252336405948231686
1239079171902435328
1266741281063006208
1253016061839990784
1253064166828462080
1239761030428807172
1245459107416440832
1246870010619777024
1236113645324533760
1236498723657531393
1236767567777153024
1235778450679640064
1266534656976883713
1243979733366263808
1238877893352026112
1240815064023621634
1242203780961030144
1236101234769063937
1253375704701349888
1239056223019778048
1236549865410191360
1235779305206099968
1249429744849801216
1250613860299689984
1264090170350952449
1242138269799739402
1244539208972111872
1244077670758928385
1266971097095794690
1254312050500632577
1236102567978889216
1253484888050642946
1249428707220979714
1253696974370430978
1252125104500117504
1238254182139924480
1243433019634888706
1240446441832603648
1264932299520438273
1239322080119668736
1246591062988079104
1238181838281007105
1246881801156440064
1241793992850698241
1246577186238132224
1249165850311118852
1263259357489229825
1246642680286695424
1241262030562004993
1240727204486475776
1239055846853632000
1245532955310620672
1244858891491401728
1259591524188184576
1244779169415753729
1253469064539725825
1236400911439687680
1241179888079351809
1268624225499115520
1243345709568413698
1241930932749131778
1253133016362151936
1249555041473531908
1240122259769110529
1246870461432004616
1243717741430759425
1254560143263428610
1235955695981228034
1249434131642978304
1244103136383401986
1238180481151057921
1239938444643594242
1248809903516311552
1236550618530983936
1236477179279499264
1236119217570590720
1265081964102479875
1240018715778797568
1254926482960343040
1236901912923930624
1252003287450222598
1238115142656614402
1245580459926413312
1258395161492480001
1257042538852044800
1265469526361010176
1240548846188412934
1240111062927568897
1243948308550189057
1254538101931667461
1253197962655592448
1244901200333402112
1241181722357555206
1253258367125950464
1242285262522028034
1241723948917600256
1253768195124543488
1245479975949500416
1245230906635218944
1247507284810289153
1240552050024316928
1246286905706086402
1246285914705289219
1245853083977932800
1240059681453703168
1254529919427547136
1255271166970920961
1237275305389129729
1250852517610549248
1241234821302513664
1256859016346517504
1243756713636802563
1252287831860363267
1247921662323879936
1247498738152554496
1255360709338243073
1237849686767054855
1253767348034482176
1239818903573770240
1237994274353901569
1254205907182841856
1266136983891439616
1239354636235988997
1242637421260328960
1260450841204609026
1241408850286149632
1252361863716720647
1250223584632377344
1250509847235354626
1247241894100217856
1250541698976899074
1250503875821309952
1245359947811942400
1237986707074469888
1261834749489774592
1236858787404771329
1250807400992391169
1238467816195383298
1246159725734973440
1243362793547427840
1260930023499821056
1241534334927949824
1251898532937601026
1259339545495011328
1245060349155397633
1246607835581960192
1245636023557611523
1250908618276274176
1254868282470875136
1246548255359389698
1243380577870286853
1249334721907027968
1249887065128554496
1240879355149991936
1245127377719447554
1237892459285213186
1243132771591049216
1237629772399689729
1242301005095550977
1244327013940219904
1238643033400172545
1244067748864380928
1237837698116636672
1253714856647090176
1245188626046042112
1237067320633122817
1250329290257780741
1236178367612776448
1251994529336442880
1252370611017408515
1238950246379433984
1253862081666797568
1244379891534925825
1241035436455129088
1245246102225293312
1243695210367815681
1241287919404367872
1241109943240912896
1246035413497569284
1250232143336235008
1248017086737076227
1244800425502502914
1246514104317050880
1259925117271805952
1257932253721538560
1252464742825775105
1245110307615195136
1265646191171100672
1256212316879597573
1261784198513213440
1251711717156909057
1238144558292058114
1253540318152015873
1238312428984619008
1251660875330514944
1243355690317430785
1241733180094201856
1242445308493086724
1253489687718531072
1244501257781313536
1245492033122435072
1248037448052957184
1264687627577352197
1245451075231965185
1253863233913368576
1236395618408390656
1242160036974972928
1254045852630347777
1247223787143094272
1246364631506903040
1259922506435031040
1238988522322714624
1254289037268889602
1241611907133591552
1235799571315314688
1258745724356841477
1241246531941888000
1244440622489952256
1245953209308303363
1239263401466974208
1243657888033165312
1257088564782747650
1242737477804154881
1252673103156543488
1242663210815086593
1237536794205249536
1239740583263993856
1262506171640033280
1252800060162576385
1259930497494298625
1250310474987491328
1262597400884965380
1238309525360267265
1237855060249309194
1236028583153250304
1247401439812411392
1240171593931739136
1234910116761104384
1237841537662218242
1247630529853186049
1243746278988627968
1242619495912361984
1235657458351132672
1242160034169016320
1244699089230389248
1247608974976806912
1250315427885895681
1245134373503954944
1240818645535608833
1250653655096688640
1260026657047343104
1249416030868262912
1238950241761546240
1245386347101085696
1258639209461452800
1259888705373757446
1240417254249881601
1266224193554665472
1246555162597969920
1250914204682338304
1244762231159439362
1255794420105928706
1244087647594635265
1253811773892816896
1245450393208811521
1248367183383515137
1262046875391102976
1238261791257505793
1240329260952211456
1254574614404980737
1241826837451309059
1248441437739315200
1243584050398294017
1238277543955820550
1241869946759426049
1249740579518349318
1251351700616515584
1249815009896497154
1245765399527841792
1254972772960223232
1237955185210724355
1253337067334938630
1269875448231505925
1243282284662284293
1236972548815851520
1238665309365497856
1249574511155884034
1254972664155738117
1238173385244303360
1236024395476250624
1258864251977916417
1247938615230914560
1236813792861798400
1262286302117912579
1237823250677161984
1247412997984681985
1236423649936027650
1243132069158346752
1267600462393442304
1242710785572265990
1246509098373267457
1238212776436191234
1243876141317754880
1237929821293776896
1256978978969022464
1252799760617975809
1248598343229386759
1257463150737346562
1258835270230618112
1235016226771841025
1249209249026183173
1250551760998903808
1243032557706346496
1251791287612665859
1252317634348986368
1251477490796597248
1237890183078350848
1243975919657570310
1240294113997512706
1250203946297241608
1240442144159981568
1239092954045677568
1242012133224677377
1239733583050182656
1256055094199504897
1239767627116900352
1240047538297696256
1239657585898164225
1246549318707736576
1241987707766599682
1247946434160164864
1239741045371367424
1237952386892627968
1238271542074552320
1252506087976099841
1257782512924807168
1242906330651742208
1240703872567369728
1241510441399943168
1256834683448385536
1245907731820625922
1240416969309876224
1235929410064101376
1262202910907088897
1257902672847368193
1245594786695802881
1247137528446169089
1262881809295044609
1267301345884684288
1235864005710721024
1249482932458115072
1245824342664957953
1249143984557088770
1247353801826136065
1247028159825850368
1247339616471932929
1245775390854897664
1238696154897846272
1237400355471683584
1241863602920755200
1236141721794142209
1252415448710213632
1264619416639033350
1245033673063198720
1245190679396896770
1244091185091596289
1241445953921376258
1260406748143378432
1241656899264589825
1250954005649317889
1244532593241886721
1239040572184092672
1246870492872491008
1245560141778317317
1245571727972687873
1245914032747372546
1244775899095912448
1244557864032538626
1255300557759275010
1237822678951555072
1246441194478944256
1238923104375590914
1259928933987790850
1239774370609815555
1266108576805740544
1240497696877588485
1239784543877337088
1246730656329035776
1241774634384543744
1247155649978331136
1237108702248722432
1246357360638955521
1242913912833499137
1241456289370099713
1261628209453387779
1237168322178772993
1250279964705882113
1252663282353070080
1266269062369181697
1244766782650372096
1237379621630308352
1247328307210620928
1238596229707137026
1253583599145611265
1238292844449652739
1242404032846737408
1242832615658246145
1245340658375651328
1240179395488174081
1250540563796914176
1265651827753676800
1249872155421978628
1244724910536011781
1238293430830125057
1251943130850488320
1238177111002632192
1253830784135213057
1246906843965689856
1236741266559254528
1237819774362513408
1235398179748638720
1248145033196236800
1240443555962687488
1236467012970270721
1236816336417738752
1253564804754595840
1257415125927112714
1251603634091028482
1262912379354075136
1264346929258835970
1255333547151446017
1247763541328678912
1240179403729993728
1240214788208095232
1239056446584754178
1243225788914135041
1245145783864721408
1249545966182526976
1237871220101492742
1235395562502885376
1250131998544261120
1242284827807809536
1237197082152169473
1262660360525381632
1240502196338229248
1240448258582777856
1244134465955229701
1251557922259169280
1244442959690358785
1252811586378461186
1245181878698565633
1247309956455354368
1237883806645772288
1244489574891454465
1245381091571228674
1247884496549994499
1247329549085315073
1241570980775878663
1252451569464827905
1249477598633013248
1255308657547448321
1253079088597590016
1261060196727549953
1246888905439236098
1239050435492589573
1235239874090827776
1238315048847568897
1253475647571148800
1246924379021139969
1245813721378648064
1242288366130847744
1243371350158217217
1247691642938609664
1251962549723000832
1247360297326850049
1243818113801412609
1238921040878645248
1248514916513808384
1234938464681877504
1235928279745310721
1240702499876560896
1235738818050797573
1245456870174683136
1247931740183724035
1248051114462695424
1247701753018994689
1248368496448135168
1246293564931207168
1258178932051898368
1240700278787067905
1235356784992243713
1246965995102560256
1243616644011679744
1252790074883936257
1242241960682774529
1248051341206798336
1261507165409296385
1253798855931580417
1236149852939026436
1253722601345609728
1245476615024340992
1251392614772817920
1246443980427915264
1247901716185411592
1245231971711602689
1243962084498362376
1241342222668165121
1250099179269038080
1240117491398934528
1246906910483206145
1249392062916526081
1255583183443095552
1236982568408322049
1244717008559595520
1252440241454977024
1237638618312663041
1258173177584168961
1263185532978376706
1237871806251319300
1260517003711836168
1253496187631439873
1248168011237715971
1238377171166490624
1243520882984620032
1250857164010328064
1245457563774140416
1236797173418692608
1245255296403927040
1237382433885966336
1249161501803503617
1242896355430764545
1248107954554863618
1259689464370098178
1252535977429491712
1247268003701391360
1242156992778518528
1242566710823022592
1249168727897182208
1247307005645058048
1247684233474105344
1236216663164346368
1241909104345399297
1240563400494600192
1242563647773138944
1239503160839815169
1236142476013912064
1257126742596059136
1239385847448788993
1240651827994963974
1243019150789709824
1238150723436568577
1248742089539510273
1252105387190304769
1239273375878402048
1251941606648803329
1254210972752834562
1257499716184444928
1245665081150455814
1246923641616392192
1238975349246967808
1241090088882167808
1256207345417252866
1247085024559517701
1241163643045085185
1243693044844474368
1247935297263783937
1240179401334984705
1245335636103401474
1266127540109799424
1241239752797347840
1237488172587597824
1248395021310496774
1239270295657050113
1252068524542967810
1239430891643883521
1252779813552578560
1244479177329442816
1261809703396364289
1262995025345998848
1245053314154115073
1253803792467816448
1269018566407282688
1246541731559919616
1269333468585967616
1244353266835587073
1241146098728591360
1249831310958268416
1243756194352660480
1239992488586178563
1253782445603696640
1256016452919848960
1253089418606309377
1253823959860043776
1239280266834673664
1240581011676606464
1239429679196409859
1243683707111624704
1243021089334276096
1240322399309987840
1241078339198021633
1237907742515322881
1250932958501855232
1250783886679740416
1238538251616452608
1241093576525623297
1243988801518596096
1240692898837880832
1235761318046638080
1247747852819787776
1239813376298987520
1248151521688047616
1257971968613199875
1265798240986820608
1256204715181801473
1249774033857441792
1240110215699124224
1241092092325171206
1242700295580168193
1235474326729547776
1236065857643499521
1241273039582445568
1251393605777985539
1249782200125370370
1237617642539610112
1246408177077248000
1243685128406097920
1255575999183351809
1248376795163852801
1247316613809889281
1259221280370200576
1248390091287875585
1246893943528153090
1237977783227174912
1269019430710722720
1251279296129196033
1237908347577225216
1242277457538863105
1245102310121857038
1238972124095750145
1238500577274781698
1252687971280490501
1253415433622810631
1244060797728198657
1236916287839694850
1241711871297589248
1245130994811719680
1254809934966820865
1236393000554516481
1241706588009721858
1237077597013430274
1234983885030584322
1241205235697115136
1247682725290504193
1241384023881945089
1242589938224205824
1247244965790355456
1242274102188048384
1243334048409214978
1245127672528695296
1238041285979594752
1257394789596741632
1240126966356983811
1255227640086175745
1242325466234507264
1247867714384748544
1239651646025510914
1261835206530482176
1253551834066649089
1244057420394934273
1242152068392964099
1242324002640515072
1248869077155606529
1253552477858750466
1261906027299000325
1241537265794351105
1248400033881284608
1254430855205801985
1268749913640206336
1238219695234281473
1251666253871058944
1255336896508592128
1263121904132472837
1249379781830828032
1242326733241516037
1240748277831630850
1238267818119847936
1239742312269279233
1260948682435772416
1236376062780571648
1241784349562818561
1235075073821663232
1248014350670917633
1246511508864958464
1240518188804100096
1240128201038405634
1246879317914570752
1236048171983228928
1256725880488902656
1244090379172900864
1240822142893088770
1261688176235536386
1243428939676016640
1238305733986250761
1241811621820813312
1257118759287832576
1255318997563846658
1249457213241884672
1249599544477679620
1244778188074405888
1253556470722908160
1235625046384603137
1241795367764557824
1265860277053997059
1255320655815458819
1250907152119545856
1238131005963120640
1242558808536133634
1236469625463943168
1254151172249640965
1247643607223263232
1238169024497741825
1242595095439740928
1252565470495952896
1237073930583560192
1252670862131515392
1253862338182045696
1245130391700160512
1240473239324774403
1236503209042038785
1241540785641631745
1240121785544212482
1253550871104778240
1261353111576182784
1235745509295308801
1256395842455400450
1236423408851636224
1235768392474296322
1244776081111928832
1251242627258707968
1242581495539064833
1240559489033461766
1243404197652881408
1236101234769063937
1240815064023621634
1249429744849801216
1242138269799739402
1238133261668356096
1244843429676212224
1244028464987951109
1246292697112969217
1237534165211312128
1234986853603741696
1260292440096817152
1253419051616882690
1243624021721255945
1236498723657531393
1241433424520339456
1253375704701349888
1248595485952073731
1265830333657669636
1252336405948231686
1236113645324533760
1238877893352026112
1240590855380992000
1242323699769823232
1262912501039185923
1255654125519306753
1241963915711401985
1259966637865754624
1241432090991677441
1239761030428807172
1236106519080349696
1241129757112020994
1236861956822196225
1238239581335457794
1239056223019778048
1240733785970237440
1266971097095794690
1238294793739857920
1250613860299689984
1242240534896193538
1244806539027701761
1254481067706212357
1245201244576071681
1266741281063006208
1253064166828462080
1246701519010795520
1239998662194819072
1247801434688475137
1243979733366263808
1235779305206099968
1241623303707430912
1239731264640311298
1236549865410191360
1245459107416440832
1241612925355220992
1266534656976883713
1261467761621884929
1253449704668463105
1242548568323313664
1248071911063478273
1243776812678656004
1254197072921690112
1246931546763751424
1236767567777153024
1241432749266763776
1236011691449569280
1244077670758928385
1257750058981658629
1244539208972111872
1239079171902435328
1248758682067722240
1266828819798716417
1239649471190859776
1240394836039041024
1242972316658622465
1235671353149157376
1270183637699276800
1240015889069559808
1248353206205165568
1250259818004111360
1253016061839990784
1246523993378578432
1246870010619777024
1235778450679640064
1240125218103885825
1236813459066482688
1239003206446800902
1241133882637864960
1239057639113252864
1237477746617364481
1264090170350952449
1253054309895303168
1240063660942229504
1242203780961030144
1263745004557623296
1241234821302513664
1243756713636802563
1253469064539725825
1236477179279499264
1238181838281007105
1245230906635218944
1239938444643594242
1241723948917600256
1237275305389129729
1250223584632377344
1259591524188184576
1245479975949500416
1253133016362151936
1253696974370430978
1249555041473531908
1252287831860363267
1244858891491401728
1257042538852044800
1238254182139924480
1255360709338243073
1248809903516311552
1247498738152554496
1252003287450222598
1241179888079351809
1236102567978889216
1243717741430759425
1244103136383401986
1236550618530983936
1237994274353901569
1254560143263428610
1253258367125950464
1246870461432004616
1246286905706086402
1242637421260328960
1244779169415753729
1240727204486475776
1250509847235354626
1247921662323879936
1237849686767054855
1252361863716720647
1240552050024316928
1235955695981228034
1238180481151057921
1239322080119668736
1239818903573770240
1265081964102479875
1254538101931667461
1250852517610549248
1240548846188412934
1260450841204609026
1240018715778797568
1246881801156440064
1246642680286695424
1249428707220979714
1253768195124543488
1245853083977932800
1256859016346517504
1243345709568413698
1246591062988079104
1252125104500117504
1263259357489229825
1253197962655592448
1240059681453703168
1241408850286149632
1254926482960343040
1242285262522028034
1254205907182841856
1243948308550189057
1246285914705289219
1268624225499115520
1254529919427547136
1245532955310620672
1245580459926413312
1258395161492480001
1239354636235988997
1241262030562004993
1238115142656614402
1239055846853632000
1265469526361010176
1240111062927568897
1266136983891439616
1240446441832603648
1247507284810289153
1236119217570590720
1264932299520438273
1243433019634888706
1255271166970920961
1241793992850698241
1244901200333402112
1253767348034482176
1249434131642978304
1236901912923930624
1246577186238132224
1241930932749131778
1249165850311118852
1253484888050642946
1240122259769110529
1241181722357555206
1236400911439687680
1254312050500632577
1245359947811942400
1250503875821309952
1250541698976899074
1236858787404771329
1247241894100217856
1261834749489774592
1237986707074469888
