1244366314929610753
1254161112830021633
1257117873983688705
1241880797365374977
1242598848645775362
1237138166357917697
1245373041422499847
1252569191691030529
1246808667942518784
1255509571650695171
1247322781416652803
1252550241309655040
1243910249398112256
1252549272995803136
1264608039228801024
1257424305765449730
1245340380549259273
1263202832628551681
1263779704609345536
1247219898486579200
1238756747235471360
1250811491449745409
1250123770334937088
1245100645511835656
1246852416240222209
1240049267210887173
1260439255693889543
1238755788920958976
1257486315937021961
1236048073123598336
1238597529400377344
1243703953663107073
1244366799866671106
1241881574171344897
1252186386603655170
1252673553201315841
1259138648479608832
1265357061308776454
1238450964182466560
1239261622385946626
1246511596777717760
1239374493572911105
1249759023559311364
1242661449736032256
1255957325933838338
1245327983210041346
1258820145608372228
1253635656980598785
1246821970156683267
1238778963817832453
1243699933481492480
1245327904118059008
1252140940376096768
1236282019295965184
1252037664364204033
1256958446152417281
1242507766100561920
1251612572316565510
1254049287455084545
1243517063441920002
1255511055817682948
1247627113420767237
1237838927136018432
1256634470079266816
1250794778733817858
1251273398149398528
1249443802412191749
1260620945980624903
1244315221793046529
1258710729630384134
1255481802925527050
1245331790665068546
1256004101802020865
1238950779853160448
1249063897233084418
1243697920626642947
1245119473809608707
1238265770750197766
1243708781390966785
1240945475752206337
1249893909691617280
1245523060289163264
1249834280483684354
1250777591381921792
1246242702829723648
1257708396448448515
1247221530767036423
1255122874647576578
1259866955244343297
1237914458627981314
1257815365637324800
1247570635846340609
1257424306612641796
1244083309967220736
1244660594021670915
1244808037061312518
1260900994738577413
1235679438592856064
1263105743433035777
1237515008428273664
1250556222849286144
1236382522508021760
1257647571989860354
1241916920661790726
1246218056436768771
1250129670575722502
1256594948759134210
1257720370632720391
1240466538731311105
1254162735295799296
1249731256843198470
1237224204052938752
1251123772259741697
1238296404126285826
1236552727204974593
1249836964636958720
1265347927024828421
1240770339258404871
1247502265516281856
1255253327346008065
1238131199341727750
1257823365135585281
1242736830279188480
1239602813157720064
1237534490211176449
1264115864703565825
1235418252378923008
1261278303585001472
1244289531110719491
1262081501983842304
1243603033767976960
1245133850629595136
1237825690743046146
1253345424066437120
1246379393808846850
1241400225991921668
1242573232231890946
1248647505614639104
1238681181874540545
1246582773365825548
1260693635198324738
1249381625781260309
1248303656241414144
1253161135773270016
1253315689756135424
1253440771648339968
1239757611207098369
1246872717476929542
1240412510982995973
1250071618711367683
1265351257704800258
1250817885632630786
1259957945221218310
1251271611996614662
1237126037982633986
1262610391634509829
1257487874074828801
1256675628616736775
1265830183287828484
1238085498016534530
1238269264634810368
1252649790149722114
1242431346372476929
1235704432073093124
1248975023181791233
1250782213098082306
1264981148079448068
1255705071326822407
1239653471290261507
1237368565097005057
1238167991675760641
1237448401534496775
1250577827918950401
1250576735009210374
1237833737024528388
1245794897044615169
1238466516875706369
1239386362077470727
1259105713994989568
1258577317766541312
1244830129836249091
1237347069112848384
1246224469913468928
1241193943930474497
1257424304226041856
1240063129691840513
1252818580598517761
1263476878930849792
1240132889053999104
1238168553058164742
1235942806679687173
1249078563741016064
1240746256294645766
1250557468037373952
1240730194736013312
1241901794718072837
1244830164015550466
1242249422953754625
1241082353327517698
1237920275540463620
1250128925612806146
1238358231703072768
1256782282884558857
1239643168813076489
1248011121350434816
1248096804824023041
1245122964967825417
1252752795125583879
1244653266782359552
1252321030699442178
1255986460420968448
1238412020380295169
1249953423019200512
1246886640976527360
1255511918925746179
1243516714761048065
1253745481362157568
1241755816711131136
1260286821759619072
1253448837064208387
1239639688723476482
1244553441457983488
1242432373645590529
1251149438300504064
1240272298491469825
1251132532126617600
1243133119789707264
1246458622072295426
1262476517612937222
1240046741795332097
1244766986762158080
1253662511481663490
1252759821704667138
1240815524717748225
1250463989072609281
1256192885596307456
1244227617403871233
1259527524939436032
1252245157275217920
1237818804937375745
1237862897318891521
1247476021286391808
1250677372845785091
1242430628865413120
1237380578787368961
1244309892699172864
1254546972528324608
1246892340616323074
1246963305039704065
1243656166468734976
1241862044946698240
1239317847345639427
1255634446423928832
1263912783558725633
1247685498207907845
1236017185883119616
1249786699112239104
1238499304488292353
1263261025308213251
1252759066247659521
1239320613459759106
1252548381974638595
1254910740848357376
1246440079087882246
1242187553257783297
1244838032907345920
1268356905648488448
1253403379029676033
1247560278994190341
1244635657944928257
1237358886123966465
1235662951291355137
1251352250443800577
1239162661725708288
1254104441311170562
1252987573938671618
1242031907002560513
1247598984648105986
1253976339801157632
1238915840218718213
1261500856198979586
1262216610368163842
1242389303222730752
1237155715061555202
1235347775535157250
1253531129099018240
1254964291679240193
1259968358683983873
1242907648648937472
1259945354386161665
1240257690791804934
1256095693552455681
1244337856325341189
1247354153845784579
1237958782300426242
1238915974960689153
1253828108978999300
1238565515590881282
1235796313079496704
1240963915086995458
1258566412286799873
1237826244944769026
1248029293508255744
1245012885627195400
1253479273798807553
1248265448107511810
1250552902516703233
1238471264727171073
1241856868697419777
1248667607147872262
1269258928359170048
1243902637650608130
1252267451066257412
1257584252935385089
1246270190750498821
1237060892052815873
1251349833459392518
1252246062171111424
1246198852883025931
1238093350659555336
1245827127720673282
1236816358853218304
1248611048392765452
1243566638898851841
1235525813950431232
1243370699680403456
1246967442129248257
1253975980261195776
1239945495507865600
1242270121109999617
1243636634182209537
1257454566662189058
1243343641021689858
1246527457886429184
1248072149216243712
1251555943004979200
1236818673760952320
1260978611428962304
1264696642185420801
1253771359542525954
1239638111606452225
1244477852491415552
1244678389321084928
1244076057348669440
1247147480820649988
1253747983323222018
1259278345629503488
1247204768054984709
1241829900610408448
1238996210821869568
1247124352744787969
1247535034724048909
1259652542310555648
1238561844740141059
1235240739581329408
1251989607912222721
1243693363469131783
1245666195216498689
1247718726637686785
1240601921745977348
1250762740731392002
1260758814980276225
1248703190243180546
1239019111750959104
1244251430535548928
1242169706452262919
1245485581519519746
1252284903674298384
1255816320358236167
1259229858015707138
1240366075025514496
1244139428416819202
1250410390258888705
1248396824261480450
1239316588895055872
1250214741806583810
1263228371749736449
1248641089923407872
1248581649564041217
1241909008979693568
1256646077853417472
1256336931668979712
1258387834572021760
1241927740904873985
1263812693577936896
1243639653078532106
1259938566739722246
1245145569036771329
1238859850265878540
1267905697586515973
1240274374642589696
1258396680438845440
1245692419674386432
1254798585335631872
1248638225318653954
1235561910495588352
1238255685487464450
1251536459871465473
1263807353536774144
1255578112001060864
1256337731661119488
1256338152244998144
1253477329508204544
1260247654229061632
1254825940909092864
1236728028715200514
1266053108003680258
1246278376966500354
1255176248508252161
1241921051610820608
1245508261039804417
1247985261839110145
1236347354363682818
1264536935059595265
1243016724917768197
1246834239313715201
1249880516205195264
1237869239773442055
1247988322133315585
1253302288795537410
1240444447361548289
1249322391949492225
1235351420091719683
1243719782630916098
1247987860273233920
1245339315821035521
1250113553765470208
1239678062998040577
1238205972486766597
1253302289999245314
1254815366620078087
1256336402687516673
1256582138813722624
1241832341959577606
1254182075382497280
1254776716108509194
1242511004162023426
1256337295604506624
1260032319479414791
1269664516477980674
1237491344907612160
1245676007677464582
1251922122961805314
1255306407928311811
1238121048501096448
1243952833017372672
1259695615669387268
1256695194768101384
1238115495389380609
1253302288120233984
1244094012467937280
1251276605130977281
1236360567167778819
1244621951844433922
1235297489596616708
1245182168457981952
1252354874710257666
1253803774843510785
1264729735155929093
1258363935746600960
1245181124562870272
1242138533239894016
1238128183737757696
1245430614280544258
1269748516567597065
1239187757286727682
1242786319140622337
1252931718895611905
1253076134998216709
1246157397204307969
1238866430357110785
1245431615700062209
1239269025978421248
1240799110984335360
1250571963266809856
1254543634227134464
1269669934927417344
1245089042485649408
1240772324217020420
1237741654355988481
1264975639267983360
1266545600641880064
1248019315921543170
1240304840720502786
1246855217892777985
1239537846530252800
1239601098790506498
1241702631288049664
1241130219274227712
1239571757335445504
1237784715442126850
1244623218452897795
1247184981744668673
1243335436094910464
1240798893920698368
1241033404835135494
1245086529464217606
1242581791841665025
1260534598695563264
1250575138107596801
1245114211203678208
1267099386544259074
1253858406026424322
1237781137033920513
1260229833528881152
1244321587534462976
1247567740367441920
1262610751191166979
1262611989764935681
1246078193578258435
1263053426390446081
1251612109772918789
1242931483028971525
1239699222074732544
1253003514969763841
1241499765789122561
1243240141403181056
1236782576481841152
1262453499201232896
1244983815367426049
1240800815222267909
1257692051203858435
1240331341880844297
1243279879640166400
1241743157919920129
1252715899120951296
1258851736527212546
1242208627999547392
1245415111700996096
1241085545469657095
1247363185906237440
1239739399941865473
1258767801663324160
1255965406306668545
1255995445144424450
1238216604548284421
1242106837044006915
1248389050576166918
1245128586551603201
1260611632952217602
1241417067443761153
1237578278983962626
1240989089505181702
1237145421182623744
1242444159992070149
1251991881346662406
1262811703684870144
1238988904222654469
1259135401668812800
1267643388276486144
1248639989396770817
1236784631137079297
1239978525211463682
1240411965572280320
1244263594004549632
1248402880702205958
1259117045293121536
1242949788179595266
1260614862172041222
1244205595248427009
1260256142774673408
1237145886389649414
1263844869434417152
1248993867296276480
1243575781395173381
1237078684449665030
1253690876611739649
1243975344111132674
1238953916240400384
1259133348326375425
1236780468168724487
1257679615474221059
1258213762672340994
1242454867664388097
1254867928912211980
1257437495421218817
1238983434900582400
1247528730756395011
1257690232163532803
1243280618215084045
1255846326652358656
1245846981123035136
1247148503387770881
1263790116260233216
1243844378445131776
1236408782076416006
1263847078213693442
1260935293949087744
1244118090184605696
1243264678777815041
1249898552748380160
1235313456213000195
1249891977681940480
1250577138954223622
1253071419409403912
1258124142378917890
1243987440978755585
1240747383153201153
1238238526707245056
1252602544053989377
1242557692067053581
1250807848289869824
1260197758629228546
1260719147333320710
1236639018944802816
1249892951125364736
1259912744410718215
1261796637661450240
1249800028211773442
1238767101365583873
1269781996672335873
1243234661515616256
1248320796000505858
1253028887124217859
1246141159946088448
1245874487804997632
1248389522083045378
1258795357158465538
1236781409345376257
1245195933236842501
1258000462835585024
1247674226993172480
1247035935566499840
1249811809638506503
1243987246807748610
1250627100178087937
1251146748535308293
1254951899805163522
1247669651586387971
1244799693659549698
1245139355011895297
1263476285625548800
1252608258264707077
1255486040824897536
1237147338658938882
1260599988649943040
1240377282331541510
1255104405600428032
1253621657916358656
1258002469151485952
1254479552472125440
1241120928223899648
1240817843375083522
1245143077335060485
1239535528288104451
1249801347337269253
1238090807544033280
1243383461232234496
1253074537995960322
1259296553782689793
1235311602783662080
1250778212168318978
1256236851792355330
1239191380523655168
1250953412381937664
1237475865673510915
1256306337916391424
1266746245319741447
1262612053317083137
1262449137351626754
1250577692820484096
1243654154477801472
1249891927056678913
1260551834843963395
1245547442625536002
1241110841682022400
1252718946744012800
1237933124853604352
1239616930744602625
1255474185050230785
1245424099708583936
1239749633687064581
1253073244845936644
1259302027076788224
1242986644065726464
1238640318347698176
1247673212655173634
1248278486248304641
1238831468257959936
1247684429339901958
1236831218894876673
1253411909887352832
1245049871037587456
1265636658491412482
1237721990271832064
1245138277918703618
1244017099900702720
1246552330184638464
1239330971880755202
1235947651549589504
1250748487072993280
1255163218013626368
1241885071763591168
1243324921956229122
1242853230251565058
1240643570773696512
1254109375620435970
1258382542253817856
1256824840624930817
1240054439777574920
1242983640713383937
1244296842466246658
1248226847164424194
1242942408872144901
1246211227476516864
1237823570870513664
1251154996650864642
1237477786043977728
1237824424197398529
1240772373550374913
1254129812580577281
1245765843725754369
1250776072653766656
1246189416034578438
1267465704380542979
1268579812563615754
1248747453320486912
1246825398119342082
1260575181891948545
1245872753913233418
1250869338493640704
1255483422765715456
1237855511963291651
1239215984583598082
1240098470406565889
1260251989050605568
1259924861004251139
1258371915854553088
1255325281935675395
1267614454033907713
1258374733806145537
1252718672306716678
1253316188026912769
1250236324654743557
1244636862700040192
1249415156112728064
1249360927574626310
1243293105450897414
1246897955682037760
1254107760855220224
1256951768820350979
1250066861443686401
1241539310698008576
1243698912457867264
1240330201608916994
1252919233060786176
1235413943671287808
1250066677733167109
1241558628441763848
1240643041385463810
1240464997014220805
1238088953129033736
1241513638936154112
1245030987873972224
1244638070907043840
1238305615136665601
1244978622143791104
1239215854841204737
1256052824233906176
1250488265783889925
1242940710166376455
1262610885295722502
1243236177660055560
1257785362124062723
1250425650663444480
1241866767959494659
1246519891517202433
1243625121811750919
1250452001856643072
1250580242068123649
1256656943495741443
1257631208592363520
1246801796833607680
1255560556674715650
1237413094646824960
1244571973839138816
1256221947970666497
1239234086432112641
1235012386844807168
1244418345782345729
1239525616183119872
1250203275212849154
1257293527580622854
1248246683063877632
1258140450000683011
1257395240761266181
1246489682608824326
1241797096379990021
1237126687030206464
1237530293965164544
1246127690266169344
1260188748232511490
1236005516167376897
1259234767163273218
1240327286068523008
1237144979459448836
1237927142949826560
1246799866438639616
1249726506915565569
1238474797006405636
1234991785207717889
1260598746640977927
1244318225392979976
1247881295717425152
1242959837929103360
1244293789541380096
1243169443896856581
1237842118430752768
1258852124252930049
1237822445203206144
1249898849117908992
1254760138415788032
1256353033191120898
1238472162761113600
1247523785088978945
1266411938755612672
1249810180038103042
1237040238687596550
1236010459049922560
1267536253941096450
1267586363467223040
1246079288161513472
1250423586298314754
1258373899399696384
1253072151130845190
1257665456191737856
1261354341060866053
1245174473940242432
1245846055465467904
1239613507970183168
1240326937484185601
1245159698594238469
1255533148382822402
1248759783387250688
1245386297553883140
1257188901342642176
1240251751397277698
1241139424945152003
1243292293706272769
1255933260451983366
1246128801421164550
1240375553326231553
1260935951918006272
1248996679208120320
1245529523896147968
1244283656329400321
1254147745373454338
1237931596994527233
1242627552436461569
1241451195912331266
1259158402145681411
1259155092802080770
1264789005675134976
1244762609267740672
1248640981722857472
1268090885939646465
1248605702706380800
1241716034345807874
1263476496544522242
1250256686482362369
1242569590548369410
1237476739468722176
1255563941708804103
1244418698355642368
1247684873193697281
1240090795216179201
1244316785421234177
1261088388263936002
1239614275326488580
1238270628123357184
1252607450861182978
1257072088134889473
1248382446845882373
1245348975445770242
1240907492307197952
1240493797559189504
1262416129970102274
1241136204931891200
1241836953919766529
1247185937899163658
1248405065603248130
1258062175748399104
1255818294759653376
1251148687268429824
1239345832262086656
1242415105998028801
1261356017771851782
1239524346470817794
1250870514396073995
1262611060244320257
1247182221481578496
1255961770872766464
1237900959784804352
1254009891775221762
1252540890155008001
1261690403264307201
1248718928613965831
1262977484154458112
1260910556816515077
1247604320150999041
1251229868752285697
1259193403901960192
1241137660284018688
1244767632743596039
1256707777499664384
1259193731523149825
1250844788577964032
1240253844333957121
1246920004097933321
1248079742005325831
1237886255913787393
1258179038830571523
1250760488721530885
1257694234217455616
1247421742592724993
1242409828817022976
1237763333727666176
1255114666541490177
1246898115115958276
1246159986255892480
1245457822160171009
1252962655285006339
1260696419461206018
1243657529483280387
1244276738835783680
1250098259890241541
1237125616484433921
1246072860017295360
1255109455580213248
1242396060452093952
1241130035286814721
1252325258373332994
1258165535759568898
1259780804634345472
1240700004479586304
1259917886828826626
1235574718633295872
1265326227767918592
1252592925537681410
1246273067271237632
1250615669340745733
1238311446481641472
1252111951011905537
1238411851140038656
1252848583700692992
1237474397197406209
1260695876043001857
1261065514798977024
1235943003790983169
1247563926545539073
1253370956128673793
1236723878426226688
1246896640536932352
1265379344211415040
1242483312779833345
1235619251844767744
1240965962439983110
1252351316447227905
1237125247616327682
1237918865457393664
1244412579658727424
1241545223962013697
1238280832659468289
1235256598702022656
1247212353181057027
1244182297978515456
1248433689169555456
1260532296874110976
1258773502615838720
1260961899409215496
1252374787885694976
1241699977795002369
1237824621728206848
1251576691778113537
1240086146572595200
1250058061043073028
1240918059717664768
1250863221990359040
1247712875961110530
1255840389266841600
1254010276451627008
1251867254108585984
1249121941434380291
1253094595019386880
1245831766184689665
1255577360826544129
1251204104262729730
1242819422999531522
1247214473921941504
1260909537399365638
1260843110306770944
1242906315879583745
1262188404831408130
1249726077955641345
1248970570575773696
1257691457873424386
1244040152944705537
1238524831324426240
1245878456895881219
1248417666466902018
1248321793485660165
1254961105333563397
1245155608405381123
1251589868981047296
1250489539493330944
1237100622626926592
1237100722786906112
1241501134503755818
1258769526579179522
1247188753132724224
1252335687568953345
1257452773127454722
1239021443456937986
1259908157578584065
1259156394122641410
1237156286564839424
1248606585544417280
1241133422329901056
1240429282205319168
1260716433115414535
1238065660736962560
1247527501917589510
1257800899659005953
1248391249125502976
1241117483798532101
1241005656221548545
1237825817998172160
1235885575888162816
1235257933249875969
1255839420428713986
1240703895963222016
1237924577415757825
1237038596315586560
1250569256032501767
1263258551239221248
1242199264354340865
1258767027877134336
1247899387499433985
1257372238531133441
1252959321261998080
1240408713942441994
1241004864903184384
1238091566654291972
1245390860608581632
1246170421478785025
1261007216037027843
1249788454474584066
1258733355656413184
1248058956670525441
1255124439404068866
1240473059330531329
1245401623213588482
1248699513172299783
1259416577038077952
1247137489351049219
1245403267875704832
1260912025724694530
1260913240344793089
1251490706138566658
1266481837620236293
1265430570835816451
1246563800423292930
1259947835925172224
1239533132015075328
1246942793450192896
1255903626092036096
1255904890750107648
1260118979575713793
1248626033424654344
1239291812503748616
1243299917113761795
1269639736034910209
1240080301096927235
1235663780694159374
1243155103089070080
1255251406874959874
1259152833129086978
1260915322305097728
1259211527447433216
1264508066097217536
1239011441589526535
1249669852220055556
1244393663544901635
1243579330824933383
1259506033950707714
1253121560484945920
1239696018582777856
1246567212556615680
1242933908293005319
1261600689006018562
1258181977318068225
1242817172038172674
1251220682807169026
1256603629932417024
1248284692434038784
1246285775043473410
1243521774177914880
1251488688493731842
1264383522036486144
1238251307758243841
1244708479551647745
1246356702758395904
1236056152754065408
1240816886998319105
1256567645593354240
1243972044880052225
1261005995356061696
1251648669201375232
1247715428861980675
1261147278053715968
1255308137353154560
1243659469910945792
1270472729054064641
1237912321005158401
1253332525180612615
1263048513170092032
1239005392690085888
1264571887721558018
1240409195951738881
1241501175888908288
1246461825530593281
1246458536382672900
1235256954953531393
1241483425409835008
1260343845792997377
1240253785773150212
1259830064470020096
1245028501125726212
1240348907416236036
1242935615114620929
1241153695947112448
1241063860179779584
1238074285220077568
1257111462402719746
1260242309733548038
1251322002654314496
1238574993681920000
1245146031928549377
1250853235797250054
1251667328732889089
1242239444528304130
1245057341164261376
1265600531214544896
1252780666271535104
1247271343948730368
1235959778154876929
1253281974258675712
1245786101845045249
1248664558203478017
1256211222741037056
1246252250470789121
1260697223446355969
1245145355139899404
1236297475847327745
1261057823582171138
1243658207890944006
1238177868628271111
1254824937224880128
1236734383773663236
1245680226861973505
1254822889179746305
1251584840585134081
1247350522610360322
1251954812578603008
1236731900565356545
1236820356943482880
1248668385019408385
1250188451477172224
1260968145726115840
1247530226822701062
1238707482073206784
1238179193550262275
1268993713822457858
1243611569499578369
1252954851392323584
1252955693608558593
1252977988712443905
1235644494969802752
1247531165449203716
1241830298826018816
1245461177414619140
1250787642922479616
1245055951880716288
1250468522444173312
1239797040193982464
1250545569606569985
1260348889439354880
1247211822891048964
1251558165885394945
1239185915358175232
1253529149332914181
1252251028893962243
1240648107832082432
1246545508803457025
1247957848560209921
1261850786797101059
1238994744811937792
1239221221486706689
1247191734133624834
1243576545828057091
1252937807825338368
1244707543592689664
1255491267791859713
1244985111138971648
1259845298450583555
1245513588258885635
1240103412307570688
1264311963418374144
1238844547729367042
1248558761696014336
1242171748251992065
1236443084185120769
1240646188011065345
1249350320649572352
1243232421451046912
1251922519348609024
1247873191311216644
1253112029579182080
1256567914825736199
1249306601426747396
1240454797767172097
1248395783499427845
1238834658445582336
1241169029282304000
1236295243168956417
1236296292546031616
1242616008721854464
1252622528394211329
1241062090942681090
1246637244745646080
1241065243981291520
1259173615326683136
1246279307955142662
1239635721641775104
1269336205839273985
1246467114619240448
1246464598124920833
1256293513278390278
1236332322473025542
1259830661919248384
1239924146659905539
1263828275807293445
1246847141106065409
1258387949684772871
1250889847214137360
1246448005743554561
1264718336103010304
1250174640699379712
1247207476841324544
1253692695110959107
1248638051095625730
1249906468272431104
1246972241184796673
1257866808717193216
1263549443611246595
1240314368287543297
1244746128677122048
1239018958084288512
1247149105375252480
1247925130224979970
1238119422264594432
1257450506991161345
1250041706113892353
1251545696584511489
1248284929290579968
1252362402252767236
1269645314593558528
1246621531163197443
1259831665565843457
1246252902232006663
1238477245989244935
1255487616008544260
1250038974229499906
1268196781160042496
1237843104742268931
1255486500537499650
1258181081519570944
1255490877054758912
1236097886124994560
1256604032313053184
1263464133766365191
1251922364377575425
1250037745688416261
1240250555194368005
1243351463679668224
1255490002085195776
1238630996611923968
1243663761807998977
1236298366952394752
1247874154222825473
1255444785495711744
1260226188699672576
1240101410328457216
1237493209456168965
1248071379636846598
1245054085566513162
1245052878668136448
1245499747651203072
1238114331075756040
1237918120821604360
1261147274597580800
1255127493385822209
1248287009325621248
1238990434875125760
1239715890549141506
1242873243972898817
1237795902582075394
1244745657446957058
1239281118395990017
1257752436439212032
1252348549221584897
1238190333642539012
1241038853311467521
1241061289092419589
1241066108444082178
1249085119551471617
1259148766260715525
1241068780324708352
1255182601951817736
1240407758199050240
1260999772175024129
1247347002704375809
1249781521629708295
1238538465328930817
1250040444773453825
1250894176130039809
1243990028415578116
1252698707298070528
1247144453309190147
1248122842014781440
1252446949573345285
1238191779360407552
1266131526904950788
1260231970371637248
1244563385812946945
1265602085300645888
1246562718083100674
1243848511285854208
1235295793780846595
1245703805821427712
1253328205005459458
1256015217743536129
1243313482457583618
1245985809276207106
1237488949389598722
1241607026322669568
1241606303845318656
1251919542298828803
1243351850474188811
1263136187084087296
1237497556034355200
1247138440652742656
1252698774746607617
1238980197443088384
1245879230690443265
1243991345829642240
1249786291186741248
1237561386990886912
1236358088107724801
1238851301984940032
1236358500957204480
1244621328008851457
1245677721709170688
1237903969348968448
1261119692695121920
1259700571537276928
1241604478614278146
1258034428753915909
1239281457773903874
1245672432721166336
1236357373289168896
1241090427433947136
1253757909714046976
1255577052285198336
1260596028182593536
1262151854697394176
1238816079557918720
1270039842689335298
1234924897031335939
1245756540453359616
1246081268321787904
1258091046812225536
1249193031363899393
1237460880809476097
1253729900168650759
1244754076044328963
1256260387315613696
1234924177666301952
1242143583362310144
1245758054785789952
1245759478005465094
1264505757095124993
1264507307121139712
1252569191691030529
1251612572316565510
1247221530767036423
1245340380549259273
1257815365637324800
1242661449736032256
1246821970156683267
1245373041422499847
1245119473809608707
1240049267210887173
1246852416240222209
1260900994738577413
1238950779853160448
1257424306612641796
1243910249398112256
1237914458627981314
1265357061308776454
1250123770334937088
1245100645511835656
1252549272995803136
1241880797365374977
1258710729630384134
1238778963817832453
1236282019295965184
1253635656980598785
1247322781416652803
1239374493572911105
1255122874647576578
1247627113420767237
1245327983210041346
1243708781390966785
1239261622385946626
1254049287455084545
1242507766100561920
1244808037061312518
1256958446152417281
1246242702829723648
1252140940376096768
1238450964182466560
1251273398149398528
1256004101802020865
1257486315937021961
1243699933481492480
1255509571650695171
1263105743433035777
1243517063441920002
1252037664364204033
1249893909691617280
1252673553201315841
1255957325933838338
1245327904118059008
1264608039228801024
1238597529400377344
1249834280483684354
1244366314929610753
1258820145608372228
1238755788920958976
1250777591381921792
1235679438592856064
1246808667942518784
1249063897233084418
1244315221793046529
1263779704609345536
1243697920626642947
1244366799866671106
1259138648479608832
1244083309967220736
1242598848645775362
1255511055817682948
1250811491449745409
1257117873983688705
1260439255693889543
1245331790665068546
1238265770750197766
1247219898486579200
1246511596777717760
1237138166357917697
1244660594021670915
1252186386603655170
1236048073123598336
1252550241309655040
1250794778733817858
1249443802412191749
1256634470079266816
1243703953663107073
1245523060289163264
1241881574171344897
1238756747235471360
1255481802925527050
1259866955244343297
1249759023559311364
1237838927136018432
1247570635846340609
1257708396448448515
1254161112830021633
1263202832628551681
1260620945980624903
1237515008428273664
1240945475752206337
1257424305765449730
1264981148079448068
1238167991675760641
1237825690743046146
1237920275540463620
1248303656241414144
1237833737024528388
1257720370632720391
1235942806679687173
1246224469913468928
1238466516875706369
1252818580598517761
1257487874074828801
1257823365135585281
1263476878930849792
1245794897044615169
1249731256843198470
1242431346372476929
1240746256294645766
1246872717476929542
1255705071326822407
1244289531110719491
1249381625781260309
1238085498016534530
1235418252378923008
1240412510982995973
1261278303585001472
1253345424066437120
1252649790149722114
1249836964636958720
1236552727204974593
1250071618711367683
1240770339258404871
1250782213098082306
1237534490211176449
1237347069112848384
1240466538731311105
1262610391634509829
1237368565097005057
1255253327346008065
1239757611207098369
1241400225991921668
1253315689756135424
1259957945221218310
1264115864703565825
1238296404126285826
1265351257704800258
1259105713994989568
1235704432073093124
1257647571989860354
1249078563741016064
1250817885632630786
1239653471290261507
1246379393808846850
1258577317766541312
1265830183287828484
1256594948759134210
1250577827918950401
1250576735009210374
1244830164015550466
1238168553058164742
1250129670575722502
1241916920661790726
1248647505614639104
1237448401534496775
1242573232231890946
1241082353327517698
1243603033767976960
1238131199341727750
1260693635198324738
1241901794718072837
1239602813157720064
1251271611996614662
1248975023181791233
1242249422953754625
1241193943930474497
1265347927024828421
1257424304226041856
1240132889053999104
1238681181874540545
1250557468037373952
1251123772259741697
1244830129836249091
1246218056436768771
1246582773365825548
1237224204052938752
1238269264634810368
1237126037982633986
1253161135773270016
1254162735295799296
1240063129691840513
1253440771648339968
1250556222849286144
1239386362077470727
1236382522508021760
1240730194736013312
1245133850629595136
1256675628616736775
1242736830279188480
1247502265516281856
1262081501983842304
1246963305039704065
1242187553257783297
1253531129099018240
1237155715061555202
1248096804824023041
1242031907002560513
1245122964967825417
1250677372845785091
1246440079087882246
1235347775535157250
1253745481362157568
1252759821704667138
1237358886123966465
1239317847345639427
1247560278994190341
1259968358683983873
1253662511481663490
1263261025308213251
1259527524939436032
1244309892699172864
1251352250443800577
1251149438300504064
1244635657944928257
1240272298491469825
1244227617403871233
1242432373645590529
1244337856325341189
1242430628865413120
1240815524717748225
1252321030699442178
1256192885596307456
1246458622072295426
1248011121350434816
1241755816711131136
1244653266782359552
1239320613459759106
1261500856198979586
1237958782300426242
1256782282884558857
1244766986762158080
1254104441311170562
1253828108978999300
1253403379029676033
1237380578787368961
1255634446423928832
1235662951291355137
1239639688723476482
1263912783558725633
1238915974960689153
1239162661725708288
1262216610368163842
1243516714761048065
1247598984648105986
1260286821759619072
1255986460420968448
1254910740848357376
1255511918925746179
1253976339801157632
1238565515590881282
1254964291679240193
1252987573938671618
1250463989072609281
1240963915086995458
1251132532126617600
1249786699112239104
1256095693552455681
1246892340616323074
1238412020380295169
1239643168813076489
1238915840218718213
1237862897318891521
1259945354386161665
1254546972528324608
1238358231703072768
1241862044946698240
1237818804937375745
1242389303222730752
1262476517612937222
1243133119789707264
1268356905648488448
1240046741795332097
1244553441457983488
1252752795125583879
1252245157275217920
1252548381974638595
1247476021286391808
1247354153845784579
1247685498207907845
1246886640976527360
1236017185883119616
1235796313079496704
1243656166468734976
1240257690791804934
1238499304488292353
1253448837064208387
1244838032907345920
1250128925612806146
1252759066247659521
1242907648648937472
1249953423019200512
1251989607912222721
1245827127720673282
1263812693577936896
1244477852491415552
1240274374642589696
1235561910495588352
1251555943004979200
1250762740731392002
1235525813950431232
1267905697586515973
1256336931668979712
1244251430535548928
1240366075025514496
1259278345629503488
1245145569036771329
1248581649564041217
1258387834572021760
1241856868697419777
1239945495507865600
1255816320358236167
1238996210821869568
1252246062171111424
1252284903674298384
1251536459871465473
1247535034724048909
1251349833459392518
1240601921745977348
1250410390258888705
1242270121109999617
1244139428416819202
1257454566662189058
1250214741806583810
1263807353536774144
1238859850265878540
1247204768054984709
1248029293508255744
1253747983323222018
1247147480820649988
1245692419674386432
1260978611428962304
1244076057348669440
1246198852883025931
1246527457886429184
1238255685487464450
1237826244944769026
1250552902516703233
1260758814980276225
1245485581519519746
1239638111606452225
1243343641021689858
1255578112001060864
1243693363469131783
1248072149216243712
1269258928359170048
1241909008979693568
1243636634182209537
1258566412286799873
1258396680438845440
1248611048392765452
1241829900610408448
1245666195216498689
1236816358853218304
1239019111750959104
1253771359542525954
1259652542310555648
1253479273798807553
1263228371749736449
1248396824261480450
1243902637650608130
1248641089923407872
1244678389321084928
1238471264727171073
1246270190750498821
1248265448107511810
1247124352744787969
1259229858015707138
1248667607147872262
1248638225318653954
1235240739581329408
1243370699680403456
1238561844740141059
1248703190243180546
1254798585335631872
1253975980261195776
1252267451066257412
1264696642185420801
1242169706452262919
1246967442129248257
1247718726637686785
1243566638898851841
1243639653078532106
1237060892052815873
1236818673760952320
1238093350659555336
1257584252935385089
1239316588895055872
1241927740904873985
1256646077853417472
1259938566739722246
1245012885627195400
1260534598695563264
1238128183737757696
1235297489596616708
1238205972486766597
1264536935059595265
1241702631288049664
1250575138107596801
1250571963266809856
1253803774843510785
1245089042485649408
1243016724917768197
1243719782630916098
1258363935746600960
1239269025978421248
1246157397204307969
1239601098790506498
1247985261839110145
1246834239313715201
1242138533239894016
1249322391949492225
1239187757286727682
1247988322133315585
1259695615669387268
1245430614280544258
1240444447361548289
1245339315821035521
1260247654229061632
1237784715442126850
1252931718895611905
1264975639267983360
1255306407928311811
1240772324217020420
1239678062998040577
1235351420091719683
1242786319140622337
1245431615700062209
1236347354363682818
1269669934927417344
1245508261039804417
1246278376966500354
1236360567167778819
1254825940909092864
1245086529464217606
1242581791841665025
1253076134998216709
1241130219274227712
1236728028715200514
1244621951844433922
1245182168457981952
1237491344907612160
1251276605130977281
1255176248508252161
1241033404835135494
1256337295604506624
1238115495389380609
1266053108003680258
1242511004162023426
1256582138813722624
1256336402687516673
1269748516567597065
1250113553765470208
1240798893920698368
1241832341959577606
1245676007677464582
1240304840720502786
1269664516477980674
1256337731661119488
1238121048501096448
1249880516205195264
1247987860273233920
1237741654355988481
1248019315921543170
1254182075382497280
1253302288120233984
1239571757335445504
1254815366620078087
1264729735155929093
1238866430357110785
1244623218452897795
1256338152244998144
1237869239773442055
1260032319479414791
1239537846530252800
1254543634227134464
1246855217892777985
1241921051610820608
1243335436094910464
1245181124562870272
1253477329508204544
1240799110984335360
1256695194768101384
1251922122961805314
1266545600641880064
1243952833017372672
1253302289999245314
1244094012467937280
1247184981744668673
1254776716108509194
1253302288795537410
1252354874710257666
1260229833528881152
1237145421182623744
1255846326652358656
1242208627999547392
1237145886389649414
1235313456213000195
1251991881346662406
1240331341880844297
1257679615474221059
1245846981123035136
1247148503387770881
1240747383153201153
1244118090184605696
1245114211203678208
1263844869434417152
1245415111700996096
1248639989396770817
1249891977681940480
1253690876611739649
1244205595248427009
1243975344111132674
1247567740367441920
1244263594004549632
1243844378445131776
1239978525211463682
1237781137033920513
1243240141403181056
1249898552748380160
1267099386544259074
1258213762672340994
1263790116260233216
1260256142774673408
1242106837044006915
1257437495421218817
1248389050576166918
1257690232163532803
1241417067443761153
1257692051203858435
1248993867296276480
1239739399941865473
1253858406026424322
1243264678777815041
1240411965572280320
1260611632952217602
1267643388276486144
1243280618215084045
1243279879640166400
1245128586551603201
1242931483028971525
1238953916240400384
1238216604548284421
1259133348326375425
1247363185906237440
1237578278983962626
1263053426390446081
1255965406306668545
1236782576481841152
1259117045293121536
1254867928912211980
1252715899120951296
1255995445144424450
1263847078213693442
1259135401668812800
1236408782076416006
1238238526707245056
1241085545469657095
1242949788179595266
1236784631137079297
1239699222074732544
1237078684449665030
1248402880702205958
1250577138954223622
1260935293949087744
1247528730756395011
1242454867664388097
1258851736527212546
1246078193578258435
1262610751191166979
1251612109772918789
1262453499201232896
1238988904222654469
1244983815367426049
1244321587534462976
1243575781395173381
1241743157919920129
1258767801663324160
1236780468168724487
1262611989764935681
1241499765789122561
1252602544053989377
1240800815222267909
1240989089505181702
1258124142378917890
1253071419409403912
1242444159992070149
1260614862172041222
1238983434900582400
1253003514969763841
1243987440978755585
1262811703684870144
1247673212655173634
1237721990271832064
1258795357158465538
1262612053317083137
1260197758629228546
1258000462835585024
1253621657916358656
1244017099900702720
1249811809638506503
1236781409345376257
1243987246807748610
1253411909887352832
1263476285625548800
1253028887124217859
1247669651586387971
1238767101365583873
1235311602783662080
1245049871037587456
1238090807544033280
1239330971880755202
1241110841682022400
1241885071763591168
1239749633687064581
1251146748535308293
1250627100178087937
1248278486248304641
1249892951125364736
1255163218013626368
1243383461232234496
1246141159946088448
1254951899805163522
1256824840624930817
1245195933236842501
1247674226993172480
1245143077335060485
1237475865673510915
1245547442625536002
1239535528288104451
1250778212168318978
1256236851792355330
1259912744410718215
1269781996672335873
1236639018944802816
1252608258264707077
1250577692820484096
1235947651549589504
1259296553782689793
1237147338658938882
1255104405600428032
1249801347337269253
1237933124853604352
1242853230251565058
1243654154477801472
1240817843375083522
1255486040824897536
1260551834843963395
1258382542253817856
1258002469151485952
1247684429339901958
1266746245319741447
1240643570773696512
1242986644065726464
1254109375620435970
1241120928223899648
1247035935566499840
1238640318347698176
1253074537995960322
1250807848289869824
1248320796000505858
1239616930744602625
1245424099708583936
1243324921956229122
1242557692067053581
1254479552472125440
1253073244845936644
1248389522083045378
1262449137351626754
1246552330184638464
1238831468257959936
1260719147333320710
1243234661515616256
1250953412381937664
1249800028211773442
1245139355011895297
1245874487804997632
1250748487072993280
1259302027076788224
1256306337916391424
1240054439777574920
1245138277918703618
1255474185050230785
1240377282331541510
1236831218894876673
1252718946744012800
1249891927056678913
1261796637661450240
1244799693659549698
1265636658491412482
1260599988649943040
1239191380523655168
1235012386844807168
1238088953129033736
1267465704380542979
1260575181891948545
1239215854841204737
1241866767959494659
1246799866438639616
1237530293965164544
1258140450000683011
1237855511963291651
1245030987873972224
1257631208592363520
1250869338493640704
1243698912457867264
1249726506915565569
1250203275212849154
1256221947970666497
1240327286068523008
1241513638936154112
1257293527580622854
1237413094646824960
1253316188026912769
1260251989050605568
1246127690266169344
1256052824233906176
1248747453320486912
1254129812580577281
1235413943671287808
1241558628441763848
1246801796833607680
1240464997014220805
1250580242068123649
1240098470406565889
1255560556674715650
1267614454033907713
1243236177660055560
1237927142949826560
1236005516167376897
1245765843725754369
1257395240761266181
1237144979459448836
1239234086432112641
1250425650663444480
1251154996650864642
1239215984583598082
1240772373550374913
1238305615136665601
1244638070907043840
1237824424197398529
1242942408872144901
1246189416034578438
1244296842466246658
1250066861443686401
1238474797006405636
1246519891517202433
1252919233060786176
1245872753913233418
1250776072653766656
1248246683063877632
1244978622143791104
1237823570870513664
1250236324654743557
1250452001856643072
1256951768820350979
1246825398119342082
1259924861004251139
1242940710166376455
1255483422765715456
1240330201608916994
1249415156112728064
1254107760855220224
1258374733806145537
1244636862700040192
1262610885295722502
1249360927574626310
1243625121811750919
1242983640713383937
1241539310698008576
1241797096379990021
1248226847164424194
1244418345782345729
1258371915854553088
1243293105450897414
1252718672306716678
1257785362124062723
1255325281935675395
1246897955682037760
1246489682608824326
1239525616183119872
1256656943495741443
1246211227476516864
1237477786043977728
1250488265783889925
1250066677733167109
1244571973839138816
1259234767163273218
1260188748232511490
1237126687030206464
1240643041385463810
1268579812563615754
1259155092802080770
1245348975445770242
1249898849117908992
1247684873193697281
1238472162761113600
1244283656329400321
1244318225392979976
1266411938755612672
1268090885939646465
1261690403264307201
1244316785421234177
1247182221481578496
1241451195912331266
1246079288161513472
1264789005675134976
1238270628123357184
1261356017771851782
1262611060244320257
1245174473940242432
1254760138415788032
1253072151130845190
1247523785088978945
1244418698355642368
1237040238687596550
1236010459049922560
1241139424945152003
1240493797559189504
1239613507970183168
1244762609267740672
1248605702706380800
1255563941708804103
1250256686482362369
1267536253941096450
1248405065603248130
1237842118430752768
1260935951918006272
1242415105998028801
1262977484154458112
1240907492307197952
1237900959784804352
1255818294759653376
1237476739468722176
1251148687268429824
1250423586298314754
1240375553326231553
1261088388263936002
1246128801421164550
1258373899399696384
1244293789541380096
1242627552436461569
1237822445203206144
1243169443896856581
1252607450861182978
1241836953919766529
1240326937484185601
1255533148382822402
1243292293706272769
1241136204931891200
1242569590548369410
1247881295717425152
1248382446845882373
1248759783387250688
1241716034345807874
1254147745373454338
1267586363467223040
1259158402145681411
1248996679208120320
1239345832262086656
1255933260451983366
1254009891775221762
1248640981722857472
1257188901342642176
1260910556816515077
1260598746640977927
1250870514396073995
1252540890155008001
1258852124252930049
1242959837929103360
1234991785207717889
1239524346470817794
1240251751397277698
1245846055465467904
1263476496544522242
1256353033191120898
1257072088134889473
1248718928613965831
1247185937899163658
1247604320150999041
1261354341060866053
1240090795216179201
1262416129970102274
1237931596994527233
1245386297553883140
1245529523896147968
1258062175748399104
1257665456191737856
1255961770872766464
1245159698594238469
1239614275326488580
1249810180038103042
1259917886828826626
1248079742005325831
1235574718633295872
1251867254108585984
1265379344211415040
1246072860017295360
1247563926545539073
1246896640536932352
1260843110306770944
1246898115115958276
1251204104262729730
1258773502615838720
1242483312779833345
1240965962439983110
1248417666466902018
1242409828817022976
1237918865457393664
1258165535759568898
1238280832659468289
1238524831324426240
1245831766184689665
1259780804634345472
1260532296874110976
1256707777499664384
1240253844333957121
1249121941434380291
1250863221990359040
1265326227767918592
1250760488721530885
1247712875961110530
1243657529483280387
1249726077955641345
1253094595019386880
1244182297978515456
1254010276451627008
1247421742592724993
1235943003790983169
1236723878426226688
1244767632743596039
1247214473921941504
1251229868752285697
1253370956128673793
1252374787885694976
1241545223962013697
1260695876043001857
1261065514798977024
1262188404831408130
1258179038830571523
1252962655285006339
1246273067271237632
1247212353181057027
1245457822160171009
1242906315879583745
1259193731523149825
1238311446481641472
1251576691778113537
1260961899409215496
1255109455580213248
1241137660284018688
1255840389266841600
1259193403901960192
1252325258373332994
1252111951011905537
1244040152944705537
1237886255913787393
1235619251844767744
1252351316447227905
1250058061043073028
1241130035286814721
1250098259890241541
1246159986255892480
1237125616484433921
1237763333727666176
1252592925537681410
1255577360826544129
1242819422999531522
1248433689169555456
1250615669340745733
1235256598702022656
1237125247616327682
1255114666541490177
1240086146572595200
1240918059717664768
1248970570575773696
1242396060452093952
1238411851140038656
1257691457873424386
1244412579658727424
1252848583700692992
1240700004479586304
1237824621728206848
1241699977795002369
1250844788577964032
1237474397197406209
1246920004097933321
1244276738835783680
1260696419461206018
1257694234217455616
1260909537399365638
1245878456895881219
1250489539493330944
1260716433115414535
1245403267875704832
1237038596315586560
1239011441589526535
1248699513172299783
1237156286564839424
1242199264354340865
1253121560484945920
1259947835925172224
1249788454474584066
1257372238531133441
1239291812503748616
1246563800423292930
1235663780694159374
1242933908293005319
1255251406874959874
1237825817998172160
1245390860608581632
1242817172038172674
1248058956670525441
1239696018582777856
1243155103089070080
1251488688493731842
1259506033950707714
1260118979575713793
1241133422329901056
1240473059330531329
1255124439404068866
1248606585544417280
1259908157578584065
1259416577038077952
1247527501917589510
1264508066097217536
1235257933249875969
1259211527447433216
1243521774177914880
1241004864903184384
1254961105333563397
1240080301096927235
1269639736034910209
1241501134503755818
1246285775043473410
1249669852220055556
1248391249125502976
1246942793450192896
1260915322305097728
1248321793485660165
1258181977318068225
1260912025724694530
1246567212556615680
1261007216037027843
1241005656221548545
1240429282205319168
1263258551239221248
1243579330824933383
1258769526579179522
1239021443456937986
1245401623213588482
1264383522036486144
1261600689006018562
1237924577415757825
1260913240344793089
1255904890750107648
1259152833129086978
1245155608405381123
1235885575888162816
1266481837620236293
1240703895963222016
1251589868981047296
1265430570835816451
1237100622626926592
1241117483798532101
1247899387499433985
1252335687568953345
1255903626092036096
1252959321261998080
1251490706138566658
1239533132015075328
1250569256032501767
1238065660736962560
1258767027877134336
1238091566654291972
1257452773127454722
1258733355656413184
1237100722786906112
1259156394122641410
1244393663544901635
1255839420428713986
1243299917113761795
1246170421478785025
1238251307758243841
1247137489351049219
1251220682807169026
1257800899659005953
1247188753132724224
1256603629932417024
1240408713942441994
1248284692434038784
1248626033424654344
1254822889179746305
1251648669201375232
1254824937224880128
1261005995356061696
1243576545828057091
1238994744811937792
1263048513170092032
1247271343948730368
1250787642922479616
1247211822891048964
1259830064470020096
1245146031928549377
1251584840585134081
1242239444528304130
1236297475847327745
1240409195951738881
1243658207890944006
1252955693608558593
1268993713822457858
1251558165885394945
1256211222741037056
1251667328732889089
1243659469910945792
1245786101845045249
1242935615114620929
1241483425409835008
1241153695947112448
1243972044880052225
1252780666271535104
1244708479551647745
1239005392690085888
1247531165449203716
1246458536382672900
1248664558203478017
1240816886998319105
1250853235797250054
1255308137353154560
1270472729054064641
1236056152754065408
1245680226861973505
1257111462402719746
1245057341164261376
1239797040193982464
1240253785773150212
1260968145726115840
1235256954953531393
1246252250470789121
1245028501125726212
1245145355139899404
1236731900565356545
1247191734133624834
1250468522444173312
1238179193550262275
1256567645593354240
1236734383773663236
1243611569499578369
1241830298826018816
1247530226822701062
1251322002654314496
1246545508803457025
1251954812578603008
1265600531214544896
1240648107832082432
1238177868628271111
1238074285220077568
1260697223446355969
1252954851392323584
1250545569606569985
1247350522610360322
1261147278053715968
1246461825530593281
1240348907416236036
1248668385019408385
1252251028893962243
1247957848560209921
1253281974258675712
1253332525180612615
1260343845792997377
1235644494969802752
1250188451477172224
1260348889439354880
1239185915358175232
1236820356943482880
1261057823582171138
1252977988712443905
1246356702758395904
1245055951880716288
1241063860179779584
1241501175888908288
1261850786797101059
1247715428861980675
1237912321005158401
1245461177414619140
1264571887721558018
1239221221486706689
1238574993681920000
1238707482073206784
1260242309733548038
1253529149332914181
1235959778154876929
1269645314593558528
1241065243981291520
1259830661919248384
1259831665565843457
1238844547729367042
1249306601426747396
1260226188699672576
1251922519348609024
1245499747651203072
1248638051095625730
1263549443611246595
1236443084185120769
1250889847214137360
1238114331075756040
1268196781160042496
1236097886124994560
1259173615326683136
1238834658445582336
1247873191311216644
1244985111138971648
1243663761807998977
1240103412307570688
1246448005743554561
1239635721641775104
1239924146659905539
1246972241184796673
1250037745688416261
1245052878668136448
1242616008721854464
1240250555194368005
1255490002085195776
1247874154222825473
1256604032313053184
1251545696584511489
1239018958084288512
1237843104742268931
1240646188011065345
1246637244745646080
1244707543592689664
1252622528394211329
1238477245989244935
1255490877054758912
1236298366952394752
1250038974229499906
1237918120821604360
1248071379636846598
1269336205839273985
1245513588258885635
1255486500537499650
1240454797767172097
1240314368287543297
1249906468272431104
1263464133766365191
1258387949684772871
1247925130224979970
1238630996611923968
1237493209456168965
1255487616008544260
1251922364377575425
1244746128677122048
1250041706113892353
1259845298450583555
1252937807825338368
1253692695110959107
1255444785495711744
1240101410328457216
1256567914825736199
1236295243168956417
1246464598124920833
1258181081519570944
1236332322473025542
1241062090942681090
1263828275807293445
1243351463679668224
1253112029579182080
1242171748251992065
1247207476841324544
1247149105375252480
1248395783499427845
1264311963418374144
1246621531163197443
1257450506991161345
1246467114619240448
1250174640699379712
1264718336103010304
1246847141106065409
1248558761696014336
1248284929290579968
1252362402252767236
1243232421451046912
1249350320649572352
1255491267791859713
1256293513278390278
1246279307955142662
1245054085566513162
1238119422264594432
1241169029282304000
1257866808717193216
1236296292546031616
1246252902232006663
1253328205005459458
1237795902582075394
1247347002704375809
1241061289092419589
1236357373289168896
1239281457773903874
1243848511285854208
1242143583362310144
1248287009325621248
1245756540453359616
1252698774746607617
1256260387315613696
1237460880809476097
1252698707298070528
1247138440652742656
1261147274597580800
1237903969348968448
1246562718083100674
1246081268321787904
1265602085300645888
1238851301984940032
1244754076044328963
1264507307121139712
1248122842014781440
1250894176130039809
1259700571537276928
1252348549221584897
1239715890549141506
1242873243972898817
1249781521629708295
1252446949573345285
1266131526904950788
1245703805821427712
1245672432721166336
1243351850474188811
1256015217743536129
1249193031363899393
1253729900168650759
1238191779360407552
1240407758199050240
1258091046812225536
1238980197443088384
1261119692695121920
1238538465328930817
1238816079557918720
1262151854697394176
1237497556034355200
1243991345829642240
1243990028415578116
1259148766260715525
1235295793780846595
1245879230690443265
1255182601951817736
1244745657446957058
1251919542298828803
1244563385812946945
1245758054785789952
1234924897031335939
1245677721709170688
1247144453309190147
1241038853311467521
1263136187084087296
1243313482457583618
1245759478005465094
1255127493385822209
1260999772175024129
1249085119551471617
1258034428753915909
1257752436439212032
1241607026322669568
1270039842689335298
1241604478614278146
1236358088107724801
1241606303845318656
1245985809276207106
1234924177666301952
1241090427433947136
1244621328008851457
1260231970371637248
1253757909714046976
1238990434875125760
1241066108444082178
1264505757095124993
1250040444773453825
1237561386990886912
1241068780324708352
1237488949389598722
1238190333642539012
1249786291186741248
1236358500957204480
1255577052285198336
1239281118395990017
1260596028182593536
