1253556595486625793
1259246617086930945
1261537947171434501
1241619619049140225
1235802197549441029
1241619733427838976
1249262440052699137
1260062663704375296
1255297564032761857
1262535428252418048
1246556309761085440
1262977878649638914
1248735638532132864
1247643902963789825
1240880102012899328
1246311834199535619
1241816927187529729
1245234970534113282
1238386436551798784
1249466056109731840
1242276608158732289
1246714116208619520
1249052162853752832
1261848035803279360
1239748526348722176
1240128022667239426
1235852623812542466
1247949975696191494
1258269424651386884
1246558773440737280
1240141677156806657
1242682851457265669
1256099707853524992
1247649730663829505
1256331647105957888
1239371569798844418
1241141454640013312
1246268036182503425
1239101613865701377
1249755341589544961
1248675870257991680
1238552658853523456
1237606053010739200
1251268771026616320
1266072859132084224
1255980267111473152
1236841494436179969
1244854919502475265
1253521553691574273
1269063300689477632
1270494974375718912
1242570942330449920
1255691039458783232
1260340098941378560
1242580894050729984
1245820901523767296
1246374671269998592
1237251211788718080
1248912279204016128
1244029364599017472
1241807891683835904
1265006704170643459
1268394483273437184
1237267615229206529
1237768476690800642
1257794735927787520
1249795174571454464
1244284213123145728
1242276625397346304
1257711945844576257
1246374364771164160
1240867597265981440
1246391721354653697
1237014494854795264
1246701342455783424
1261052924798484481
1236758979457548290
1262128238043643904
1255335782933581824
1254286773762457602
1241622809626816512
1253022231833112578
1240879366071963648
1243585420757069824
1239337213202059264
1245271801892143104
1258546064535064577
1256351357088313345
1262888523306340355
1237446038367006720
1238305101271281666
1262786212378505217
1247622207758635008
1246307341210877953
1240569122775158785
1248658418870566913
1265072672414691328
1242213027904212993
1256356197382275073
1244218590351392768
1237169927707955201
1238237490785337344
1237835431464456192
1249753555717652485
1246333197580812288
1242321563698921474
1244219231849205760
1245129047656378368
1264688502102306816
1238216355922325505
1245106419612803072
1255240304690630661
1248403452390039552
1239334636297183235
1249406445147152384
1258990531998134279
1269026780209221632
1257541197389688832
1251779369967603712
1247449641311801344
1253147405295509506
1259245690418413568
1247760314143145986
1243583661905068033
1245885197309972481
1261878177971879941
1252832019983200258
1253520519028228098
1255980770302193665
1243423497700773888
1246916509865095170
1241195914665947136
1255964491424071682
1241119536453169153
1243308658252890112
1264682279365832704
1234979439341010944
1257486365651959809
1237511756315951104
1245107111761080320
1252140592793939969
1254157617808633857
1255698918119108608
1265391617772404736
1240124911689105408
1255226217961308162
1241122435396538368
1242211289692164097
1269752054068637696
1267685874172489728
1236874239229063168
1253041680665567232
1237444720030175232
1249911845848100864
1265424620586438659
1257773055662678016
1243381862862442496
1248321730646401024
1236810717971410945
1251996977845370886
1251993969375903744
1245888663453454336
1247679701914660864
1238651225773461505
1242592978041888768
1241533707732705281
1256106399337082880
1248717678715367424
1252631737193992192
1253020663213785089
1255713734871314432
1254647365425786880
1249207472860127232
1259028963747172353
1259656232278745088
1248296425206628353
1252654830096510976
1241126788941529089
1237432545639141376
1250958453100535808
1259293644869124097
1243302531515596801
1251008535229427712
1241479155025211392
1241778325762146305
1256376486564683776
1246851411750445061
1247453021690195969
1240172575486930944
1237219478611480578
1253446535720742912
1241241285996023808
1242517570223128577
1252700948725547009
1244846796796379136
1241639685165707264
1256649459217256448
1243136958571769857
1238301454084923392
1241985642667466752
1252795100234543104
1241247235213418496
1245133627416907776
1257796500224008193
1245109306267058176
1263007127632637952
1248461013537525762
1246639917381193728
1239811048791629824
1252748387209711616
1241893849993117696
1246557730241794048
1241990463067832320
1254555265019416578
1246558396410552320
1238597159408136197
1250925171843592192
1244470782652116992
1244409028962160641
1250907199758450689
1257435962969395204
1240437335595954178
1240052253668421632
1250953564840574977
1240137626469924864
1245864269834358784
1241840666293878785
1237888449257979906
1255659716669145089
1245115462569971712
1267016925554503680
1242984543939751936
1238942926270414848
1253435289395052544
1247280788850102274
1245110533201653761
1240891910383755265
1238028816909393921
1247940367988621312
1262785920962457601
1247384145661030400
1261783984050024451
1238939621293051904
1234980848182554624
1246557414830166016
1239759579291848709
1265126927318134784
1241615031709519874
1263974290866663424
1235274676928016384
1269033396669263872
1236129177121652737
1238388282938888192
1262590397756260352
1243336751093080064
1238300514753728512
1235311396264595462
1243726775785385984
1237439756704690177
1245602723866664974
1241251044497084417
1257035556619354112
1249209316172861441
1249210245169192963
1254105664474865670
1254570608383287296
1237841544561831940
1242651624381616131
1239051691753738240
1263636568444596225
1246998738750468098
1259661548680704001
1245273570416050176
1242007793156018176
1246194363811553281
1248732751198425088
1251721641253580810
1240877738409549824
1240341269253160964
1244855758132404224
1241532925671116800
1268263742191677440
1253045277558140928
1249059309788352513
1245422065580032000
1245065109711405057
1248443082699227136
1238302016515878913
1240123018220834824
1236460864347058177
1259348471334617088
1244016562287153152
1251346970200793088
1251716899760553984
1240960166742253568
1241245135733587968
1253886967256715264
1236490882972438528
1234905189837967361
1251327724666445825
1260624047991164929
1235438127939907584
1242715592311767041
1237627988323098625
1243332360503848961
1247390593216425984
1238759846674980867
1244062589727825922
1238309846266544129
1240421012686041088
1236104224934473728
1259320773556211723
1257807977500696576
1256627401741570049
1251723432372301825
1239098205431685120
1266208716958777344
1263706791453454337
1243292201972412416
1244542334928216064
1239335075210121217
1259912646330970119
1239405046694965253
1253097559641296896
1234992787579228161
1250310136922435584
1253577448521969664
1238558639968776192
1251420715485507585
1263779495028244480
1259887535389437953
1239756283445559297
1246152148301168640
1246240282867380225
1244420971441713152
1249122278392188928
1262791070091366401
1242735270128017409
1244051116666449921
1249892265511673856
1262590132961472513
1239661171256377344
1239628385627688960
1268332071509843969
1246240115648802827
1239579667805245442
1264135462798516224
1240183334245785600
1242326650710159360
1237140985890529281
1260357473086533635
1256824612576350213
1257503453338836993
1258244585190338560
1262530137079181314
1247657506186203136
1242597967220977664
1243782486242426881
1261169081958318082
1245174998689386497
1258519332897697792
1244225711717494784
1245590155794083840
1237266654284754944
1259352208618868737
1262782165277765633
1240052782687588352
1249915061449052160
1237128000375623680
1239600376313069570
1240096274214313990
1239090929178267648
1242005950057177090
1239657132753969152
1240944045959987200
1261052181689430017
1244441116906143744
1238585526396915712
1244081790693675008
1238241174357454849
1257025799892242432
1254176598334435329
1257748630145925120
1262948712613130244
1257020929516978178
1254466725791191040
1244848102403686400
1245042871452856320
1257815451821903880
1246658230593388544
1251705729456603137
1238588659789676546
1249759189842292736
1242986840589664257
1265490056170442752
1243787923138334721
1245131607951863808
1247573717401489410
1242545403490234368
1250308900001177602
1264680181651787776
1266499713546678272
1239618394820726795
1263634313741873152
1246700408581451776
1241825803144314880
1249913147630088192
1252400660202393601
1238270525308198913
1238322448249942016
1251597557521776641
1243442764999610368
1236002845226196994
1241268245417431040
1246144921221894144
1262533415963787264
1242767338752978948
1261353081247170560
1254121386613727232
1251380382743662593
1264685348065390592
1246554094384205825
1244802123683917824
1269481170011484160
1238199206268915712
1238361750581301253
1240336638607122432
1249153192144838658
1240835682056036355
1260626648962981888
1248730928974680064
1245142673826050048
1235455493725806592
1252731183814684672
1262293853492506624
1265115780477095937
1255163154062962688
1245962705678163969
1241781602402721800
1237252682202501121
1251039205167226880
1267646509572657152
1264363306657050626
1246208104678604800
1264361633201172486
1239689628019376129
1251928251649253376
1236380466237693952
1238583278220668928
1245195218099384320
1241128843273859072
1239388214722355200
1263638848388677632
1238520218290229254
1257806063065133058
1235305116858822656
1246205085689888768
1248008308776026112
1246915254459629568
1240124144819351555
1256279421318643712
1246206960543948801
1262616152523501568
1262947224797040646
1238954537571909632
1255624934769823744
1244453208476356608
1252094578468851712
1241291817070428160
1245589988789501952
1253922061291945984
1236484203790753792
1247232324238016512
1267611209823469568
1239625109779824641
1262247941965623296
1238325307360215041
1250321298917453833
1248734868726407171
1241988056690733056
1265040985861455874
1240213378016006144
1262455365792223232
1239365285225721856
1255597759719026689
1242503600976171009
1254569740380471296
1238899188458557440
1239777075080249344
1244378654768910336
1252719001408434176
1242161106509910021
1254576407126003712
1242739849271980034
1266121286473773056
1252834797686145024
1246866985968758784
1239374415248293888
1241190177206194176
1252370713735884801
1240375139574763520
1250923347006742529
1267568603856920577
1254152948512362497
1241661826594525184
1241087404213063680
1246311974083760129
1236108436678406149
1254221359514701825
1261531931394445312
1245246353816444933
1247462133043826694
1237835195002191873
1245852688408956928
1237168907003150336
1241578420217073666
1251577254133428224
1241618772571504640
1261110745271431168
1242277293822631936
1243632612133892096
1252707380141477888
1258545672644485121
1243582511705251840
1241897780102094848
1245836738926272512
1245883238574215169
1260689581877288960
1236384122706132992
1245191756674502656
1244218109789011969
1246914514739552256
1259762779948494853
1242715453471903744
1240526332070674433
1251269991275433984
1242661095069765637
1261169319024549890
1246713736854777856
1241879295393480704
1239336408973586432
1238908189426343936
1240762092329656320
1245174623651520513
1238357473649545216
1246342802742468608
1252720541347147776
1243327348696420354
1244052681561268224
1242527287053922304
1243700682344910848
1255708415331954688
1238898992538238976
1238200390362877952
1248447127195242497
1241286464169635840
1242648593762111488
1244128531434487808
1242879499512860672
1251269047406100481
1256111438378045440
1244843636438769665
1244218841338499073
1244269224572280833
1245433894897213440
1236918435809873921
1240523315464138753
1245433943190429696
1244027493402554369
1252318812449488899
1241208674808299520
1240824121090404359
1240526726783893504
1238951504884596736
1266852587665362944
1266243417836621828
1240516862988840960
1258266779081555968
1265366737928679425
1242708550205333504
1248892089300955136
1254917959388020738
1239759414329896962
1250585731765952512
1240891727315075072
1240133156625408001
1253159442704510978
1261416611354832898
1235626562789105664
1242280391005728768
1240763690770550784
1258516140461928448
1250965809712648194
1262599812131647489
1252469726325833728
1259194467824791552
1240755189151346696
1246554793629241345
1246137671623180288
1237810367482351616
1262788170988453889
1240765372065705984
1249590045385744386
1262617019750342656
1246195662493847557
1247389524100927488
1257485990874230786
1255259310654963714
1245304122779111426
1238513027965583360
1262257926200147968
1242716412629614593
1248648046662967299
1250234905457389569
1245764508619902976
1268018717297766400
1269391216661065728
1250476015169622016
1236503261143650305
1240336535943143424
1240090841068134401
1247389627402444800
1247376598174588929
1261423391812145152
1237815227074281472
1247818194904993792
1238894353059164161
1246189294315655168
1238561930001780736
1255930821912850434
1239101937531768833
1246343358923993088
1241535907578011648
1242253306929524736
1242320022099259393
1247282083254267905
1257840002949472257
1253520878630866945
1244423210633801728
1237478194325774336
1249934470519480321
1255644659201667072
1244055877314740226
1262287319576477696
1242972621588717568
1241786315911258117
1252751464813887490
1244414228640837632
1251735489985409025
1235346553193271298
1247631589225328640
1258919767181844482
1255346224066179072
1249816074746343425
1237889842404405255
1257064052360122370
1246511134229684224
1241323678081507330
1256152912796872704
1244120843501875200
1269032572136251392
1267646933453148162
1237829542309285893
1239082938857189376
1247282298770411521
1246136866635743239
1241124464495955968
1239744957809741824
1255000781926744064
1240227865058140162
1237928480026681344
1253205568199655426
1234907832002043905
1254352550087716864
1246336815403094017
1240803415829012480
1263339206367051780
1241992143469793283
1269852595499171840
1242766116381790208
1260094053313437697
1244110411416379392
1254127223516229632
1244853986722598913
1264396080097013760
1250866176424460288
1241539919413006336
1237226811756392448
1241687821347221504
1240463269451587585
1255261003371163650
1245417489829253121
1242706299978014723
1246998605283471360
1239756090889232384
1236415037520019456
1248867242583789568
1250261233317502977
1259898939509112836
1248846307495522306
1247376942283673600
1258876403623190529
1243304399499227136
1253013129430261760
1244809099214086144
1247301381079195648
1264748192303706112
1235275341142167552
1241882668087693312
1248146147752853504
1241125555795144705
1244705246103781376
1257484159766933506
1242706400054087680
1238169384952008704
1257036998260318209
1244974693859221510
1241941497471172609
1253550662090018817
1240514977011625984
1252835820479737860
1247370216411000834
1255893363120680960
1241595974574690304
1254154844555735041
1239062510138847233
1256816521889767424
1245544508034449408
1252305005106753536
1250259994697596928
1251006241016631296
1238718649742966785
1250108993625718794
1236036015049125889
1260624393568317441
1242137327096303616
1245806083425202177
1243910770150141953
1259559462639030272
1241270194414202880
1242519673658204160
1240525505356390401
1243073219617308672
1260671394926309376
1253556566713724928
1259071515498147840
1258527633861513216
1240600201959624705
1241984043672952832
1245935776501608448
1244065624659120129
1239040654589583360
1259888289646960640
1256032884143448064
1254783058890199041
1251231117727825920
1239336062566055938
1260320640214675464
1265185710224535552
1252166136302428161
1247019628536016898
1248441696418803712
1255255430009360384
1237813090659389440
1237531042266767360
1265040603466706944
1263341399115567105
1241293670298468352
1241896943099371521
1258954723610124288
1245177456794800128
1253181017189425154
1244032429616009216
1243623524113080320
1243767552322330625
1257483299154321409
1265349909395300353
1236843552992161792
1240525126489141249
1246241019324071937
1253946179848564737
1241522243953291265
1256778267215818752
1243329799046590471
1236137451145457664
1247549004961009664
1240819145706373121
1243222470963806209
1261148679630499840
1239777832399593472
1246641992467017730
1246643372690829312
1242618870612938752
1242988686775476224
1244395640068558848
1242711393901481984
1256088745037586434
1246243184239210496
1266798680637689856
1246159065652162560
1252376410456379395
1244822057629528065
1237822674895847425
1246551270745190402
1243376215198556161
1257807758327341058
1254096648650645504
1253890950398570496
1237521012956135424
1245595259209281543
1245721663724904448
1262122998380691457
1269346140941684736
1240418927382913025
1245864180302753793
1260053442027905024
1242982634092806145
1256057075228000256
1264269647039180800
1241558320009207808
1247765200469520390
1246533329081393152
1247801200436633604
1259959468592214017
1241600632319967235
1238134728248528897
1258543965579534336
1238907995716640769
1258862470577311744
1241980623046078464
1240422928954486784
1262812652297838592
1259654718084673541
1245942071136890880
1239084694899003392
1261109444219252736
1250821546660098048
1242279304496418817
1242355425808244736
1262674434009075713
1237147686291136512
1259557441085136897
1247351610923073537
1239658352583380993
1252382203066986497
1246650031521832961
1247951026985918465
1252056577894313984
1245595960702423047
1238737663865188353
1249788373847293952
1239689848241278976
1249652744408846338
1241798875154792448
1240024709841833984
1249898893564760064
1237823617607405568
1239603857010769920
1238132527920852992
1250871675148615680
1260613205505630208
1246640753373138946
1235439905926496256
1239736968285573121
1240743760515854336
1239368475501416448
1243742109510721537
1238931333277073408
1236103391354294272
1268231861655883777
1240225695973797888
1260460670379798533
1258546314486276096
1263370572139913216
1242161534739959813
1246509946935463936
1242976447041376257
1239737417227063297
1238877575910318081
1241611933800783874
1241863705253429248
1239360882888433664
1240167327791865856
1238653546490261505
1259396709190230017
1241529013220167680
1238287839818727424
1249403714827247621
1245194504082096130
1254864432741494789
1241267666364448768
1243055540860665856
1240085894830256128
1241912927310893056
1253588364822904833
1243286236833308674
1262170792567046144
1244760779359846405
1242352607194038272
1264425172238364672
1265770490922020864
1242235975750668288
1246640783098183681
1246642916543496192
1235938710962630656
1241612534857134081
1249024938599579648
1249004760772067329
1256146013129076736
1241153477515964416
1247445233073152002
1239689861784715264
1244089230239780865
1255291016380383232
1235350664873537536
1238666653644345345
1240083202842087425
1249522557935484928
1267309734626947072
1246641561925894145
1248726841461846016
1270141551369281539
1257517908407619586
1259968951561318401
1245851159459287050
1262133172411629568
1239023841206087680
1266235243058495495
1239393373594611712
1247640679099977730
1239082336227999744
1262979628609626113
1245724302290255873
1261423864686366721
1261424083289292801
1256073984094818307
1248682661603729408
1264693179774885888
1244217935532449793
1261092054160924672
1241620468878041088
1256364189536247808
1264395467741224967
1251191755820748801
1244636384641638402
1240429031935242240
1238364520407429120
1252402155949944833
1239759992078524417
1238296403673153536
1257486198509109248
1246192714904788992
1242034142180569088
1253205478689042435
1268247391762702337
1241578060719083520
1262647580560781312
1247187499018932224
1257766039829516289
1239576375914164225
1266164944761794561
1240771013933031424
1245781781476851712
1253511125200584705
1267222483075133440
1242370186482577411
1254690970911662082
1260700607603593216
1253026290690428928
1265806364955140096
1237958445040431105
1256070705516392448
1240073497960787968
1269073633877491717
1243030999702765574
1247574172244406276
1239659868375506946
1240134461641109509
1246259716533022722
1248529569616769025
1250260847261175808
1246141980842717184
1266233779934212097
1267540629329862656
1239764276908359681
1262192913129172992
1266108464058773504
1247802662751354880
1248735448354021377
1236833624311259136
1236834031766867968
1241247526256164866
1242350241287827456
1238278119171055616
1244146786286989314
1261482333724688384
1258196396504576000
1244758536023752705
1254933408003657728
1250228614093627394
1253470203331018754
1243441164545478656
1245628384459153409
1239622366872780800
1250608654903959552
1238649206484557825
1241823486512750592
1252961579382960128
1239628829565407232
1258865745468944384
1246308573996412929
1269372831617347585
1267307150503579650
1250165905490755584
1259319926403108864
1259963477830991872
1263747455968919553
1254106401665724417
1264041754790989831
1242351035760308224
1245440319937634304
1255190027824271361
1247668151602434049
1238217845181308928
1249443071328018433
1239362071378063361
1251018261287718912
1239041809054978048
1241632498976579585
1266810390651867137
1248728202719059968
1267196087284031488
1261891134852231169
1238336230955159553
1238935876203425796
1243106625503653889
1250583599369162752
1250616652703596545
1238261244043366400
1248357747302625280
1244795176129687552
1261423804351254528
1247619569440571392
1256706081725624326
1264400881656578048
1246023009183207424
1252419332199428097
1257860743048937474
1245946143248248833
1264424764602380289
1239680330795069440
1239658119606595584
1243566627011964929
1235770373649641472
1242973720374677504
1255701896511160320
1245959308078186496
1240916382797053953
1243136674235736067
1241591728903086080
1265125136799133697
1249163242653519872
1268307962805628930
1259550861832798208
1241218852366647302
1242635058852184064
1255934786385752065
1242339284331331584
1236164978924638208
1244103176745336837
1265365965484642304
1243659636831653890
1256515093203804162
1250243309412343808
1244001884941086721
1265575604860190722
1242243125852000257
1239701398658281473
1259981160953741312
1241922499509547008
1237899346483404801
1237637483271081984
1249861646740144128
1237401111100665856
1263253355180294146
1240894424013389825
1251294412694417408
1237955456980545536
1238292290872815622
1240792081129340928
1253829593837924353
1237957759506636801
1239445190814793728
1242615862890098688
1239696883930423296
1243346034824105985
1258544729152581634
1252773369532973058
1247809026332585984
1251696094184001536
1260417146317729794
1241508420601053184
1241150459567468544
1248163163952087040
1260836033597280257
1240038185603747840
1260519294552563714
1248328710291415040
1254311618717954051
1241887632201637889
1249476992879091713
1258062324058841088
1253454918288936960
1251939941296136193
1262488100493639680
1250717230137872384
1243137122841661441
1235663770501840896
1245831765798739969
1241112129408647174
1240167722400354305
1241920477129347073
1260341913590198274
1248454200851218432
1261483757669769217
1252458327512145921
1243448647867482114
1252334644747526144
1249148236511748096
1249241735126908929
1247768200349020160
1237123376361000960
1259941014304731140
1252649259716894721
1249932806416781314
1237158527229026305
1245902811977547776
1269333554141392896
1258378909919264769
1247998576346578944
1244136858017124357
1243709011406360578
1255248458296037379
1253515855742119936
1238288765816156162
1258959315546836995
1242185074583322625
1256114799433281536
1252984938753753088
1266238027484983298
1255225044055326723
1248886962964115456
1257209244119560194
1255658909894799361
1264060790157369344
1239250042202075140
1242699093358415873
1258129998759649280
1260340722705690624
1255247816806608898
1248406513976086528
1255732215373160448
1239364990026440705
1240830729023418368
1242881702373888000
1236104713784799232
1246865138889588737
1246252630256414720
1244472197680230400
1246158915324149761
1236811124332351489
1241299729159294976
1260979359042531328
1259562380243001344
1237920661344927747
1242257160710451207
1257512260697636865
1260419266139975681
1237955633464242177
1237498780670255105
1236082818083459072
1241941583441756163
1254896165797036032
1260803783413477377
1260346925900902400
1243404172931657729
1238931275336970240
1259203874805538816
1243656214225051650
1267579993917255680
1269765101436801024
1240204960983216131
1251688519501664258
1258155933735112704
1245460439976181760
1244557251487993856
1241547836509974528
1264035158706884609
1238281277402308609
1242288728673898501
1238519710322315265
1261464831988654082
1241611790162620416
1240188632700317696
1256822130987028481
1248159189618364416
1244771893892112390
1268693386296324097
1266061452554563589
1246523758468202496
1261484580722184193
1265699687295782918
1245150956586594304
1241141643090124801
1242297866615312384
1236118005852950529
1247321416984190976
1266126850792648704
1257887283199574018
1261423656711753728
1247291352116649987
1237123380270125056
1238776518517518337
1240518660667502592
1238933573710700544
1242699396241715205
1255207589391941632
1246188575554596864
1243054108757479424
1244763894859452416
1262094748543664128
1260380327869992960
1270136022051909632
1252334426173984769
1239337224895778816
1240468324502212608
1261106311564980224
1241256640080252928
1242973121482653696
1251911931432222720
1247322354360791040
1255004625427562499
1269372927750762496
1252417338353188868
1267939509351534593
1235762347672834048
1250605998525411328
1262253211236200449
1262867867193634817
1238598605469937664
1255616148755767296
1259575201282404352
1242222798379970561
1254829322998702081
1236918452792643584
1240267055783219200
1246921184916078592
1261424758995865600
1242623936409427970
1244105762546180096
1260771833416048640
1238738538008473600
1235333162571571208
1255267281027903490
1251016820137443329
1240536242975993856
1245456158464397315
1255261779502006272
1253584469006577666
1241496871391997952
1247320931837460481
1253188239382294530
1242907831407243264
1262142090647044103
1250215152042958848
1236109478556135424
1247998810845925376
1253406661005303808
1247769187566542850
1237538200416997376
1246965209010298881
1244822597155590144
1253105640945274883
1244774278366547968
1249401800916008960
1254537393434054657
1256091209103114245
1241884379460317185
1240085212567986176
1240086324155011073
1256795347981971456
1245876318866046977
1236109875555360768
1242021680962105344
1244735940314054656
1239484725607059461
1238173369847037953
1251683402295791616
1265895623003222016
1253097891255554049
1253880670109089793
1242957045499740160
1262504614634504192
1248722924787265536
1241566534998183937
1242099669343154176
1261217464613912577
1266926483139817472
1240495693254381575
1250645071021527040
1265376688256344064
1244741200734613505
1240918012963643392
1252103254252503040
1242617990626983936
1249818198825783296
1256703354329169920
1248788040803217415
1236465835004190720
1239023417493348353
1239385799960842245
1268688626994614272
1261107769412706309
1266203204561207296
1269376571967561728
1251353174817923072
1254542260911259648
1237100376874037249
1246542483728633856
1243684449910312961
1251870576542543875
1249970797445185543
1248367981039517696
1250549305275899904
1237879206727405571
1245232601876410368
1260423043664363520
1243002158678564865
1249879998242021377
1248070550959714304
1245828104527863808
1241795150608601088
1258155696626917377
1239339583692627968
1269372876697698304
1237549788297486336
1268219518641254401
1258532314461564928
1239725461539680257
1239712196726161408
1263953963545583616
1253614967946752000
1242017435147833344
1263373201653915648
1237879955511341058
1264089182537908226
1248370350766698501
1241866502808031233
1257759684330577920
1266881760689700866
1246908877003620353
1250206941659488263
1248143559187787779
1239026777302990848
1246237478597677056
1240590047776309250
1261106994502488065
1261419984980328448
1261316258798034944
1239027942073589760
1241099582123028480
1239465954314039296
1247149734592159744
1238346318742827010
1239787254920306688
1238152404635246592
1241308589391671296
1257933372556365824
1252331577410912256
1240531126118051840
1260841907141382150
1238619358672195584
1251196980325474306
1251020898296975362
1248059171594878976
1253220455885836289
1243386898032128000
1244513620089688064
1266187381452898304
1253223729137545218
1236796940127473664
1247766430910537728
1240902116064948225
1242920181527007232
1240505628017254401
1250210103136903168
1243673661095038977
1244475675077197824
1268667048504115200
1241218785740075010
1257069857935249410
1248077455715209217
1260714040755539969
1241593898742374401
1243895704885420032
1237105920154284035
1253449343387852801
1250593853838520322
1245900000048975873
1240175830275248133
1251193077366128642
1262985064364650497
1238928393527103488
1240534481544474624
1249867357599612928
1242844448792276993
1259604266110484481
1261709163635204097
1261162991610785792
1265167132125466624
1263261625785528320
1257764514352689152
1244927657122213888
1254795436956631041
1246640353446264832
1262183589073960960
1243726110921121792
1241847806836400129
1237812834077048832
1240808339023499265
1242284306367574016
1261425918901252096
1260505231647006721
1241205041546977281
1254881266882605057
1243860422257602560
1253945217582956545
1237595954066292741
1259335466651750400
1258288438723264512
1241434835127697408
1247019737722179585
1249493292690976769
1266626117127090176
1251600626946961408
1244043515358633984
1241099933148565504
1258866800948736000
1240892847873642496
1264753400341622786
1264066474777309185
1238602291365773312
1242886747467345920
1247270259033116673
1244175485111865344
1261091301849657345
1245877512296468480
1242184908887306240
1260307643144396800
1255906944973328384
1244235435947114496
1258589042838364161
1251827717613342720
1255782888974413824
1248105151589564416
1240514588933648385
1262183738072416256
1247656955524444160
1242267437845729280
1253444075396591616
1243065723468935169
1252308691618942977
1251999119570202624
1252854743090642944
1238257679304441856
1253450580866920448
1256342098908811266
1239707279403827200
1239082064353218566
1242884305149403137
1240406961339990023
1254541475997597701
1241931154829148160
1246286659265671170
1246697508727697414
1241610627249893376
1248508747313319937
1247652812172869635
1243660634513756160
1245096130448216064
1242351689169960960
1250568177886453760
1243323604772642816
1242358046560378882
1235877377785212930
1241178000726429696
1266129036402556928
1244171330359984128
1239774129819013120
1247742829029277704
1261060636315799553
1247797622162591744
1242185136008867844
1241390333583220736
1237510455137955840
1265495941412503552
1245227898685886467
1248068693298315264
1247007789106335746
1241239277628829697
1266492609385512960
1255185260557381638
1239933428889354241
1246226010363719681
1257753619778027520
1239724091080228865
1244483020364451840
1245232837390823425
1245096752480260096
1239992081801568258
1239828318754459648
1240148503453720576
1241962670175084544
1263229918390784000
1243663453346082821
1237636068733628416
1245648242882166785
1238623349757997057
1237842811262656516
1268326202831286272
1254897725180571648
1244517497597906944
1248164078444376065
1240449379195994113
1248448950652174338
1236405852459814912
1270542316646707200
1242641332771807232
1239397036304355330
1251587513287766016
1255011341372231687
1255616803356606464
1237270711242125313
1245556707830272001
1245235010166067200
1249877710916038656
1245841461205069829
1241630836492873729
1254459465497145344
1270485622990372865
1251353375750254593
1268745984286224384
1260978483687088129
1258912452420317184
1261123491698364416
1237838318269677569
1241503836365176832
1236097657593987073
1239705091696807936
1258666239762632704
1239022593077739520
1246249321697165312
1240499294999732224
1238525011616362498
1252790732030570496
1265765448512966657
1238001268909457408
1244344874008182784
1237887769982058496
1239775035432169472
1241491012595286016
1244926955280982017
1245259563151937536
1237425729702260736
1246924563197431808
1253118013672316929
1262182744915709952
1253162953085345793
1260991727071924227
1248020471624257537
1245053281937666048
1262901222568157185
1241498147240562688
1262928096262385664
1238918783978229760
1247649938160390150
1260354739239149568
1248052220509249537
1266991873991700481
1238223510901682176
1239789725201731589
1236054603159834624
1261013277695328256
1241854814616784898
1250942455521804289
1253109043800846336
1254195369795375106
1254084394542788608
1238537685414772737
1246542122901098496
1253365134770098177
1253822742966571008
1241972672642158592
1258263566630567936
1237848613604061185
1250527462053666816
1252863822735400961
1235052894757335040
1255949852086697986
1261316462695772161
1247321136431370242
1261328840728567813
1255619109812752384
1263011961358303232
1248042855957815297
1256131392871690240
1245205973771280384
1239774486540333056
1241144502242258950
1251168134096019457
1239791795157913600
1264068495425155072
1256341508606869505
1239481800495259648
1238569319090360322
1251313492755279872
1237156067114545152
1241272936364818432
1260696125079613441
1245902281419001856
1247935018602659840
1242316645478977536
1259681231261728768
1237425224385093633
1245944743239897088
1239030451290820608
1245840731366805504
1255552775640870912
1258189672305487872
1250152845669617664
1254504711085977600
1240149745668063236
1251284589055598592
1246564127771746304
1241101026968698880
1261332240912355328
1266129462753546240
1244894817529630720
1254170123973177345
1252252579070971905
1260992678948306944
1261494581251600384
1263271863972556801
1246653338252390401
1246920608639664129
1254228375851331585
1243578865642950656
1240845989251919872
1245096512087928833
1262119703872331777
1263589956632539145
1239468692515115008
1256343237406519296
1242894816855244800
1257557993501208577
1251302086135779328
1263538239538786304
1239805561056591873
1249801678452330500
1243676354949730305
1254981302953992192
1244237896120332290
1246248815096553473
1253036701695438848
1246542881994620928
1250566277220925440
1246691284036665347
1254262565187866624
1242874733256790021
1243680489468080128
1243353207444623360
1243067076882784256
1239049205244522498
1241161823946072064
1244525467165548544
1250503487416197120
1249848806755020800
1239842568591904768
1240847295224016896
1255944833870573570
1239680303603449857
1263684774222278656
1243013443780669440
1235281595944206337
1240116777935224833
1238001029943193601
1257799201179627520
1240241617618911232
1254183657947848705
1261485436624531457
1242282150944108544
1254184377258369024
1263595193200041984
1241068372982259713
1241646140442865664
1254905457132441600
1252360329951997963
1241965079341355008
1238602177326665728
1251600902718238721
1267579626391400448
1239797336588431361
1243730617495252992
1269739054809018368
1268292672067788800
1261128040882421761
1261090780212420608
1241909420579115009
1253533003403325442
1244714694180581378
1256791311765483520
1263956625074712576
1245251034097672201
1245476135774773248
1250297345457020928
1240548719893696512
1239795580265619456
1242689842699329538
1252530835606999040
1239050511380144128
1248514060112392194
1255757373370593281
1252658679691636737
1243114070410059776
1252912893256855552
1260765044058370048
1238316820270141440
1241262219763109889
1261091737117667330
1243717237304750080
1240454871121182721
1261314792528048130
1248167025609830403
1257465626794160128
1241927891861909504
1263232252839784448
1247016181686398979
1241301680982872064
1256611211552022534
1253745065777750016
1236581689540792320
1240321872308236288
1243296518917853184
1256693968793776128
1255058042795593728
1254267354634051584
1248378351401627649
1252656091818844162
1244493699741970433
1242349106149773312
1255584098933813248
1268301158163996672
1241099308117585922
1246679672164777991
1245557082964635650
1263644309280022530
1244477762712174592
1248151166430539777
1248086354514169862
1252004439189159936
1259632446993129473
1240856880500490246
1248081277401444352
1254247017468923905
1262953550424006657
1248362852542484481
1266489713495388160
1238793254142795776
1237800247352422407
1241580440072282113
1259053717908860932
1237556359219965952
1263592189021413377
1238207413263585280
1237865878001049600
1265851135232839680
1241274793451610112
1262872076592934913
1239820485442990080
1248125848483438598
1240812228086882304
1241137705787879430
1245216166680780801
1261509742217662465
1259196846917980160
1257069681883533312
1236852690203754498
1243298645228675072
1241971281945231363
1243007363436576770
1238253921371598848
1245289878335569921
1251589283158167552
1255770600590598144
1245903945416855552
1238387494237769729
1243301132090241025
1252438647825035265
1242293430836838402
1245916771992743936
1237599473762578432
1252480370668302336
1255748205121171456
1245094055689797632
1242234428652318720
1250844328886296576
1267941874595016704
1238727999651897345
1236893418179252224
1246386062261272576
1261432908142637056
1248128401782661120
1254468202970533888
1245210058272563200
1247433997694595078
1249151336425324547
1245150080539045889
1256141264308842498
1244896924634738688
1252994514182012929
1261333565788151808
1237936073063329792
1247726355065614341
1255573198801825792
1246315283158953985
1247430231834521601
1263609552848617473
1246990079765000192
1241944090943475712
1253122713238908928
1260018484865458181
1245569399014084608
1262208849668272129
1248053810477428736
1253471043219415041
1246321347514384384
1241630508624138241
1240810122147819521
1241062433826852865
1246540126831828992
1257801278123503616
1245553435912503296
1245148198831665152
1244383963650514944
1236823182209777664
1251317994476539905
1238180601292713984
1244047247655895040
1244861808902430720
1250663251291095046
1243946627934474240
1252080738167472129
1245144269418983425
1239005705769648128
1245904608590848000
1243959394833813504
1244746976727453696
1262953010717773827
1246541572566474752
1262120001080705024
1270084269092728832
1264315021573738497
1237062490657193990
1239338359991885824
1238181242236858368
1262995165121179649
1262144055108083714
1251177189673807873
1248744255142514688
1251078908927021056
1257066386372784135
1246278174763188224
1242725280302546944
1250896175672115200
1244513810246807552
1251266058163351552
1243801498867445760
1241441159504785408
1242360631086338048
1252107726986997761
1242697601784283137
1252432428376797192
1250154672360493059
1242602160191238144
1240451140895924224
1238891560315445249
1248741223113715712
1240321980777127941
1246672844265648128
1240349678849396736
1240501318042583041
1237306823692013568
1241282300257521664
1235473540003979270
1238705151285661696
1244189822727516167
1241848370810859521
1247936194773520386
1247090811512041472
1238371882581110785
1239009500452945920
1251977804456947714
1255204850490413061
1250848309935083521
1250507188310650880
1243193470178615296
1252362423350116353
1241364690065698816
1250973619049517056
1245508895100956672
1238366455407579139
1251641728655781888
1245399078009057281
1247345897266008064
1248135485911752704
1237844556479000578
1242726255721496576
1258858851589222400
1238149636864401408
1252069451727384576
1240562100511985664
1247993203950637056
1242306142832754689
1245996942011711492
1239816559775768576
1263598891275923457
1247747808947359747
1246544958883917824
1243666921465110528
1241468987302490112
1238384868465115137
1264316300412588032
1239048169930940417
1245918620309286916
1255547376682405889
1240145714790924289
1237062009725714434
1268033525191753733
1237059111851720706
1239816453827616768
1259906742697160704
1252132394024333312
1245168711897473026
1257445458861076481
1241908879077675009
1252020141967044608
1252413355463028736
1242311263331311616
1244752917392842753
1237909664475410433
1245927168892256259
1238707962912202752
1258938368836001794
1242609609371561984
1258181689479581697
1236348156654174209
1248519697127047169
1238118817785458688
1238316221633687559
1241850856439296000
1252069082939092997
1252837741722648576
1243812571905282048
1240456155270459401
1245181187699531776
1240114242742710272
1240561648978391041
1243663956960579584
1263671701948239880
1254294916345155587
1265404543824621569
1246545893865619456
1245919685985439744
1248120344910508032
1238708527616520192
1244101218856665089
1243024382861049858
1257432974825578497
1265045817573900291
1237918135602176000
1254228909635207169
1240115034182672384
1252828744122683397
1261480257296760833
1245056573270937600
1252409168616538113
1253471796583526401
1239017825424912384
1252069530601316352
1260353321975468033
1257499501222232065
1261316106339278848
1237908524606185472
1250853011083022337
1240484685488115712
1236852459571539968
1239417043390050304
1251320010946953216
1251970839534137344
1247720770869944320
1238207255826198528
1235352068057001984
1256336055923400704
1247770908980211714
1250530368169467904
1239984615890141184
1241627885883908102
1238568972506685440
1260084054319263746
1245553123935973378
1239799525973192705
1245855785822740480
1244859313056694274
1252284130999570432
1241642576265924614
1252728605198540807
1239966848256372736
1239813529433026562
1246891915775225856
1252712648992415744
1250289189779697665
1239339039943045120
1253855080073146368
1235822502191837187
1252050427002015746
1255547810910400512
1247432470733045760
1241148328982667265
1240484134474006529
1255217509168549888
1245169596065169409
1260437226216882184
1239464464522473473
1241101499834363904
1245170985537400833
1267927059965210624
1243746864668610562
1252711891010334720
1245841120019398663
1239358414737649664
1241159169727778817
1238706900104929286
1251299905278074881
1261699300368633858
1253136058646097920
1243995638745796614
1240059085178826752
1238149720897282048
1237904956641832961
1264016895520280576
1265477877522288640
1242262572134354947
1241608647773491200
1252072723741884422
1251920670281183232
1254896229294587904
1238378996074610689
1240855705856294912
1254895452752736256
1261123657708920832
1242358961514283008
1237977778961543169
1260328553163317249
1265405996987346944
1244401550442680321
1242307807631642624
1244485499189776384
1244707042322821120
1258667152690696192
1253730102841499648
1253854165563891712
1241606597131907073
1257428961900068864
1237733443888279552
1238242905392726017
1238993330689601536
1240233959205658625
1238383286319112192
1270243806382682112
1237270528601116679
1237909311835136000
1263595297478864896
1237494439356104704
1242998246525427712
1243349411083603969
1256607454739132422
1243603830152945664
1249091423539888128
1240695508739350534
1237203025090899969
1242311174865055744
1266558182442205185
1255573677711605761
1257428174293606400
1241407713730412545
1239805391527010305
1268410733752025091
1265555449174204422
1242511881836752896
1242910072365178880
1260997702805942272
1249776628663640064
1251070310662602754
1258053536706772992
1236850997223276544
1250222749479391232
1238243196208992256
1260297219762204672
1243349669402439681
1254216528049790978
1244733956378902528
1261123837359341568
1257914583517290496
1261123337368989697
1240153607837794304
1253623650072158208
1236850403137867777
1261701618841423872
1263600428052123648
1252429604460957696
1237274860117561345
1238856591832526849
1259219531324551168
1247090006146961408
1242993342973001728
1262570207945519104
1238382136664584192
1261123177398206472
1242328385205886979
1250162075076345858
1242334532549767169
1243350756897353728
1241606600982507521
1241092731125940224
1237936970644389888
1257964416483516416
1259154694544297984
1249386362333085696
1244159384499793921
1241146972527972352
1250509426978484224
1239422121949847553
1240855629968723968
1242182396654399490
1239280081232490496
1262164973834231808
1243643346012090368
1254215165307785218
1252131925604528130
1240780163404533760
1251641126039113728
1243749558196170752
1240704191057678337
1243017917211357190
1242259422786838529
1246723349050425347
1238547864445280256
1259977554363965440
1245185904051814401
1254518905181073408
1243084414231277575
1258106858079846401
1243086788886839298
1256017176466612224
1246984241243537408
1243645508733845504
1244751367970779136
1253810153490505728
1242332375670915072
1258096659411505152
1244155835594366986
1237903986092412929
1245470057452322818
1251638483443040256
1260728067657330690
1251643593925595138
1237547174214287368
1243592925381980160
1238550520760954881
1251443222422802432
1251637343515111425
1242265409773907968
1244754128837853184
1237945934429839361
1238549169003876355
1256812869724721153
1245756091192893440
1261073983249604610
1256813841947791361
1245758898914512896
1248500980456415234
1261082618449195008
1236859358484418561
1241818555135361024
1239091970871451649
1247407599449829377
1244791353881423872
1237443390066704384
1263570401185030144
1250911482767798273
1263879578231209984
1247228367465635843
1240773597863395328
1240745505576996865
1247334321272356866
1238268286673907712
1241248817124487168
1246244176892768257
1251679756623286272
1247364481128095746
1245101797024227328
1239960686307856386
1245107766110248960
1244050957383503872
1238746864456847365
1251714103372120064
1243735523149012992
1238296510334287878
1238323016603332609
1235694643066449922
1236484231213117440
1238748404383006720
1240794805220737024
1250918844115243009
1237107694110040064
1236230671099547649
1236760777417199618
1243876810053439489
1257525376344973312
1245929255827124224
1260444427224518658
1236281905848266752
1244494148129996800
1236761785882968065
1247489271029620736
1246951751510413312
1237565564672831488
1250446508752764931
1260818046215573505
1246936012611129344
1236506233491709952
1241108611541000192
1258299259608199168
1245607280071987201
1241557038502535168
1244053705336320000
1246343807722860545
1239345951103258624
1236761062973689856
1245860940735606786
1243611934412304384
1246267409322958849
1238323885746999296
1245538231204052995
1241189725291139074
1235696584748228608
1241989625859596288
1237066796072484864
1236843138330714112
1258283869217845248
1242959298088452096
1257832967382204419
1238304206810787841
1237143865053700096
1242715851985281024
1256483075380273152
1246994063397535744
1245663992821026821
1235048455367585795
1235061679269928960
1244773992205975553
1241623206542241793
1240511815462748161
1248729678673829888
1255483456760528898
1237442612606320640
1245133984926859264
1244450494745120774
1263871776301318144
1241519604104478720
1240523129102815232
1248403635597262853
1255609743537668096
1237823309036703744
1249407922070790144
1247417851759038464
1236759850639491072
1257770677513228288
1240084884397256705
1251382486816313345
1239000088292151296
1240419795012431872
1259753352419610624
1238698176170700806
1235016127593365504
1265897042544640001
1236031036980514816
1259061967647473664
1264869781942878208
1250579681356595200
1236718442658463744
1240030764474875905
1244026621444509696
1244222486603894784
1252472403633946624
1256310841311260674
1253431916872622091
1235671796537425922
1247059058537803777
1236908665090617346
1238672064938012672
1248318919779086338
1241131773871833089
1248783639187349504
1255656827481493505
1253991859917127681
1250919977600733184
1237283111781593089
1256833902968098816
1236465521496739840
1241195262090993669
1237891193347817472
1243432201166848002
1253024638784819200
1236468112347631616
1246162361800507392
1239726203562385409
1244003204813082631
1238011245820653569
1257583094627852289
1252819056316436481
1250210874049978368
1242879028882575360
1235030437824581632
1237145163790573568
1267220957938225153
1237929572101787648
1248156761917394946
1259730300986261505
1240222985698467840
1245901492646817793
1241150533387288578
1253095687937331201
1244766421495582720
1247601455889911809
1245912325829218304
1241131346472263680
1250602662061436928
1250205053463326720
1246176931789357057
1251681772942704640
1243372919020871680
1247291174299160577
1255761724029808641
1236143476422504449
1241490953287811072
1236753350990819328
1244809339845537792
1236450798319460352
1236753183533223937
1240002018749505536
1246171935580377088
1245983237748535296
1257631745429524482
1240679070762848257
1238563480266891264
1269377564797210625
1258263567356145664
1244090366279602176
1239054865323573249
1239795757567246336
1262188436297076736
1240117344887685120
1238370530538827776
1248467252225036289
1266973543356461056
1238739974582874114
1250681864794238977
1250892507140898816
1238634085192327168
1256844274055835654
1241928742361903104
1235487518499328001
1255756263331258370
1243618105013628928
1257875328539611137
1245911466567299073
1240003898162601984
1238485790688071680
1245825014747656192
1265823157736226816
1237920787165622272
1252123943634272259
1261569507291619328
1245460447714619393
1256463897403351041
1263365366991867904
1240432677842374656
1238620816780038144
1238980055830687746
1237187347243872258
1240119279300890625
1245255354390179841
1243989610092351493
1252498500362756096
1235646404032253954
1262555049558831105
1242901397957312513
1238290308720295937
1255577913132371968
1244009562329337859
1252124405443858432
1241183093987262464
1240002402599624704
1240359688534982657
1246541251249180673
1253221069940387840
1238526943332458498
1239288660123471872
1240234310688362496
1237424812810797058
1236582467940696065
1248025728706207745
1239791920387248128
1243988302975258624
1244447002416611328
1240371078708355072
1244489170615066624
1257158351667912705
1268742158313336832
1237622805883019265
1254995531153080320
1240090810592317440
1255633209292808192
1240769389843992576
1255765012997566464
1248313014861746176
1239794067707326465
1256039882767495169
1236582151983783936
1243156519933394949
1241180836289867777
1238625401800294400
1238732019758067712
1246672934363525121
1247002064325992448
1240649619261906945
1241179940508151808
1252837913919811596
1261406774025949185
1247995678116032512
1237632479122444288
1243808384995823618
1239015750116839424
1244684057943957506
1259739793035943937
1237559461796954112
1246670474001539073
1243608020501716992
1246632267176226817
1246682702423764992
1235981154399870976
1244480800264839169
1240779613569077249
1238248701254139904
1242265600618987520
1268050176427483137
1236847846030053376
1238245770316460041
1242259463890849792
1245187014040809474
1250510272244019201
1236852884890767360
1242266527761494016
1249826552033894401
