1260567372727046149
1246539165350559745
1242255581466914816
1243382877464621058
1240172355227226112
1245125144068026368
1240950849515319296
1234981917826547712
1265299516267196419
1269810729307127808
1246241622855049216
1253147985497604096
1245266091254771712
1249421389922263041
1240989538245169154
1244437628578967553
1245890524277399552
1267130160626782213
1263868022550224896
1242939865248882690
1242497503225737216
1239739678477049856
1249377514079715328
1235235873777573888
1243324539133550592
1246998872821358592
1241674273376235522
1252833969457909760
1238985461172862976
1243282618646294534
1243307084675837952
1249262470314594308
1258411414806425601
1239330770923048960
1256664704283488259
1239538853452472320
1238913903066664960
1241553621109493760
1245127935121436672
1259989397673410560
1241936735455424513
1262262499912544256
1247945363954077697
1238323488412143617
1262843033692692480
1238340063542403072
1238106884910936066
1262174074689605632
1259909890425925634
1245718095190089729
1267598116288528384
1245133821567066113
1254250271581990912
1237179384429084672
1238494397076869120
1243261974110023680
1258151192598732801
1248092403900149761
1241986348929544192
1245108046491086849
1245744137921392640
1237174021013135360
1243355725268566016
1238913787790602241
1243283913813843968
1255714200241856512
1247673415831400450
1255692330671071238
1245133908120719360
1243220497447284736
1241811637356515328
1248229491815714816
1252054591501291520
1250071545411710984
1242304017234939906
1240123833782280198
1240306176450899969
1258849129196707840
1253431578081980416
1247583805143056384
1241614690712616960
1239550672296505345
1262020153274822656
1242597453355872258
1239653169262505987
1248647170988707841
1254835213982523393
1237571798650081282
1238951239225769984
1246851418599723013
1249492969813463042
1238495616612745216
1249054021584736256
1238999910478794753
1258688891059490817
1249894115593994240
1245729379600068608
1236129113070419968
1242737808315314182
1241263213045362688
1241671983651160069
1255718518118428672
1242213439566536704
1252914018466926592
1249459859663122432
1238651927245672449
1261322816302878723
1240748273012371456
1238713699117830145
1239869352117071873
1241734211356119040
1265295890845069314
1240399939416600577
1251713961214406656
1242540666942439424
1242159773815951365
1244432065434505216
1247333331500290050
1249695648112201731
1248754884838436866
1239551098123239425
1237695207778312192
1241034277627654145
1247038211647344640
1260479214802866179
1246025447231479808
1240295880025968640
1243364465472671744
1245820950655819777
1258674377878466561
1242254671265157127
1237487520545247232
1247549168043741184
1240594190473388033
1236028654099918848
1238213571378475008
1258796733708066816
1241513976174751744
1238663127593607176
1236408698936778752
1246060339617132546
1249764360169242625
1240138862116122627
1244788612664659970
1261415920938831872
1235711292067000320
1252597218579673089
1238519780933435394
1249720318052065280
1237570993683480576
1242573076761468928
1249588187778826240
1269362855402369024
1253013035733487616
1238105362814734337
1250267806928523271
1252023838805684226
1237856631989235714
1244119806816571392
1249759203599831044
1250448135920336896
1270342419607744513
1238986452169416706
1239372648125091842
1243328021550878720
1241198315221307394
1238677337492688896
1243737639636746240
1237813599520735233
1254952572026105856
1261150730947383296
1250090762844270592
1251726288357744640
1250809084271443968
1258605836072435712
1237085980542173184
1245781883746566144
1245114467660132353
1244643895268364289
1265097903208456197
1240070309551558656
1243740468208209921
1253146397571837954
1258412323397488641
1239262293256327170
1261743451961323520
1241033251537309696
1244475549558263808
1238231194556231680
1244477377486319617
1237650748504080387
1247485460303077376
1240732057241882626
1250068921887195136
1239088868139266049
1240950929878183936
1265295498493100033
1250423168650469384
1246270878049943552
1240824567033032704
1238358762487812098
1238863986700894208
1238911028328452096
1242941906171998213
1247172881244499972
1239623399028051968
1251108167305420800
1238643423906648064
1244267918528876551
1261741489891074048
1257795198106681350
1242558940899991552
1256282165945331713
1239649477889118208
1244805551256723457
1248854436929130497
1237134773627154434
1237405900777766912
1237229958692368395
1261056075995873280
1238609303507849216
1238798823209627648
1244832683974258688
1240433432427020288
1237423893247193088
1258458145774399491
1244902294660890624
1238678405870006273
1242708838748278785
1239091359924883456
1260598845190230018
1249336491492294656
1246859988296859649
1239392966893957121
1246218524676124672
1253401687965876224
1239265610313265152
1238295815593930752
1253071381660463104
1250457805783351296
1244794428327211008
1239437230302588928
1266551768122441729
1238605697576628226
1237479221640880128
1249256164287631362
1239624907798892548
1243275483736715264
1257439005064531973
1246403461605801984
1249396381514485760
1241539357539885056
1238685083311017985
1239538623596257288
1251347454156353536
1247366737265192960
1243708324048035840
1242477316225347584
1251167684231749632
1243303601675608069
1247951069436497920
1244466506471059459
1260312369739243520
1238496267237330945
1236784389700243458
1266756367185899521
1265297694840377344
1244758679737397248
1253755015749152775
1242558120519327744
1237533256632819713
1247172517392830464
1246360324921384962
1259891532691210241
1251562973929193474
1236628225230594050
1256594285148987392
1257009961697112064
1241896056431894533
1249374033298087937
1239836118368968707
1268545633419513859
1238110268757962752
1246152529529823232
1237532541726253056
1237526346802147328
1248646278512136199
1251329595250323457
1240420546824847362
1265297254945972225
1256006151214297088
1239225732947005440
1242516734352838657
1265335869268877312
1238143084988223489
1242653570714886144
1238605236735860736
1237227932344410117
1269159671287279617
1241897264538247171
1239098266236547078
1238473593383616512
1237164715165413376
1241993749183356930
1267007652824899589
1250242463328944130
1258917491151167491
1247422430794018816
1240594569638449152
1244774008903458817
1238261868382302208
1258073377639591936
1249273264632934402
1257806896624365568
1250809290148855808
1248098096665341957
1243515211945889794
1239374469778587648
1262106569308729344
1248795267983241216
1242009748788015107
1237131409002614784
1238140125038641157
1249497111650914305
1245524377627586560
1238519742954012672
1241799785616519169
1240064630690418688
1240040013510803457
1240308797320519680
1249073778467823617
1240384165364695040
1236882602906120193
1249272828089651200
1238276844954071041
1236783862820163585
1251503393165606916
1265334225382735872
1243362766972284928
1242488161088860160
1238352425439789056
1248651672655515649
1255614347679723521
1241692738736644098
1237771739985133568
1245372007455133701
1248848954738925574
1247185865857589249
1239550688998219777
1247585359283683328
1240880091921395714
1242979667151163393
1241414236665864192
1240134336176885765
1241568474834468864
1239758451070218241
1241138473840476160
1261375453794689026
1257092472691286016
1238534813151195137
1249738791629307904
1239668780730478592
1239659868656562176
1245109691438395392
1235360669341343744
1237114391394267136
1239334971917008896
1238880016877805570
1267073111066677248
1237748902599593984
1249403589279092736
1241386318497591299
1246518787408416769
1265156039336325123
1254202268720623616
1254687082288517120
1244419884945043456
1243355477968187392
1241550698505834502
1245025568053235724
1242685516866154496
1265387469597315072
1264219236718637056
1240098836225200129
1239754340589502469
1247442078092546054
1241563821610692608
1239226722802782209
1239226818768457728
1256762729068724225
1239195349111025664
1237831167123976192
1238362596555644928
1243364310056718337
1263453277074731010
1267991509317464065
1235829392598659072
1240822266524340224
1239743105894514689
1235747620200411136
1238274609771941888
1265057512249872386
1237902243220742144
1242935218081685504
1261379508701024256
1239747886415376385
1252732244411777028
1237216209218592768
1264967474040016909
1240434949661941760
1244205083132178432
1241881961737707521
1239999966367461376
1267004049976483840
1235230171805790208
1241789375437877251
1265296627721318400
1268286452456022019
1256649927528251398
1246030646557851649
1245202743247200256
1241129209566642176
1238202734328741889
1240991923902406656
1255656600850710530
1237813880165822464
1254868163608457216
1259764727565053952
1267004441997148160
1265337086632067073
1239303183236616193
1250491115918094336
1243239824196136960
1235397597012963328
1246964318664458243
1243304491706798080
1242684417534902272
1251233307473272832
1238496614899040259
1239644659267153923
1248844729350938624
1244722108208263170
1242149744358481920
1255734477961097216
1245795989216063493
1242984611904237569
1245156300603838466
1242227712611278849
1252735716901228545
1247188381118971909
1243112146172444673
1247971441699504129
1262484767645130754
1238507300865769472
1248010318011174915
1239076826506334208
1237819512805658625
1265296269276135424
1237897850219950081
1246876908542775297
1243987970689880070
1251545086678011906
1246932088210599936
1237530694026326016
1257700190124818433
1237256450566569984
1241557946095390721
1234933865027760128
1242547466609651712
1259133282274275333
1249066185913593856
1241532767306801153
1259016788404170754
1252322027660210176
1237213361374289923
1237520595442491395
1242079335101509633
1257185894466850816
1267000856106299394
1245820973615443968
1238673269286469633
1247951692823314432
1260379029699346432
1237482857758519296
1242504913646567425
1235863402603401223
1265331340683046912
1246879396897538048
1253236713519869954
1251604557202771970
1235417755626557440
1245903421170954241
1243269535622299649
1267781494421876736
1239233436188962817
1247255420319576065
1246221591999995904
1239747276450328577
1239645917491245058
1242570514645708800
1250247167958061056
1256079504453197825
1246219180749107202
1237509541421395970
1250198254186139649
1263251862402109440
1237810330689884160
1266823165507821569
1265299017602199553
1243292459758579712
1235265489334460416
1245003025158148096
1237437990164729857
1253843572387753990
1240991923432607744
1256024132967206912
1256026727861510147
1238475655601434626
1255042341980655616
1241176774119010304
1244064978388357120
1236462530681167872
1240172133537312769
1240341323791527936
1238353531561594883
1256732805528039430
1245570379319373831
1235265022684618752
1236407706900025344
1246918676931997696
1249528744861003776
1238619668815855616
1245497836604710912
1260714567925067776
1256027717008424960
1238272785316581376
1253846338208489474
1240078653020463104
1242901799922618368
1266066756810014722
1250056393236742144
1247217555434950657
1252684114123096064
1265328529190739974
1241113081779896320
1247053911116017665
1247604245009850369
1238966989353148416
1235266623570735107
1253564991757668353
1246079068669243392
1242892102893101058
1242903133686128641
1241119071485063168
1239763177312665600
1238282862341681152
1240092207123595270
1242617614918008832
1250683042542354433
1236755328726781953
1254983682323935233
1248407977016438784
1241138787826032640
1240022510948610048
1255600307561574401
1247608045271535616
1246687857227395077
1237504308427419648
1244069645776072706
1260308250785837056
1240921073052299265
1237529458011066368
1240063857848025088
1248804547360776192
1263513050302124033
1264703129158742018
1256024822250786817
1242147992498368512
1254975540181692417
1262795562119688192
1253831516376924160
1257728117734387712
1238601174518878209
1238695121169731585
1251559702862815232
1252637898328834048
1261327578473787393
1241517904048173056
1244738049432383488
1238492764775448576
1237426909941653504
1237426974622007296
1249255289070612481
1238496216020684802
1254917699517505537
1242429749131005954
1251306115838676993
1238251793341206531
1261030107910529024
1239021624315109376
1249276053542940672
1261469036124139521
1241855376942870531
1239433831393845253
1243932769484279812
1252245435726524417
1258075147061260288
1247726432215658496
1239233953455681541
1239542786266820610
1248773123018809345
1238475938934837249
1240009852912414720
1247212300005597200
1245111875383123968
1247218994941231107
1253365348084129792
1244063402244227072
1270092084645474306
1247978997654228993
1247764080535822339
1250098198271549442
1251859372436668417
1239231977942732800
1247980154506248192
1258598059514236928
1262252227969773569
1247184517137219584
1246838898061271040
1236278699391139840
1247058283996667910
1239076101881659392
1238926577439608832
1265337388034736128
1245833346829160449
1248427652173549568
1239021535760797696
1236493763712675840
1265330752717119488
1254945683334823936
1240047078413197313
1260338654930563072
1264628279081910273
1247228316232237056
1250156148176474112
1246552531871957005
1254068866600198144
1235769914067226624
1250607344330747906
1247609772402188293
1246297367848067074
1238601444372013056
1237875960436781056
1252515242044616705
1269794663910666241
1242847911680954373
1266670976751656960
1262040388077903874
1242306009307078656
1243258320867082241
1248360999347838977
1249405592533229568
1247191434773422082
1252393519064309760
1264044092301836288
1240449008792825856
1239447157800701957
1238832959324446721
1243474363510210560
1245156720063569920
1239527155366645768
1240791843773636608
1238284686331273216
1254623731202154496
1242672536262828033
1246537917561888769
1252765988656803840
1252075360562212871
1238504550639656962
1256079377374130176
1255355422334164992
1262839045643661312
1269788875796299776
1238924270362746881
1251138054531604480
1238256818729693186
1236646578993029125
1239021654736375810
1247978695496568833
1246271558403813376
1247351154897342464
1246917559082868736
1256076932417851395
1235265748362092544
1239024424159862785
1246758173773463552
1238915406653358081
1247324431870902272
1239796393755037696
1240091924767354881
1236739942958522368
1242905337918656513
1252396720190681088
1250899414119415810
1255689761403985920
1252007793646661632
1250985309900165120
1236790834621636608
1241150530644258816
1262747852784074760
1258906783533240320
1240323159590649856
1244134250409938945
1238496312850403333
1238874686714335232
1262831868107358208
1241456946076479488
1246427773968609281
1247617391208652804
1257861219555278849
1243260238267961345
1251910066208296960
1260030811991969798
1238624685593509888
1243175037554712577
1259214765768884225
1238480925253488646
1260505574862729218
1242267320057135105
1249239665271394306
1237425505575391232
1260369585632501765
1255785274346319872
1258977900667133957
1247694652540502018
1251541910918852608
1258089075434614784
1247353633705873408
1241137425084104704
1241565152903696384
1250209129001435137
1242908096206229504
1245906736025722880
1254092784295788547
1245796114017570818
1239948192633872384
1251247581025320960
1260503160747147267
1250637200913428484
1263899625716510723
1246920261389221890
1243969959073443841
1239029238486859779
1236406038867234817
1248741680561278976
1245341296920678403
1236714312300806144
1244658052743061504
1259507311585841152
1250570619365675008
1250294624813330432
1240013775744290816
1235793899005923333
1259257452161167360
1238629387521622017
1241449816632127488
1256276107482947589
1242633257314729984
1239378069330092037
1238290328437710848
1243259219416993794
1255883763906560002
1247152723843137542
1248372621063806976
1236748864528371712
1241177142077120514
1264382749885886464
1242624331479273472
1239924942679859205
1250664986189291521
1237189682498166785
1245205722679279616
1265301825751638016
1252120074401398784
1255177537451253770
1244148549559832576
1239486136377999362
1237914650538172416
1239171336477372416
1238614145215262721
1248043914621140993
1252420901842214914
1238929534084198400
1250213964908093440
1235263727374458881
1243685020059009025
1238625766621040640
1246281828429750273
1259394525400690690
1252789436120567808
1240922726304378882
1239673930375254016
1239704482641874944
1245144321386405890
1246991295303823360
1251694310094864384
1246842612679462912
1260342261507710976
1238526902236631043
1264297976458932225
1254038479027097600
1243684247434448896
1247815202784940033
1265306707837648897
1262475676491198472
1259011858612269057
1241182291264598017
1264240098909945857
1243660291612618752
1238605186223853570
1238504832538836992
1240815914003517443
1247577939509731330
1245564850123632648
1245016761029754882
1246273624878784512
1238619710675025920
1252153226658365441
1248033894403727360
1238923552700559360
1248664303713923073
1245720193407447040
1245332107875975168
1250053107100397569
1255213496863604736
1246973989747970048
1242810491216359424
1243604379363446784
1259945835359424512
1235264587890491392
1239982493157044224
1244716068343431170
1256863635504197632
1243928440555704320
1236402485331480577
1263253312918282245
1237375210862424064
1235662903916646401
1251823963858059270
1244443942155718656
1241603094112120832
1243028877229715456
1239243188381966338
1244149095654031361
1267479613795516417
1249013212839739393
1241422258792304640
1238234580714471427
1254530163100061696
1247312033889968129
1259875118290857984
1260996151936942080
1249900939311382528
1253470119553978369
1240120711638855682
1236820381723320320
1264316021218742273
1268708473828544514
1247689691014418432
1247580349892354056
1244353525959872512
1239050377825153024
1236714392638517248
1244441950989643776
1238890063494184961
1260034864448856065
1265300694929563648
1239679786537988097
1250489560036868096
1253324519122427904
1246407487575576576
1239016559386886144
1243663286526046208
1242186982932885506
1249104429166411776
1250470264896475142
1253323651497115649
1252788142026842112
1262312068289454080
1249015165955084288
1255216101316857871
1235790433155985408
1236017644542685184
1244146162212323329
1263179295444221952
1239007231045062656
1249698825511436293
1241382880195956739
1246286286538723328
1235982787649232896
1265302644580474880
1265299992056479747
1239695073853366272
1236347685612843008
1258165919475314689
1242398550647910400
1253132498428551168
1243008685254701056
1238206293711523841
1238502626171310081
1241142157383069696
1245560093434769408
1248170493883985920
1241603575475650563
1251288563909447680
1269197680032378880
1239565251424604162
1263840208962719745
1239635482318790656
1238422257115885568
1242816006319304705
1238176098208210944
1244149847487172609
1265464143458402304
1244834807961411586
1238485428610699270
1247306522545106945
1267837162742939649
1248432652287217666
1263511221522726916
1247126004591513601
1237197367306104834
1250719986357690368
1265306344245981184
1259852580714426370
1247265875150987264
1237848378282627077
1265301463321858048
1240621658794151938
1264296024039804928
1246545031810281472
1251214561539002368
1245150716995362816
1256040772530352128
1242899740305448960
1245147621007687681
1249703774412664832
1253747195427217408
1267908862289403905
1237908747353120770
1236438006891868160
1249696184823771137
1254035057511030784
1239173800966512640
1245333721911156736
1267091607729340416
1253761432262303744
1240785536169603078
1239425695270309889
1236483571117744129
1239181732441493506
1244384076506615808
1238567922793992192
1247557310001451008
1261434313934921729
1247900482044956678
1257317509255983109
1244597393670025217
1248052129563992065
1255049022873702400
1250168535516475395
1261713434430918658
1239169599293124608
1243191949089099777
1245146337223598081
1236789595494158338
1241468518471585792
1258845182012747776
1239796775352819712
1263380282310156288
1245556840022204416
1251968449141592064
1238288020412850177
1250971747995627521
1253506460178198531
1242835103123771392
1245501209458266114
1265942906801541122
1241143480371404800
1235731992806744064
1238117378220675073
1237916311356706816
1238504279138172928
1243723365665239040
1238053939825668096
1236098338430177280
1249386800981749760
1240563439530991616
1261919831953047552
1238121548717817856
1239895704350285825
1240056211514339330
1244714624051589120
1236820509964111872
1245186382244413440
1268292062845087744
1261392462636957697
1252357757006524417
1241371550827212800
1243688483073318912
1245914423589515264
1237237390197964801
1243827598590767104
1265302215083782144
1243685409046941697
1243751546552287232
1249343708723425280
1243990608143945728
1255918876975460353
1265338284122599424
1244713632346206209
1261391964257181697
1238144813834203136
1258854913020293120
1250497850066079744
1240781416666763264
1262278166543912967
1238120071538438147
1242637128976044032
1240856292375199745
1252584587156312064
1244748459736854531
1240786126916349953
1265300246877270016
1238859287960489987
1242893899107975168
1255438320160702464
1242916026880147461
1237935237448871936
1259150816952213505
1240860576407928832
1243760966136770563
1238190543273775104
1246631947884843008
1237909288435109888
1238854171559788545
1243349021592150022
1253623218172092416
1243603612258963459
1239419830765105152
1238115280313671686
1244299245768683526
1250382705167970304
1257495399952027648
1255584871696621568
1260375176182525953
1252143050198929408
1262336553575084032
1240578685259792384
1247084106166317058
1265532644055449601
1238981577620590594
1257000317075382272
1245187221805617152
1244330126063677441
1244460589449011202
1259284161824649216
1257891889703006208
1237978377111232513
1253505300600098816
1254471129575481349
1251324607178498048
1243015983616249856
1257147081019453440
1251410641270816768
1253855358864338944
1263459764140273664
1265658055036817408
1237972609771302912
1243750742990532609
1240710137070759936
1243995226357633024
1256228848406007808
1258108770988593152
1247240770270060544
1241092604793622528
1239417010276057088
1259040544455606272
1242265453323407360
1238126230487977989
1242261638146744322
1262542375362019329
1263892398167343105
1245472368014704640
1237942016215887872
1237545487281950721
1245760554309844992
1234972634313396224
1237296014354046976
1260728726527991808
1237295372046761986
1238125729239273472
1238675913195130881
1243587535613251584
1240976584422461440
1245634197034688512
1245107864047202304
1248240316903088132
1263083278765928449
1243699364083535873
1252677087233740800
1259565549819838464
1243700067837440000
1260205186326368257
1239197067437731840
1248272200735612930
1253148847410425857
1254332863756918784
1238825570714017797
1242506839826108416
1242213201707556864
1242111061655867396
1239408538008551424
1255326772557733888
1245896602528571393
1238451246324826113
1255153741977669636
1241541864647299074
1240712037015023617
1247169894585491457
1238467002525569031
1242987067249844225
1254614731979018240
1238139830069940224
1254570195575701505
1242669785457938437
1262703970176425986
1250806086212284418
1236372391472713728
1244674131041239040
1250231318866100224
1248992019432734720
1243461952115888135
1264077285025411072
1255962905767481346
1238153396030279682
1256374015264002048
1248716026117623809
1248339589778927616
1266411492213211140
1238142556644364288
1250224774774542337
1255628452721340417
1259929878503157760
1259559505160896513
1250551415157620736
1242380708607213568
1263646946675302404
1248340056638545920
1240517709927837696
1240309249936207873
1263327908459958273
1262531546595987456
1254445058775867394
1247516943529029632
1251267230731362304
1246160383951470592
1264244314516774913
1242279970455445509
1268580783087894529
1262533151156342784
1238320197250899968
1248265714978324483
1237829469756219392
1251696782326849537
1269265594550874113
1238236855054692352
1254050200911581186
1257786368442478592
1238139181743738881
1258604140034318337
1243159718480113664
1253382856786632704
1238089112571146242
1264956051524222976
1253344808438882304
1242383161733992452
1250225040756338688
1248723417215320064
1237785738877566976
1246627099177148416
1238671468042559488
1257771423134711808
1243220094697615363
1245765157000638465
1240513546326290432
1245763347737239552
1245527741912342528
1244295757269622785
1249205127191420931
1250954523364880384
1256053446593011712
1239605703305621504
1246028536047005697
1257026306975232001
1248091366254473217
1267948318623059973
1255357353303695361
1250744489343283202
1241661571698323456
1255154073663234048
1242446105150775303
1258848292093353985
1265099257666625536
1265094199440896000
1248681045823598598
1238672092893241346
1252063446897582082
1248600616055844864
1237054204109193221
1244287833042378754
1242888417400074242
1243339878823350274
1249429543347077120
1250981061439287296
1239681887460683776
1236675086867824642
1244704740845346816
1251695398013427712
1237920987976364032
1251203672022765574
1238187609492312064
1243300398166732800
1258254905376075776
1251681428384837632
1249535960208965632
1239790303214620672
1255993635889246208
1250600106241359872
1241175763493072896
1238277925205499904
1247618878873747466
1241935719800516608
1243297868376444928
1246519108595634181
1248716614821789696
1257698426554159104
1237606057767137281
1239763550962249728
1242853197372256256
1239365271959130112
1266480390274859009
1240092040626462720
1239443302446804992
1235809127294623744
1255301680255635461
1243714409551122437
1253083605468774400
1240825472339988481
1237193388698431488
1248612858360778758
1246055787589296128
1240503464037244928
1240150248229666817
1239238581597532160
1235379791710294017
1237921685753356289
1252639017666924545
1235056473392041985
1260083700554821633
1237102424373866496
1260243002544410631
1243300433075949568
1240107865454587907
1255725117167947776
1255843988289892353
1263678537661206529
1253495551527538688
1238502483724341248
1244397202761375744
1250858701872746497
1242318414254727169
1241729082968006656
1239715806738386944
1241039516606926848
1261432946713522176
1240111132188147712
1239570013624754176
1239218488813563904
1250149715443769344
1248710279992619014
1238311443616825345
1237887463386828800
1251625882222882816
1243966525104513026
1259823092315983874
1240121208445849602
1241025859802161152
1245056335655272448
1263529772312719360
1251547125852168200
1247732635230564354
1255921478106660866
1251181073414811648
1250457117049286656
1259968620999831552
1246464093126459392
1249008923476029444
1256044496120233985
1250165710015225856
1248046839452090374
1259487606816911361
1258838443972419585
1249510813255135233
1255405291207876608
1246831038891839488
1245565857398288384
1243193941589024776
1265798137467240449
1252444264610529280
1238117218791182336
1253108682700677120
1259287098097426432
1243914658110570497
1239034865229520896
1238631550918377473
1242637627720777728
1239355830396276737
1242510903913807872
1237312136222617601
1243043849737342976
1238147212997099520
1258057249362042880
1245183267357069314
1244719926897606656
1243539041477410818
1245181183777882112
1242259661903912960
1265760624593772544
1242139099835723777
