1241556500293746689
1246512900984000513
1252690146807484419
1239186737420787723
1266576006653059072
1242786646581555201
1253962026101194752
1241353351448662016
1253885241183350787
1241088538797576192
1237744250428817410
1251295798035390464
1260950259762712577
1247845488189112320
1238944332423593985
1247880495532302336
1260716801639567360
1248815783108640769
1240909183656001537
1244371368319365123
1244081625983586317
1239269202592178176
1255546016042029056
1246102198490185732
1257380919339614211
1252575024512466946
1236805372284940288
1254494972633591813
1254613527719002113
1252676563482685444
1252793096875761665
1250934230953218056
1246068386964082688
1242744844612747266
1245537843197489153
1255512943652999172
1253861712383614979
1246906740773453824
1240197900610781184
1239552543656677377
1266509028659728386
1254512324599218176
1264335796657627137
1241357425812410370
1243047396688506880
1239600137372078087
1241851765374496769
1258311499111686146
1254568638285316098
1246650700995665922
1265014043372400641
1265133461372833792
1244022957732700160
1247667398288736257
1236271874226696194
1239615957028536321
1243983064574889985
1248913402556284928
1264235521271873541
1258628539437518848
1258102680762961922
1249754111362416641
1237445762943987712
1245116247597088769
1257413350557966337
1268546910312431617
1244048908604579844
1260577157572632578
1257648359545999360
1252371026995867653
1246939714940272641
1239963278979170306
1260581688985427969
1240980888567103490
1250089278308302854
1255229885972459522
1244670500472848386
1256382196920786945
1248570984501776384
1256103996185608193
1243703751694835718
1243277987929305088
1242939763092586496
1251756788413681664
1248303207618613249
1242535500352798726
1251752324122501120
1268571157021761536
1238339450171723778
1238894487176384514
1240338676930023424
1239268991354441728
1256215808021331968
1261689378478460928
1239370605406937088
1253523457545064448
1251043565981044744
1239373719878766592
1243368357987880963
1246774182571995138
1256325166579113994
1239371498344919040
1251774416146620419
1248272508257787907
1241213106853949446
1238942674738085888
1239743919153348609
1239000866243428353
1258951229897682944
1237967841225302017
1242523693634420739
1248750116523081728
1245599284323475456
1248343772125069312
1245164514305286145
1262674826508095488
1257771463249100800
1242665526654009345
1237067573562355712
1248860801537937409
1239618033376808961
1250440155082526732
1247887621713346561
1244051746391023617
1257804847790862338
1247970202458841088
1247971018582474753
1244427453474451459
1237825390288265216
1242528607874043907
1239961021361664000
1242256870783533056
1256530233404149760
1242990502028460032
1259895209397288960
1251228105936691200
1251044118345715719
1250970374931648513
1245817809143300096
1238897665611571201
1241783052336070657
1242748147329388545
1237696697544986628
1239629781530001409
1243699335113723909
1251572532861448192
1256388645155676167
1237053891516272645
1236126537365229571
1246995096102469634
1245162171870457856
1236829727983271936
1248438872415055872
1234910386018770953
1257305717444210689
1241405973295759360
1242275861610577921
1254507130675175427
1252722656878747650
1242153951572766720
1239597003472068609
1262021791507152896
1268549117501939719
1238534266780299265
1248748371923345408
1248655749691162624
1249748987785207814
1237932611500232705
1248229972768108545
1252041953031737344
1238449986762915847
1241865729600880640
1238958262567010311
1245726864984899585
1240463486574104577
1262803442017468419
1268266040607363072
1259925949480656896
1256762245310283777
1244373109752414211
1238894609314516993
1253814109403000834
1243455881750228993
1250104271254818823
1242597709309194240
1245160734025306112
1236248357875613696
1251499001263861762
1245128070572408836
1258039648749830146
1243337976807112708
1265664011909189634
1242196143204950018
1247366619053076481
1251165852373848064
1250397574768529408
1245886112763183104
1251344037149388800
1257546331406700546
1252234791182688259
1243726579177586688
1246936118328786946
1247299873491292161
1242596631200985089
1255337310859689984
1240867666988072967
1248220201549737984
1240378430551703552
1241460222654382099
1242945414703316994
1256299230232281088
1240050972979875842
1241744169326055425
1254506937888243712
1255704153449549826
1255228508990816256
1241214492152926209
1252795068991365120
1239549791522209793
1240797933173424129
1262110875856625671
1263221008057667584
1238644549888684032
1249721134569971712
1262237081230770176
1260052850555498501
1241893918154915840
1242444029133860865
1258914448997318657
1252219282122997760
1253636237438713857
1247672827060379649
1258819011325898759
1265391471479398400
1236802550931824642
1238277332885962753
1240770317913595904
1240375860219256833
1239383501457305600
1245158830553600001
1252052189025046528
1239962062102695943
1261547911135006721
1253514934719328258
1242989597862363136
1241881381346607105
1245693972581888000
1268331963770966017
1253025488513175552
1237722066239082496
1254158840939139072
1255664882449625088
1256002545203458054
1241563527644659717
1256627844756750337
1248948071981072384
1242281237793906689
1250196087270518785
1242868320388485124
1241812061237248007
1256357355928858629
1234979249854935040
1240271799004397568
1256986020790317057
1240396606333124618
1247277911373201409
1248432655592337408
1259262732597067776
1262633827832397824
1238636407259836422
1241125933140127745
1235273129074872320
1241353523507462144
1243789965743579137
1243840687516389377
1238201068431069184
1261816105229836290
1237517181337980929
1243698718408413184
1242924286853201923
1268550422589067264
1256987895442923523
1242592936472297472
1254690740183207942
1246911513551609856
1260622732640821250
1246911369968058368
1236427522310647808
1248916461252423680
1245721978247536643
1239404884996349953
1243937445420425216
1238301493423415297
1251127830156578824
1247968079713374214
1239655488222040065
1246153747560103940
1240052723757780994
1237855235722231811
1236805461703360512
1262404183644409858
1269008882279612417
1244050443891806210
1244053175428157440
1246949840963198976
1254547636373336066
1246200255558926340
1255735093798285312
1245074807257010177
1248676707323740160
1243982421802061826
1255107065481236480
1268570595337388033
1248758205813055488
1249794513251508234
1249058945584508933
1239738443577638912
1237407459603558401
1251937958380425217
1246209923366731777
1237111579688210433
1236453680775409664
1235170174178861063
1265426511164854272
1240372282276659201
1241853228515500035
1236099041605320706
1244943885278863368
1244439800612040706
1244359700499632129
1239576271765549060
1266510944974385154
1238467816115879937
1262787111314427904
1248747651828514817
1242276250498015235
1243547552139665408
1257365211805294607
1240948742838247431
1240946915103191040
1240946759330824193
1240837629916188673
1237263510205280257
1243584616239415299
1243936732082470913
1238134236131057664
1253096032440913921
1248849459297030144
1252642919540031490
1247369528276893697
1248461378005819392
1242541456029556744
1248681268809805825
1239040209792241665
1246935453099536384
1240776750096941058
1243327869385953281
1263141628375494657
1237169558470918146
1268977611285422080
1235309849673699334
1238819967291871235
1238467122298122240
1239875961736364037
1250093132907192320
1240953989384069122
1241803245728694279
1248013313025298437
1244804903358418947
1255545913273016321
1238258151096451079
1245178121852268548
1265817305184903174
1268952627557040128
1248448696217415680
1239387941962735617
1249360648519258112
1252298469794078722
1264871979632525312
1242988686683377667
1257712697287880704
1250312433362599938
1246517045992308736
1239348639383912452
1267722223110029313
1246131578650181639
1253139253434949638
1252400508959993856
1249691315115302912
1249793407150690311
1247261482766733313
1240063603664924674
1237134281971044352
1262076882301997069
1249832995516633089
1241963779581186048
1241212956559409155
1243195742375817216
1240945136730857472
1258246574196568064
1251342604903559171
1248274517337800704
1249372879944396802
1263906682029199360
1247672095145971713
1241787704540610566
1242198562387230721
1238642220955250688
1261668461614415874
1249337435064086528
1245884519225397251
1245189280290521088
1250806356111736838
1241478350805307397
1247412382273622016
1251565631528411136
1239328088829411329
1238509130668806150
1241801632842756102
1248092125029445632
1234993769121906688
1241986071052812290
1252390452742942725
1241016029083566080
1239550308453199872
1242989196530384898
1263559138732359682
1245046776484200448
1265392944699359244
1239995269778817024
1237564489093922817
1251716756147707906
1246499855654060032
1240821749266223105
1238946214894276609
1261389133047648256
1238134760888811527
1261651533382459392
1244430835404734465
1244829670824194060
1241553037841305601
1242923757494243328
1257480622659993600
1255483929529901057
1259887398093156352
1240638700410662914
1249832480900812801
1249729831853531142
1251510442675048448
1266886138058301440
1246481999931604997
1242133081416491011
1262082623712739328
1248888784822902784
1240338401372647426
1262811745262985219
1249820414127362059
1261823942001668097
1249038242625785863
1249571275447681024
1244794641460924416
1240381090696704004
1244656676931883010
1249411796643065862
1247630046837313546
1244362165949210625
1237888061154852864
1237208711279579142
1235712297189773312
1244638477741948935
1239300901661114368
1243889432731795463
1245688794633965571
1256824506867474435
1259348541471895553
1241809972993851394
1244274969611309056
1238828698444476417
1250837884950675456
1245687761966903297
1252235956628815874
1250832705044045825
1239746269725294593
1249363506773835777
1240409632897732608
1266777548115136517
1241208391315398656
1244809841211826179
1238486313898213376
1253642018393292802
1239756132736000001
1241891065097007105
1242105201521242118
1262223297552551941
1260392474025111558
1247455534149746688
1249524477718904833
1244050601136336897
1238864413899309056
1262789470161600513
1244455945725513729
1249110573217763329
1255339471513563140
1245190014176296963
1242983974718316546
1246198545104977922
1264269867252953088
1258551215203352576
1255966727072088065
1244764967234142212
1256355712000811012
1248651099436916743
1244601851884056579
1259920522407817216
1250899353121828870
1242423994176942081
1251750650179969024
1238661472059826178
1237455556908060672
1247672693752836096
1237223783058071552
1238701306556096512
1241529482273570816
1261069483575332866
1241889672890134528
1242503134561402882
1247569138995867649
1250202419646074880
1256595246949023745
1237141782225457153
1242958659115769857
1245429911977852932
1238665487095136261
1245159552158511104
1243248543508369408
1254159344490426370
1262078442662776835
1248277290078912512
1253073322365136898
1248299972296048640
1243329913823920128
1247587349925711872
1237516934536724480
1244642368948785153
1251153865182859265
1240270977105264642
1244432015048523788
1238140363132600320
1247519039125061633
1246513406997389318
1245308504572919810
1239188319818448902
1241514801341267970
1242279501033136128
1239211141273915393
1241392685581316101
1265355302980988932
1250226552345944066
1243483830364901376
1241132786167222272
1255265246698242048
1250822490357719040
1240263700357013504
1248278984384806917
1249001482453688323
1262387460228734979
1250745976194809857
1246183316216320002
1252751408690073600
1237817506611503113
1243976812226633730
1245126101199917058
1249261565326422019
1252384298755211265
1248218098932617217
1236984615124045826
1249913494255927299
1242492835192061952
1250961884670578694
1239334039007506433
1250903547069243392
1244646076998660096
1252302510485843976
1245719106143375360
1252600763219611648
1244798863610912770
1247393184491200512
1238101885174906881
1248097134295031808
1241517649911320576
1246614931266588672
1245158786148569099
1240643259468328961
1251368476733837313
1239551340222742529
1239599897436999681
1237929287556173824
1268943152913711112
1241558305849434117
1253709661267787776
1236457961071017984
1253569828306239488
1246149711008083968
1239630137961746433
1241738249908948992
1248717022202118144
1241755702030368770
1255546699076055040
1238956891516084224
1261728917125242882
1247667795816525826
1242953401102712838
1245449132946468865
1255229042120372224
1242852240966266882
1250081224544210945
1238559521062170624
1239908905423122433
1242945501256876033
1246338585642651648
1246995009666265089
1245089634130055174
1245533155546800129
1247331240975491072
1245201109666410497
1240636763619479554
1234975585408933889
1246202130278604801
1240639540118896642
1257274304582094849
1243273136247836683
1255611349213810688
1242582790878658560
1262785394388668421
1268577293531787266
1237478490087325696
1249158496580505603
1245848031347593222
1243905569083228162
1246806461654671362
1244394291813928963
1244286463434506242
1247334799406219264
1253421468609736706
1247626058154881031
1249026065500180481
1242254775745462272
1248913665383960576
1240167037076418561
1239778334139207680
1254839772176154627
1264737933258641408
1241894099285954560
1242858272350183425
1240945385356570624
1247545222034272256
1266088909970255872
1235682873585385472
1240719762969296897
1245850131829796866
1249159525774606337
1239395469392035841
1253614706637574149
1259919565561253889
1242926518789079041
1261659405789147142
1240462633410736128
1245820412560318465
1243885124850028545
1249360719260368897
1267591830855733253
1254944552395431938
1240763326675718144
1240381506587107329
1241883821437485058
1238530206735925253
1266362070657830912
1253883096946049026
1265639822191976455
1247284139616866305
1254489605845458945
1251899358385225729
1262533235877306368
1250085551698579459
1250574597130457088
1256650543872774144
1239440447174512640
1235194713231290368
1238663339779260416
1239596281376444416
1268911152504938498
1241808043412729861
1249038611607171072
1238945099461152770
1238455695583916033
1238639902092333061
1242252157518315527
1237926244450213889
1244032348292816897
1249153769310478337
1238507344318914560
1249258479967141888
1256251875562786819
1238817604489424898
1247369280632631301
1256058958382600193
1243460969491304453
1238143927808638976
1242543480708235268
1263342383766347777
1244449081977602049
1244574435975323648
1237828956985921536
1244323368943456261
1259107175043076096
1237832048884289547
1243704668997529604
1252041250364166146
1246094256399437826
1260738510140645376
1254400330894368768
1239766188885979137
1260719981072875527
1259894979360632833
1245584443282083846
1247259041459568640
1238610989169496064
1247648051566706689
1245114653497319425
1257747612016562176
1240308721412116481
1245114381920276487
1247515970987589632
1237520312662503427
1239065069541117952
1247528915100266497
1244610482125889537
1268547812796612609
1238983590014324737
1251935964680904706
1241784513220526083
1246207309753303040
1243785408397393920
1257706039274848256
1241205555345199104
1245189676849389575
1237856947128258568
1258432691386621952
1244438151327776770
1270386527512571904
1245371324140306434
1238534414193307655
1265840630649049089
1247573059009155074
1251573882538123270
1238654024179765249
1242297400343105536
1244440618870415361
1241124241539502082
1242655146653384704
1238899488082755584
1261793164089798662
1260386171298947073
1249279741137387520
1241429699387109377
1245534088611737600
1252381761750745090
1238989074498805762
1239304484217671682
1239602954539327489
1243380145739591683
1242868027869278208
1246157615899578374
1245866099159126017
1249731467057467395
1260553266020089863
1253366262723497986
1252795578569969664
1245165342722228229
1245118788271517696
1245740833346813952
1238942361377550336
1241622167428698112
1254862856438214656
1242453081377386504
1240050362364690437
1262841435566624770
1259558063897485312
1241855134390530054
1237835455766429697
1247375213945372675
1240267780856991744
1258548823971921920
1256034494559268865
1265425891104088064
1244057815964147714
1241387228959571969
1260675519907074048
1256949917228163074
1246496030704664581
1259996638837452800
1240027465680064516
1266185908082094086
1250477527413469186
1252806195619835914
1250939445722873858
1256990996254130179
1236652812584525824
1250195314537086977
1258421851505790976
1249953625914454017
1249755379275378690
1237498146080591873
1237362840752791552
1268334977692942336
1249224210238574592
1245070095564582913
1259561262888955907
1250582227689377794
1265308417402560513
1240039860297248770
1237118302360670208
1258012241472913410
1241512879607689216
1266021720848203782
1268305941390385152
1243329106651086853
1241417276332609536
1262892317557559296
1243388348527345666
1242192190098595841
1243488882106212358
1238129696795131904
1237048994444062720
1254116570785296386
1254406959115141121
1252378822437027841
1265989737657044992
1242192417601785858
1239729087150686215
1262795278941409283
1248276001932611584
1239977962998554624
1255558417147744256
1239691099347845127
1238585467853058050
1239395451062845440
1240553448040521730
1251042187883806720
1251042529241378816
1256009109532532739
1257297655006445568
1245138425348526082
1241805224421076995
1245725426149928962
1244978764385333248
1238591255174696960
1239351868620447746
1236163907825348609
1243980566665576449
1253707102566088704
1242253340559507456
1239758777206870017
1243388541624672260
1240771845017735168
1256702859061735424
1240065388341329926
1238133208581095424
1239393982116958208
1239927820987633664
1270412928718684162
1242133555708407819
1237744786905468935
1241818499091226630
1246583494895165442
1255474313643405312
1251007832960503808
1241821234024845313
1262007560464449536
1241937520876797955
1259922006587432960
1252737064874979330
1258898202901860353
1238132180880105473
1245804602181779456
1260566781355347970
1250260498802769920
1258350120418054145
1249075454218317825
1242953745081798656
1242850773316374531
1243264666048040960
1250230839956422662
1237143480016740352
1245836618512072705
1239200498177236994
1240801877018771461
1254466326359351296
1236288353911390209
1243033217537581057
1238879354245058561
1238079686200229888
1265114095919005698
1246263993557307392
1242469812615426050
1242582040001884161
1248097368509218817
1240255392409665538
1250442210681618435
1259937386559045634
1245417937659465732
1241868987484516355
1236397941298016257
1259312626976411649
1239779342005272577
1240282062369763328
1242953117437739008
1260395809385992192
1237055918757548032
1246810992144797696
1240828079032811521
1250231887546761218
1244611771681423360
1263500937185894400
1237365220877766656
1245870065653694464
1259571963816824832
1256027106988953601
1264244658491863043
1241940472303665157
1266475650623381504
1246823865420066821
1258638089146249220
1244662867468697600
1241387950681853952
1238670611897073664
1245192878760046592
1250210693053394944
1237760290147745793
1237916950883454978
1247883595504549891
1238867442207784961
1243172518208421890
1251784741193383937
1242203448029908992
1243377739111038976
1248754652587360256
1250873460810813442
1251041443013103622
1239396152107245568
1262199379865157632
1254002395522240512
1262179441003958278
1249020269903085571
1237537297840484352
1240848347914788866
1252573530270707714
1265485539966365696
1246017586938236929
1264705639013629957
1239886237944754181
1252571926050021376
1239733959942123520
1245881722488729600
1245153755361918982
1246175565666758662
1240162311278657536
1250620061750091776
1237929961119453185
1242249212470927360
1246104752661893120
1246522809347604486
1250235889525104640
1240027276122734597
1241901537535942663
1251043836937338880
1240702931596267520
1243984308651601922
1238109685909086214
1254112552985989121
1242974102685724673
1250556417171488769
1252667970653949953
1254254068924583936
1246535328313286657
1246549201653305347
1242435166825590784
1243626555768741888
1249411701616848897
1243034377669361664
1254310360825376769
1262887814678687744
1256202940605480960
1237720309081559041
1246057468150587399
1250609062171066368
1238910798308823047
1261375317215764481
1253410406585925641
1247420014610743296
1253057758028587009
1241714715564310528
1242436626497798144
1245719292047511552
1247332364780437505
1246132646930984960
1246183952114692097
1262187778726641668
1237259802197127168
1248322325935726594
1262366193220009985
1261280893961932801
1238213863990071297
1242580538730446848
1266163949621444610
1237996270792384512
1242653118191546370
1250108537298173953
1257688107220193282
1240715615846965258
1251311086453784577
1246452973661761536
1245528948542488576
1245028045326606336
1239394022734602240
1255337299317084166
1242225271748448256
1246848816982228992
1247193817729716226
1246651188013129736
1266745472099778563
1236448503737565184
1258436782212988930
1239387266906292224
1262449969287618562
1251290467678990341
1247566522148696064
1246425085868560384
1254223547150581760
1243280223891787797
1239254710009442306
1241016703863132166
1253450845687070722
1238997989915590661
1242962869165187079
1246217908923088897
1240838600419311617
1247914971570360320
1239383998587117569
1247153823195553792
1251042338392154112
1240465851893067776
1239747673315557377
1246265844562186240
1255008773539848201
1265608235324751872
1255672567207276544
1247295784934084611
1246493926892191745
1244777275532488827
1251511979354861568
1237523482528722945
1242777493989449729
1267378663391211521
1267293340321697792
1238667566668820481
1238595933039988737
1241546838609670144
1268595557146255362
1248607122293764096
1259083087411122176
1240762059081515013
1241891079462453252
1248074486244610049
1237532657434550272
1249893204935270401
1240512631854768128
1261733856161513476
1241138011225669634
1235944291043770368
1256386833191251975
1242473051364745216
1245177486838816768
1237514752806526977
1258904225976913921
1238512177142738944
1249069604158218247
1237082140019474434
1241478513804431360
1237917109818208256
1250550609113239553
1264966909021356033
1263896769857019905
1243126085375623172
1242630766229688321
1249760935197237248
1244012713950527491
1253726239078207489
1255888624794710018
1260685159927595010
1261095538239451137
1251329763970560001
1253536264114122757
1242251002973171721
1245952194668630021
1255962144769744896
1244737680811995137
1243333793479397376
1252415957319905281
1265855034346143744
1246187254185365507
1254616949667049473
1239347282862133248
1239920292417454081
1262964222482407425
1267140362822393856
1243002810943311872
1247546057313181696
1246199737172271106
1245626834839941123
1239928747467452416
1251241616913940487
1261356739322134529
1247598311609176065
1242628822631137282
1239605367329390593
1254581140733792256
1238265095534317573
1251311659605528576
1247352243264815105
1257114888771682304
1236670829259304961
1241800930439421952
1237900661624205314
1265839269077270530
1245141516537991168
1241805254309658631
1238258714244722690
1254008608515375104
1248618941666082816
1245906177562750976
1239760468157370368
1250905916716847105
1246560339040391169
1236722634559283200
1240675915924938752
1238441799389151235
1256064894069325824
1265245827037102080
1253842972111777792
1255680612641447938
1243583307188768768
1250769700319121409
1243217085817409537
1255113988645552129
1253666459030622208
1240411076090638336
1237912559530979328
1250391709835563009
1257208470119596032
1253406297116020743
1248062569329438723
1259939082714611715
1242961567076974593
1247676494165532673
1238918683579293698
1249153121957433345
1251174731081973761
1244035062770929665
1239158649282535426
1258431273091112960
1260000717634502657
1245351885478993922
1247600603603353600
1236751579690274816
1243004513285521408
1238180477770567683
1270510623886016512
1246219953931509767
1235598423694487555
1238960358058012672
1260502097755332608
1239234094816464898
1258435612392271872
1241116691431665671
1268246639216648192
1255630393908375558
1249110738024583169
1240852200529821698
1235598886430859264
1268569241751621632
1248012183629254657
1238231115942551558
1262462194358325249
1267105638779441152
1242245653926993927
1241155111843442688
1239073652404084738
1239726969073176577
1238874941170335744
1246967674900549632
1242885833209917445
1241135952644448256
1243431476638728192
1245544649323950080
1235726731383910413
1242843075879276544
1255907905393643522
1260282172310683649
1255616726445830144
1252243191723679756
1240849305902157830
1245463538765910018
1269037892313190402
1241569941003931649
1251294787103268865
1241882601478029316
1257862589205315586
1243124141005438979
1241868719745368065
1244280815355396096
1251914113527267328
1267108841512189953
1237072306888990727
1255173426492461058
1248453268746821632
1243344052243828736
1245775054899642368
1261482198785540107
1245354088323264519
1246840059715878914
1238340322343731200
1242068353931513856
1260419918119538688
1237915310725963776
1250606351170011138
1240843325332230147
1237916275629797376
1257478741896450053
1244821777752129536
1248598894977613824
1261006245428891649
1241206685504544769
1237899696703549442
1243294018924097544
1242147735857487873
1254789766144380928
1263173494579306497
1239662044095397894
1258023372367241216
1260404826615275520
1260509420619997185
1269796877559529472
1245151682956333058
1250364469198434304
1253059148197048322
1240041099760209920
1237510440701194240
1268566929834496001
1250096599990239232
1247597777435189252
1238935793181372417
1243296048422039553
1253496921228021766
1239951674409615366
1253498180467032065
1237912127475724288
1258061148970258433
1260504670746877953
1243370931302674438
1241793204367884296
1255486633845145605
1242269479113015296
1261460513214484480
1237036241088061441
1252983214265765889
1249905452529463301
1239635704948428800
1240027912885149701
1245095178878308353
1253481939920617472
1253490778783002624
1250253158359711757
1252766015068540928
1246052011608506368
1259560184390787078
1248066935096512515
1240028193278623747
1247564212257390593
1244722649391157250
1239171290772144129
1245462789352820736
1246659433113047043
1242190609299001345
1236744452473008128
1238933471978041346
1269043596973551616
1240609801991671810
1242910349826891776
1251685243561684993
1254600985915334656
1247589792340213760
1242137261606658048
1269003565072363520
1253837493763551234
1251783819746738181
1245733517625040898
1238273694797103107
1239948434800590848
1260379062435893248
1246453763122085889
1244405871037296650
1240044039992487938
1252391350323933189
1239203673105932288
1240717906473816067
1261495566284066822
1253720385599741952
1238601271713640448
1241933704152449025
1250457475624644610
1249433885735374848
1240288043975806978
1257725135005585408
1248328184011141135
1261981018610896896
1250212744567160834
1236720949736755201
1237902527628292101
1243712129787670528
1247847432660168705
1269389298241060866
1248085138996703234
1262431880521097216
1255675424904024069
1258360963633307648
1240036330798809094
1237158301428789248
1237210417031774208
1240087111937728514
1251958045204254720
1242620647244791809
1236321664247508993
1252536866622111745
1240790619049603073
1243797132605370368
1238997977458446337
1241570995099635712
1256273835038519299
1247157380456108037
1245587249854427137
1246099353791614977
1255680771114893312
1242629092245192704
1242098553129926666
1244736331613442048
1265716731600928771
1248029160804499456
1240855002014507008
1258049018506219522
1247696737906700288
1264207626377846785
1243674806924595201
1246895927698300929
1241788649307586560
1239615331938820096
1251861266873843713
1269117703610081281
1239025060398186497
1249850880767262722
1255684835940741120
1268345099332784128
1247294243636490252
1235732021701496832
1239386295631298563
1238157496868573185
1246279037179367429
1242917863507341313
1245003091881197568
1237874433030647808
1261323555003863041
1247289044444352512
1253418461096603653
1241831338010980359
1241922211830734851
1249805865735139329
1259208250354012160
1253508986097328128
1252759159688265728
1251174460306186245
1247680905948344322
1253514260203872264
1244086604148477952
1247230864418836480
1242923556712919041
1247589834799153153
1258068082146361346
1250086539218030593
1242071348471631874
1237914438939955201
1249022739991625728
1242272324029681664
1247733894536990726
1236171612686372864
1250594319578390535
1240031722030366720
1249555052148199424
1250100464835837952
1250100565054492672
1253820592995827715
1242615056560504833
1237508730763112449
1240853983226462209
1239763916680507392
1240771787094458376
1261422989926469632
1266068468836769797
1247350547373572102
1244103657970454528
1240273620812906499
1250947560887418881
1248965742399275008
1244032350641627137
1240120984667148288
1254277474684469248
1244861857057460229
1242230620803252228
1240089679854215168
1242955214933708801
1249167971525812227
1266113596242747406
1252336148938199040
1258179813996724226
1244737135363702784
1241932416811491328
1250863866571034632
1244076869009448960
1242624052939931648
1266403600462471171
1260717560661753857
1257764977924026368
1246276130203742214
1250299210869559296
1265151307503017984
1247194754842013698
1245987378059259906
1260379659889528835
1240426354992168961
1254096080549134340
1251684031420301313
1247141751824973824
1242605510781816837
1253637092837593089
1248000058802311168
1239203494546092032
1255024457942523906
1239505816908161024
1256305960680906752
1247185990944542720
1249365799254609920
1256630504348057600
1239762103281627136
1242634147279101954
1250945934940307456
1245797813545586689
1246434599783346182
1248715508188413952
1246941146724655104
1257089167449706496
1243390544086097928
1242622888198406144
1248059968475054082
1237915289142136834
1249871228732571649
1247564099963293703
1241383838879813633
1253161253813485570
1247619121224781824
1248104790720200705
1247321494683860992
1239343399687331844
1245546335484477440
1255127518505578498
1250988352700125185
1240498420244152332
1249904888894623750
1239710263521263622
1237156435504611328
1236340584048144385
1245390353064235011
1260792580268326912
1239784362041901056
1240768014569660416
1249687288126283777
1242238107648286720
1248358038681145352
1268602117465477121
1253394076055023616
1254804433055232002
1240590314223669248
1247289401182507014
1246658031070437381
1263961546906091520
1240253029535940608
1268687173353713665
1239378029366915073
1239677043434041348
1247327571748020224
1238625619182837760
1237910753983823879
1241921721642487808
1267815948930609152
1241153325908836353
1253589613945540608
1254900199677460480
1239771236202356737
1238292577121599493
1239772395021512704
1256078983550193667
1251686182141988866
1252342965998981124
1237550590260994048
1243121205323890689
1252035104353980416
1249038105845301248
1250840554172223492
1239236821730689029
1251682114220818433
1267813723449655302
1265104255897264129
1242604093182545921
1253064708313288707
1239338742659395589
1262855069831180289
1249539312473047040
1243962972420083712
1250192134776504321
1241854764129947654
1262472645267853313
1244445367862808577
1264772723802324993
1242220072787116033
1256305425214930944
1244240436438405122
1250053995185537029
1239586766069411841
1252293074262294528
1242288221964455941
1239378192458297345
1240426929859280907
1236341689830313990
1244694151515582467
1239709152655618050
1249182832854958082
1240146763937452032
1241570606224674816
1250052178024292364
1262185448589479939
1245829043049639936
1240718638870450177
1238594299748630528
1254983200822173696
1245780586851074050
1243002573369606144
1253374130511986689
1238602543506358272
1248454606541078528
1240701448037339136
1244736907218690050
1241545144651984896
1266067330737614848
1240966937880006656
1237212841402347521
1240028701515014145
1245987648784814080
1250096059281522688
1257857638429347842
1253094699600089089
1248997420341608448
1247327741575340033
1249003452296048642
1260170448140148737
1246844372227948544
1251143476516806662
1237757572771389440
1238838820147212289
1250186849106251781
1238631660624773120
1240788584971546625
1259715046030049280
1250390932425490432
1243932764098957312
1250052937310711814
1239202134220058626
1240018962093617152
1248076480283914242
1239378078645788672
1236447543053164549
1258188815296073728
1239318577628557313
1240117306442858497
1244235460207091712
1243373661198958592
1249805053176811520
1260979880533069824
1246645163063115777
1244764965770276866
1246526344554577922
1245019014818074624
1241486654159945728
1250899365113274371
1251544516638711819
1246492700410593280
1244233355375382528
1267325763575058434
1238233858191110152
1242098066582376449
1247732659733835776
1248699786254880769
1257113280310652928
1240275599370960896
1248671842132467712
1252416474376880129
1238619089066692612
1260323537816084489
1255216238910935044
1243030794622373889
1254983534781108225
1254907671213412353
1248834555173318672
1246525751802789888
1241113810800447488
1260003948997599232
1240413488566198282
1266477597921349636
1243177176477978627
1246199508058374147
1238282347524624385
1242188071942193153
1248822736350216192
1247985870797406211
1237118671996309504
1237082033253425152
1239026104041648133
1239746477506932736
1244236309427818497
1246201995729518598
1247348601581375489
1265476253269856256
1245139867694174211
1247350504893689857
1260914027091431424
1237507739783397379
1237797992356290560
1255944813901426688
1247983183045500936
1242430822054916098
1253375895521419264
1249807308596617217
1255178392875470851
1248553629247836160
1239857104053207040
1259491153805824000
1253062241601159168
1263911681555607557
1241566826535870464
1249804859630669827
1239633800121872385
1240832160103358466
1241766817766486018
1262067904188743683
1243961442585501696
1240456443754680320
1237210812588138499
1240632455041896449
1255353341560991745
1237886514081591296
1254413355823087616
1256820760292872194
1240814385037225984
1247292773163839489
1246815252345425928
1243317632977248256
1260230539069489156
1251291837916200961
1241830121704693760
1240461390634274816
1248549418263089152
1267489309847887872
1245835495352958978
1261315191289110529
1247566432369590273
1268958256874938368
1259490594159767554
1253079782037864450
1253821562450595848
1246887976434634753
1246196226325913600
1252685396451999750
1247690229764575232
1269209107678011397
1255015813146435584
1247531233501827079
1237352962927837184
1252458164655656967
1238207749932138509
1238291991357685762
1246894183811551235
1261102354356744195
1247213612541902849
1243523654555754496
1245834350735884291
1244305957066326018
1240259716498014208
1246253759409332227
1236141422220390400
1237037716677840898
1240352153652334598
1248058275758735360
1246991422517100544
1242791020208816133
1239316915643994114
1265801119458082819
1246258694234550273
1251973857289920516
1239342522419290112
1250873627521748992
1242611478605238273
1241492821548453888
1245826090926575618
1251436829355769859
1247985387491987457
1263516829001158656
1242637292906438658
1244286581575503872
1253777797178408960
1240363298840891394
1252452724966395906
1251871329898369026
1243300452558688256
1239344968776507392
1259492424990314503
1246442784862752768
1260016135690317825
1257157822778937345
1238179307530391552
1246974974499356673
1248551804557811713
1243721113802334208
1239072832153432064
1240714285145341957
1247552001103331328
1241911824649531394
1268564661059964929
1240698865839296514
1244233441106964482
1239288607963316241
1244234492224704512
1239925945387155456
1236688046319456256
1239317348663902208
1258561802608263168
1245211111865057280
1246887866053124096
1261328580761485320
1240352569374978056
1239397231234514949
1253684879922995203
1235244267288899586
1238888346044305410
1241502035096358913
1250189475466153996
1251312658743164930
1247204702758019073
1252624554998009857
1255287914671624199
1241492452667785216
1245146562029916162
1239025710683095041
1241832135914381318
1236119195261296642
1255289984728412160
1253135422902939649
1237843303413854210
1260741610767372288
1240324672052436993
1256461341511958528
1259937180694315011
1242613852572958728
1249303877175988224
1247507106699325440
1238927626997305345
1242129879774134277
1250053252428845056
1253584419287416832
1244964048187375619
1260233391334658048
1246540867860598785
1269087998840274945
1259173791558754304
1253487702059757568
1270473526617743360
1257316621066006532
1256041293526061056
1242120872523108354
1238839592435900416
1264774060174688259
1265853566155096069
1239715993129291776
1240684061317685248
1263293423618064387
1249905695782289408
1256422665503424512
1242637283326648320
1237920979785068544
1241723221646376966
1246411133768081409
1246442041158090752
1238600543116890115
1249974565624786944
1263640045661102082
1244522674342301697
1254214203348602882
1242249584757391361
1235104679442276352
1247993557702631430
1247962174024306689
1261711835897757697
1242176004833058817
1267670411883544581
1245149245923000327
1249803050279026688
1247358462750674944
1248042470392430597
1239340186263142400
1241484512816758793
1248431066953560068
1243000869232222214
1246251177513308161
1244235696212185088
1236120900904333314
1258962597958868992
1253328323201036289
1254912321396322304
1240408845144522757
1261425510841675776
1251056409447403521
1253136931405340672
1236787019004641286
1253475963394031616
1252859499280384007
1240685832823963648
1245808734393131009
1243231078195834881
1241865563581841408
1241544556610551810
1254961324083339265
1251292906675191817
1247698730544963584
1266536737255424000
1235214790039154692
1268350301255458818
1265466129314656256
1239591362057682945
1250189319547076610
1246285464174280705
1263308390396239872
1237420575699734528
1267236753318043658
1239223932475097088
1264253600789823488
1249134178202980352
1263274201902964742
1245399363259686912
1257082745932730371
1247509689040076800
1240088249013501952
1250756798124109824
1255170043962368002
1263590748424777729
1246314200114147328
1252758202275504135
1238996187778355202
1251877110869749761
1243718633118892032
1239241929679867905
1258927625025830920
1236188264811425792
1258182456626360320
1255025467972825088
1251469206358577152
1253883152277397504
1268565943208329222
1268342014900416512
1260230328863666187
1253534380884140035
1243175921814835201
1262254436182876162
1245484349287469062
1240450313011769345
1251644612797779973
1241221379351023619
1263738746320674821
1240440352508710912
1266234793814921216
1238097962795962369
1259371210099613697
1252573821279834112
1239006869143851008
1259932862104641537
1239568758378827782
1248628243206455296
1245168535439126530
1249775888692109314
1262210986490109953
1257751954597515266
1250189558957965312
1253685385198276608
1253106860045012995
1262568824362225664
1264383591649329153
1261420195740110850
1239568390026670081
1246287598630420480
1250213991088975873
1267455122486915072
1240699361098530816
1246827271043907585
1261313173283635207
1253001929044774912
1270539837947498496
1251400992605814784
1258089067239149569
1264775688919355393
1243693502296395777
1253078153381249024
1242612663013818376
1239035114451087361
1240491566713769984
1258393093755359235
1267479631126503424
1250503096305926145
1248822534788780033
1246226415248441345
1242174440349339648
1237124224789164034
1268321212184346626
1238332675523399682
1244446049646850050
1252456269123915776
1240256292746338309
1261176268269248512
1250848498637058054
1246543294643032065
1238581231966728192
1239245244824240134
1252861553348509701
1256045743669948418
1242293902142590976
1248082593595240448
1250062359055523843
1240576591467552773
1243322002997477376
1242721689433247745
1251263962257244164
1247688966251347971
1245787629712539648
1248047728178978816
1244773425442324487
1263189167896432642
1240369032190099460
1242565920008163329
1250157819917144064
1268341124743286785
1235540221313368066
1248427542576377857
1250098537250975744
1270015240651014150
1246972922905923585
1238886640480923649
1244443669085782017
1236686855501996033
1248056045857124353
1248043511456432128
1243963956894539776
1239043686782173185
1252576530225643526
1264829274290294784
1240249360950099970
1255550392399736835
1240321074371452928
1257099736940773381
1241180916032180225
1240686587702198273
1242611225307070464
1256928674970046467
1241149046519140353
1246923280440836102
1252445103291019265
1249352265070260225
1253079281225420800
1245147164860391426
1240070942967173120
1245348582363934720
1257104756058869764
1247989737866039297
1251553959048810498
1240073078203453441
1261333934710968323
1252434550531059715
1239713809180372993
1240451143316189191
1247146468537966592
1263150601447313408
1239287367711801347
1261108791438966789
1268343076386418688
1267666083399565315
1241185608648871937
1263463443786579968
1253325725488148480
1254899606456057856
1253863881396686851
1240539464797167616
1242456624914206720
1244397918922121216
1244350209100046343
1242178447352487936
1244236891626577920
1262364569458049024
1265726830654500867
1245210893287329792
1239066283989250050
1266054727994916864
1252771230974763013
1262498648853811201
1240244281262178305
1254562598445633537
1246134142695288832
1245335986160230405
1250417881243881472
1266441744549384192
1248741544305340417
1235978128226476033
1244235037077393408
1240646291971100672
1262992675105628160
1235557540810932225
1245915623072423936
1236822886444392449
1238094978586460160
1240810500461604864
1240454598525140992
1250154096545366024
1249975328539320320
1238094713976229888
1244348991430631425
1259422096695984129
1247708302441676809
1255682664914354176
1243684348097974273
1243687266771443712
1241064213491179522
1241493513918873600
1246541909121814533
1258885761425911809
1240781916128923650
1246900287861927937
1249120991323787267
1240105072677326849
1244734724897230856
1237194321658630144
1264716705139433472
1245171358662877184
1256430151115722761
1247315579645673479
1239006314166181888
1248591704640442371
1250042946403139584
1254804260296015873
1240008341977477125
1255310330324029440
1249717032402157568
1244744559126601728
1253110874929106944
1250339071655723009
1240366687314206720
1237800943506411521
1252350137940103180
1244592657772535808
1254244510940487681
1239719946252402694
1245504337591361536
1250974540794036229
1247987464456810502
1263187684643803143
1258789188658434049
1237880640214728708
1250194054811398144
1244351378815942657
1245858336685223939
1265043936323788801
1243345196676460544
1248284962513657858
1265050229176438787
1235405045853642753
1238633727993012225
1250844319164096512
1240108001073209351
1239047937486999552
1266596712505892864
1239589911772246017
1240460624141987840
1252412925161005062
1250634919371509761
1257866654656102400
1250517980607320070
1254424394824376320
1244687543645372417
1242617962168795140
1260248225719685121
1248636934043455489
1269116840942415872
1245839600788156425
1247960361279553537
1248550872965091328
1236116829619306500
1264620909920428032
1242896191756677120
1241184482184568832
1250889933511897089
1251968061722288133
1241723373329276928
1241379699437252608
1261022301740503042
1263136825851490306
1240114517968896005
1243970467729412100
1244735890041319425
1247341980801212416
1241383249672310786
1261026135141482499
1241428383298473985
1245168799621537794
1261014035375493122
1257051173091266576
1253333640655724546
1238525765911744513
1244235857273520128
1249321345822924800
1261023856975806464
1250058332716531712
1248810150565236737
1245181166610722818
1253162647832453120
1262728242173222912
1270406454768553986
1251265217796997123
1255017828018786304
1244750330484658183
1241850512145874957
1250893922181746689
1254817539651178498
1241485404521537536
1254797268332482562
1243932362758656001
1262570703821422593
1241848338691100672
1255914041232556038
1248638454650540034
1251901876196564996
1246598191031689217
1249878325100711936
1262479129880014851
1245297074486366208
1258059814715916288
1268221924066439168
1243010765671538694
1251952985808220160
1237907286661705729
1262916962641993731
1245998795063799809
1240461874220503041
1244504515149168640
1239172956070252544
1250845481539907584
1246083343566938112
1244236064660824071
1268651859700580355
1251249614503710721
1237091042337394692
1242613394445828097
1242897192366542848
1251985781641617408
1239791329619652608
1241724681318797313
1239566435187396610
1247994214157373446
1241469811588202509
1251256154635763717
1255311208489586688
1241040104682065921
1243610048733032449
1264663221094559746
1251989142722002945
1265729060996616192
1244713375952707584
1245705721511059456
1244445584653799424
1234946225935396867
1235392547712794624
1241850913997950982
1237208147321815040
1243944402906746880
1243669299555971074
1257140925136097281
1253138172869033984
1250532473513132033
1248583594647437313
1259228466903384065
1260740816752033798
1235210425257648129
1256587833936134144
1235736153594171393
1246595699258593281
1241487057802932225
1264074151435948034
1240479989474172929
1252621731312939009
1246624963051892742
1250532925600182272
1251631676138151950
1239991069472948226
1245682769864384514
1245681130268962819
1239354363518365696
1251915579138719750
1250894326713987078
1257011879182041094
1246530931697029121
1244402746754818048
1245505050732003334
1261301086557802496
1252777625564655616
1239274185421131779
1238097657119244293
1250038837084110848
1249771836675629057
1236304933135286273
1260664063442464768
1260648205445853184
1250787942337073156
1258110198696247297
1243956290533101568
1251220612418281473
1256855848053342208
1248395874616524800
1240683051069444096
1247900261445582854
1252620153730334720
1244353144924102658
1237556234330365954
1249388221760503808
1247994252879114241
1254034580639756289
1254417700446785536
1251265509494005760
1257432705375129600
1250885046812266503
1245703531895697409
1254986906066173952
1235737092715495424
1241485384254709761
1239282794959904768
1243669629962260485
1245482327066783744
1244488919367987200
1239935647223349252
1247577686429532160
1246727735784988674
1241186704595324928
1240488314165178369
1253685925743378433
1240109455775318016
1254895734006132737
1240391014214504448
1264021419727433728
1241909160171749378
1239357259261644800
1239137220436639745
1243182119070904320
1238842960348839937
1255547135652757504
1244897033758093312
1241831551920484353
1246829923542732801
1241832172543238145
1264314295342465025
1243542204477562891
1252711499380019202
1246251525158174720
1263139921092587521
1245996845408694272
1237906664591953920
1241467465508536322
1270405533229604865
1242934432287338497
1240313322781716481
1241070428854063106
1238627311156682753
1248664343115444224
1244355768159272966
1251919840757121024
1252359949683879938
1240058880450859014
1242634068770074627
1245332361044209666
1241168757554323461
1263137100041510914
1244715388077834243
1244399632903520257
1263378522619478018
1253301398097313792
1246083458008584196
1260748292583034882
1260658052744671232
1252533989283414019
1245678490780827657
1243119570656821248
1246678866904694785
1243310880680488961
1269662206536409094
1246414966804054017
1261448835001274368
1251055802233823232
1268409736946483202
1255940211927846914
1243000782041079809
1262851739180503041
1239358958172848130
1253770275440726017
1250385223969312768
1237492373522993155
1246598403296985088
1238159942433091584
1244098464579026946
1241090863658422272
1246567879119712259
1240320387164057605
1243314314259431424
1238963718802767874
1244299833869025283
1237903145734373379
1242060082537476097
1241065345235943430
1250884570007965699
1250544656267575296
1243669296422825987
1250413391606398979
1239343961245995008
1237558355259875328
1253085742340980738
1237937008158310400
1255571475479830530
1242179088107933696
1255944887561859074
1243605603773296642
1238855568154116096
1237935358555443200
1245301106336505859
1246983040926208000
1238249939374833665
1249776006392619010
1248555864665083907
1265527677785640960
1242998367183044609
1240784986661421057
1237975887972388864
1237910445173981185
1254424809640992769
1252659402777247744
1238873854811963393
1243951583798403072
1250219731522469889
1242262811880849412
1238981706373312512
1237936593534619654
1245396982920884224
1249674480944844801
1241089409375703044
1244621147200765955
1238543164304175110
1253684399654256640
1241406996714328064
1242996962879832066
1249772825713483777
1243751498380697601
1263462007522693123
1265660169628848128
1261288041655742464
1243209222340427777
1250546168624529419
1252355307499474945
1246637552515395586
1257127885615304710
1249784449102995456
1238120482983096325
1250545915544428544
1242998859309211648
1264023894027091971
1243555010388078594
1253194907377901569
1256262601971032067
1249774913793245187
1256625539055521792
1238979418128822272
1245357346852921344
1244456607343312897
1254886832111849475
1245414371637055488
1253734483750158336
1255575131033866241
1241075813220528128
1241093171557232640
1239964550402723846
1256433460698202112
1263134401849954310
1237731702312665089
1247237039990472705
1238812546662051840
1241609697691611136
1241147667000045569
1238126311996116992
1256016897918763008
1256621420832083968
1237973413920223232
1239421530980876290
1238127503832727554
1237988887802322945
1258091400706605059
1241055996027568128
1262151064054370307
1245761704744628224
1246110452062588930
1250386663458684929
1244756595633987589
1253730040531083266
1238126958703247362
1238810701231251456
1241079576786329601
1257337849290076161
1250383866952638465
1258463766796275712
1234971345722593281
1237992494119428096
1241751414994599937
1237945497702354946
1238547672509882369
1237029925514809347
1246112402267136000
1266506028054691846
1243243690291847168
1261694005445869569
1238125821740580865
1238467049904656384
1255276836784914434
1250487561858035712
1269241744652206082
1242089249899503618
1240987318980403207
1261662469212319744
1243584281655554049
1238056032632483840
1240778727518330882
1259354950146105345
1244599902484774913
1246151263034773505
1253025126792212480
1237744395409121280
1246818840266321920
1251502686115172357
1250107939421069321
1248399221125812229
1268937215943610369
1251064531381518337
1238863710199984128
1246151006012018691
1236366612644671488
1240138710026461188
1263200570225168384
1243304144888348672
1240744052468920343
1260206043335884800
1243708445397790727
1245330186306027520
1256034848290070530
1239536455569084422
1245326388602830849
1239369294175182848
1240744946468040722
1250444570191704064
1242421656599044096
1240299742741045250
1240395665257254916
1249382141047250944
1245543277639630849
1240836576353157122
1253425204220399617
1250708484846477312
1248088100104024070
1253552773632790529
1263083059282354176
1242782442202808321
1239390177971200000
1252685707744808966
1249359713537601537
1267248621763919874
1244070095120486409
1248273558217900033
1260602921831608324
1244606226094100480
1242053812862492673
1237851585960501256
1238893967699251205
1242213092379054080
1239405882468962305
1244436064468688896
1266927942740971521
1241448658681421824
1250810528915755009
1251149476510629888
1250950025380798464
1245340478473736192
1238241114014060544
1239261232089137153
1239739018897698821
1239406697476751360
1260214396112044033
1264610820950016000
1255276841587347456
1253029008817696769
1248202251241488384
1253672189703970816
1252716976595763200
1243984609924259840
1255540574649712640
1241739172324487168
1247516987565191169
1242156438300102657
1244296443474649089
1242441974940078080
1247299638497083393
1239581924622024704
1267998739328835584
1252670738441687042
1250107905287880704
1262818486704881666
1243334488656089089
1244558089862500352
1247972125861974016
1242571885860225024
1252484438094733312
1243302112613797894
1245323609570267137
1254841501034721280
1250938411244011520
1253150570711519232
1246861062974181377
1245327275966582785
1238783945078116352
1253077080251813894
1255649812168540166
1247366819330928640
1245742184860614656
1235575195806638081
1245630066295328768
1248074510441615360
1239898997764116483
1244971126578610178
1240604596957036544
1265608910385315841
1242809135902732289
1241867547445772297
1245802046411988993
1241253104395354112
1265975638277738501
1240434120217563136
1240397370120175617
1257647661936672769
1249734828632596484
1258555880506830864
1237744459766521856
1267253099439230977
1267798125206536193
1242804273244778497
1248225020561760257
1246824026506395648
1244640489724350467
1267617743425212421
1239257214373842944
1242592907359653892
1246420988922822656
1238453444966526976
1269324949602304000
1264590015562223620
1247173440068620289
1242948464444653570
1259913638346813440
1238199700655915017
1250577320936722435
1238554687470817281
1235710630050451457
1237014171583229953
1267612505679028227
1255771280239988736
1241811685574414336
1244432513461862401
1237133896061419530
1255649813221257223
1248314650619510784
1242785655488479232
1246821431746363392
1243274275475329034
1240639018783694848
1244647171640758272
1264523587144298498
1243977640207319040
1239651021510651910
1245432611289341952
1244368172632899584
1240751552752689152
1239687901811793920
1242830334867247110
1237208841625972737
1246521090651889664
1257522699263451136
1250629405761822721
1244325212595896320
1245112437541666817
1249522746968739841
1240052369410461702
1241193380002095111
1248399219687182337
1246821109435109378
1246424273981526016
1270153943604178946
1249746809653690368
1250660000046944256
1265017201305714688
1240747806501023744
1238943246929231874
1241104495981072386
1240273166456492034
1248716367530020865
1240049289390362625
1244313930572455936
1267549246665961475
1265350272076976128
1267610736479498240
1268467606882836480
1238235854189088771
1262715166283771904
1239755700781355009
1269856298042040320
1238307766357372928
1248789955482210304
1246146192842645506
1263702700870504448
1239746229317271555
1238102165245362176
1255236892968259589
1247470407394963456
1239193728503480325
1238448195564441600
1253022801021321217
1267435029761646593
1248729087503478784
1237751739807420416
1241892396729880576
1257776717357371393
1240395264302764032
1251206251331158016
1267595467619217408
1247675859068125187
1246138981034549253
1246244245763239943
1240421301015240715
1241211969643991041
1239998423966908416
1248279780677636096
1241998825029611525
1235998485138288642
1267597669859569665
1253053000312029185
1244270079761682432
1264589100998418434
1257407710062141445
1258803296002768896
1256245895991042048
1253026952342048771
1267018361776615425
1253384698128150531
1250033732100259841
1268679616656486401
1250090934261485574
1248766951096229889
1253293472880230400
1245142244753096704
1239883813976788993
1235626964570042370
1257322272135626752
1248448746238730240
1238747028546519041
1238305163653320704
1253723196127404039
1245111897000730626
1243160059816878080
1241743024033599490
1240046054436933633
1245714807229222913
1241738288588894208
1240039881562193920
1260584679490695177
1248303254917779456
1246067813137223681
1255612887994961920
1239215041251102720
1243327109952614400
1238645385758990343
1266724332648177666
1242254515526668289
1250451928133316608
1238652991743426561
1266171218459332613
1239027573272784896
1242972597899403266
1246187177052180482
1246148360064688137
1240394597324341248
1243363291100930049
1257815007921831936
1244262599707037697
1255485331287277568
1242454430949289987
1240518510989672448
1240760062735519746
1245721316579311617
1255323980459913218
1246149349710708737
1255612883381166081
1238305176529833984
1242668664744222720
1240761351917711361
1255477049805938692
1256943678263877632
1255276834188677121
1252887233402560513
1242951180403310598
1249744781347115019
1250107907439570944
1245275790142570497
1252816168424845314
1235998298147864578
1245418994259185664
1253444121815142400
1241417826604331010
1266850767274741762
1240756057032527873
1252326283381542917
1242856792180363264
1237583523864670208
1245129140103151618
1242975285483646976
1264524192747327488
1245044805001981953
1246207082086445057
1237013069492039680
1251206250290982915
1246144393322672129
1242948711690493953
1267637932430700544
1245731817929478144
1267259679404699648
1242646620522475520
1238273816591286272
1246141494370734080
1244338415560253448
1247947354986237955
1261348697885020162
1246462605901942784
1270133292499718149
1267446767215194121
1245719086199443458
1246133152957022208
1246538986065211393
1247526028475428866
1247523516234076173
1246193676935745537
1240772767982718983
1242581033041592322
1248004728509751296
1239881518945878017
1245734998969397248
1242032756978331650
1255296022680608768
1258421027706716160
1242560840290664449
1245434304148246528
1240610888412954627
1235575704453918727
1235215659749036032
1240380184571846656
1245764877848842240
1239871785354526720
1245793627785302016
1252816166793306115
1244293190049574912
1267449585322070017
1238101684154503168
1246819756952424449
1239390856659873792
1240740958326665240
1246810400525553666
1242974032678526978
1245430809978273792
1248673541983264769
1255162290653011969
1259895989902741504
1257466103212716032
1248074511741865984
1238134633050619906
1248359561024679938
1266591150879780864
1250027280690266114
1248670970451300354
1267138570537615361
1252685715227512833
1252685710089490437
1250092319782703107
1243511454386597888
1237923891399573505
1240573001793503234
1256281741662261249
1244374072856850432
1239745523667566597
1240763539343769601
1240801398893228033
1247526026613108738
1244905692999430145
1258061026513149952
1267270878846423052
1246792413290643458
1259306424779321351
1267268749968670722
1242163947744169986
1253574842508550149
1257466099517587458
1238591222077325313
1246647246415896576
1240605570161414145
1254864953204289540
1244313046069186560
1240613358455394305
1250577317916704771
1255903051564670976
1239770259269341184
1244609070188945413
1255649816102699011
1238636440910692353
1246192043568910338
1262813536922861571
1250519169289904128
1240068883563888641
1239909244209696768
1246521015754207232
1244266749073260554
1246939832489840640
1243123479383347200
1257324526381064194
1242477609881161728
1263548178218901504
1244695493512396801
1250033730263175170
1264525842232807426
1249142599543336961
1238517507398471680
1252238476105314305
1243727928401317890
1240272408260599811
1240603914036281346
1241892973484408832
1245732275209240580
1255476232499728389
1242441416414056448
1267058924802519041
1268679332685324288
1264459561970302977
1253512211114405888
1253512210166566919
1267990070721740800
1252816172342337536
1250247985306513408
1248202253770600448
1258088078834630657
1243271134038147072
1241696266322694144
1240638449146834953
1253512214004355072
1248834939346456578
1237961763066388480
1253028749660086278
1239616351918067713
1238876530136231936
1247349629575970816
1244254676893216774
1246458258929463298
1247521731041841157
1237744633268121602
1257874876574109703
1262963801776967681
1253378875255595010
1242366545503948802
1250577316964716544
1246137984581357578
1238599618184839169
1242084586064093185
1242999835747377160
1242287406029721606
1239240269503115265
1242152910374518787
1267491642124140544
1247573598191091714
1256026184875466759
1248359562345930755
1241030310453788677
1269224164830912512
1248727546981765123
1248252435430281221
1254051075570700288
1255258822899310592
1252913698416574465
1246587903234445313
1237919769006923776
1238566031439933441
1246812261823451137
1239249941559685120
1252952746854158336
1240415974672736256
1267747119462518784
1241884143551688704
1244405556867186700
1248529475597451264
1245353379074838528
1247439658788818945
1247301501078421515
1266944605561511936
1250983065226182656
1247864744909901824
1241884363643641858
1262859258544209925
1242060339182698496
1255771287756197890
1254864948850638848
1269210429403914247
1237328156434092032
1246194508779458561
1240331442560868352
1242958965631303684
1244817916094304257
1243704470585798657
1256027193639133188
1239209151110275072
1247324075590144000
1242019631348449280
1261710753259642880
1245883155510419456
1250948831061127168
1267606206954291200
1267605846294487040
1242927600428859392
1244279952259899392
1245373466230079490
1257466100687699968
1243656608330190848
1240603522779041793
1247329429539389442
1252032211420942336
1242483485257973760
1246456109147262976
1267750558632378368
1237921232638672897
1242197384949530627
1235809046717845510
1239516183751204867
1248004373839351808
1256026181129945089
1241520729243504645
1239239770083078149
1240023334915538944
1261732594963689473
1254846241487425536
1242955319329689602
1265809156730236933
1267608963379494913
1249817912162091015
1249848040552308738
1242434027056922624
1255903047835942913
1243344938886205445
1250202274556719113
1243928264655212544
1253435169899331585
1245340830119927809
1269650484614184962
1264933826490511361
1249630245013139456
1239730306934071297
1267509431765532673
1253294588124676097
1261752392091152387
1249033039520370691
1240138713495199745
1244687386778521605
1250983068703342594
1239362612569296905
1251234598920556545
1241852590243164162
1246777957173071873
1254932458543480838
1246138956074438659
1263545290109444096
1246924107486236672
1240034406619848706
1248789230547066881
1240609986209820672
1242071661245063172
1243340137267900422
1247157504959799296
1269249883485220864
1255771281909321728
1253646118023581696
1259995578001489921
1248529476700516352
1243214322702090241
1248967650300121088
1243713638747246592
1266794293202685953
1246277514777018370
1250983064282554368
1253037554523189248
1240010284552634369
1264579480695246849
1249871140396376065
1264212133241331718
1246054680414822402
1240627565905272834
1248999999393890304
1248125855647268864
1246054950456737799
1237508313010454528
1249252131397414912
1248702566357258241
1240682611200139265
1244656600754855937
1245461485318549504
1243674828449685506
1247975430130450432
1240814027732922368
1252344913728925697
1247975431774535685
1247564930418716672
1242879113268015106
1238832440652763137
1239383331093065731
1244031595188715522
1267831612546441216
1268701352580075520
1236694288949526531
1240644795187499011
1247470408544260097
1239544125059477504
1255686464731590660
1250708483906899968
1256026182216232961
1254831556960620545
1252572989012377600
1256650085913501697
1251200855321255941
1242267543773106177
1246966097691238400
1251263087962923008
1249817911029571587
1257861625383727112
1239515150710976512
1242933264068861957
1250775094504435715
1255612881242112002
1240806348574666755
1251865718502518784
1243187243939962881
1248128788434751489
1249668872053100550
1240589488721727493
1270129188452909058
1244725106657693696
1244657772693782529
1267609681918230528
1269791239571898369
1247082861674536961
1247992586423459840
1245094979229437953
1254864950117363713
1267255007155490819
1252952751346200576
1249994427931799553
1247355123376013312
1237920553744416769
1252008312415162369
1238777807309877248
1249622029000675328
1239381365843509250
1239542766520107010
1249482793278754818
1263480939797233665
1246458724534927360
1266276990878793729
1242921787027001344
1267836841312636936
1252030812834484225
1258431058082697216
1237844614947594252
1242241333483503620
1239240517914894340
1242239936973148161
1242242326199767041
1242083537563590656
1245878869623799812
1237916086873489408
1270006257290625026
1247142519403659266
1239719616181678082
1266815771273035784
1250891002937835520
1265057530314723329
1244249938978050048
1240622044594700288
1237744575193767938
1246570649109356550
1252952747818856448
1247991289796149248
1256333426602336256
1257801122586210307
1240852273057738753
1241565960634535936
1248881224606769152
1245512326440275970
1240251327176982534
1237052149034627072
1249810708214304772
1236747076249190400
1245557515716366336
1240085769055805440
1240245710630670336
1265747464000360457
1244250852241661952
1260000457147084800
1257883249256398849
1247153746762764289
1238313968042737664
1248624015452733441
1244250352741953536
1245868946646949893
1251206253705072647
1249031906391457795
1237026048186953729
1252344917847707648
1240761007347240961
1239706570281357313
1247324076995219457
1246618020639891456
1246042252172025857
1241489274425479168
1247292161529430018
1247542363448172544
1267504325414105089
1254565316027396097
1240023455883505664
1240362951086923776
1253085112788541446
1261733098749931520
1266821636428312577
1239240110346047488
1246142098799316999
1249019230374244353
1239714118359187456
1248427901562699780
1260351010578542592
1240810399353565184
1241513754900209664
1243155203647553537
1248174799601491968
1248427903554965508
1250176382036041728
1245808494894297098
1255618536120213509
1248174800943616000
1245903953512013824
1241795742563328000
1246832445426712582
1268015885295501314
1252280693478039553
1241504203832516608
1245856960735408130
1242919059555004417
1261634486413996032
1241039219235196928
1248653287248867334
1240078950426120193
1236143507070504963
1242407134144409600
1245828084823097346
1251902113409613824
1251171401786146816
1244188554110160898
1253868848178237440
1250848265987383298
1242563004882997249
1255551518029369348
1241471664505925634
1257085791651667971
1261713150296174594
1241182802881757185
1250065144174071815
1255128269009096704
1264647038886608896
1269973905898450944
1244710071994548225
1244241690887667715
1238288753724215296
1242240915596607488
1245477305704644608
1236305682430902274
1240459865014796289
1237938863286431744
1247355788571574273
1245679052163362816
1241158736598761479
1246044454835892225
1248561226206101504
1252019074319749123
1242874959279644672
1252019069680787456
1245081106178879495
1244239992580423682
1253085117003816966
1237504086477438977
1252019070637137933
1245054732235931648
1243319967786979335
1238857472284205058
1235050177175547904
1255398307033202689
1242117295805169664
1252283919652790273
1248634765575667712
1247513722710642693
1246764042393436162
1240365626360762370
1246253349172805633
1240789229690650624
1264908743751471104
1257085796122681350
1244444357379358727
1243185709999165442
1242936424099430406
1267051600519946240
1239705819115139072
1243828091019034625
1250708489422483456
1239011596212613121
1249994426794926080
1250640793670483968
1236360851659030528
1242084775445311489
1238314474253287424
1267406616002846722
1240361684335820801
1266826590303879168
1242204972961366016
1242880458737754119
1252344914903396354
1244750072774098950
1242458244456611842
1244619280693579776
1244241964897271808
1252491425675173889
1251940040290250752
1250415913427402752
1242842608063451139
1255578403568324609
1247122299091902464
1257085790498283520
1247990392970190849
1238486917982957568
1238472653163376640
1252759624702361601
1253085113719685120
1240686561626222594
1248928998396252160
1240239976941527045
1242241872430596104
1239818093339312128
1242127632092848128
1259191445635948548
1252076160000786432
1245899343535759370
1238572364415328260
1256720851757490176
1244238907438436353
1243150733148598274
1244407000647102464
1238995783430606854
1267232284006068225
1248082178816213000
1263645306681516034
1246817529110179841
1243174699959541761
1244252257941676032
1250848269162491911
1270436175480791040
1244249410101444608
1241042515370872832
1262401206451867649
1240708082294030344
1242616532464779264
1263761012806868993
1238529238208315392
1240494194461900801
1238695046469337088
1238791209973420032
1254897688165994496
1240368810131152896
1243309585156452355
1251880162469335043
1251532665213407232
1248121126095589376
1237316420616294401
1249351224270508034
1244598846610685952
1244344870807928832
1238294617801572354
1240369032894844940
1244232339863068673
1240390281402384389
1247312774222528513
1246445587962232832
1250848266880761856
1242457224565469190
1239987447506833415
1246412270114086913
1241647255146434561
1257047051512274946
1237385070236876802
1254816351534841860
1244443554757427202
1241724320868708352
1251870415854678016
1240538063656321024
1244247605347057665
1238990387215245313
1253389702624874497
1245670133185613824
1240110228487704577
1245172441896357888
1235206958925451266
1255903048863567881
1238190984569200640
1268300837564137479
1245684984570097664
1247534011624251395
1246989016198787072
1239986272535547904
1253765277814263810
1247312772800667648
1256717634311196673
1243113224431702016
1264593754159304704
1263459751553368064
1245792478512525316
1252491428984430592
1242173082426413056
1240322870099808258
1243717199619129347
1259647547234299907
1250179567341445121
1245335008044351488
1242456503426088960
1247752252867014657
1268536353102409729
1244240877389840385
1244245861254782977
1245338007235854336
1239312517194809344
1245677220183576577
1240390725365309441
1250043895754502144
1262990894929784832
1240402338151620616
1257351516081577985
1246001707684954112
1267240114931085313
1251276781249757191
1240110230907822082
1241586191524380676
1245397609868599298
1263309111158026241
1252491424685330432
1248129684736524290
1242056471594098691
1240461788434640905
1267823317660037121
1254878696378376199
1240580479801270273
1247305818925563904
1247540544923783168
1243917221077946368
1241832759435374595
1243175604264058880
1237426440142041089
1242565473046274048
1247302707167268865
1242563937247342592
1257428260746641409
1270327057176596480
1243184428781838337
1257894246490628096
1237315784386531333
1253853540436643840
1247988694897786883
1237790545679966210
1250192676596695042
1240481733251915781
1251967791172894721
1247893774962835458
1253091544690761737
1240621042990751744
1243187687324090369
1249341300253626369
1240658526571245568
1264653747419938816
1255398303459684360
1242512849806770185
1244399772469022721
1249705076333125639
1247911579489832961
1238117265247264768
1250502551331627009
1236348916901306369
1241571633640374272
1249773323455795205
1247493015310082048
1255398302465626113
1243914533300850688
1238853847830929408
1243119203131015168
1242993646921801728
1247911576918798336
1250223219275071488
1264388762072543233
1242062155903574017
1267371304828665857
1242799342852939776
1238977465332219906
1244615915519475713
1241092046817046537
1248561227338584070
1267370594384969728
1262234883382018052
1237937116363067398
1258056522472525824
1241412993541431301
1244619078867857409
1238811994037399554
1242909014171803648
1256232730175643652
1237011311814459393
1257306512524861446
1242062760248213506
1245359457292431361
1237011994005381129
1242801003000475648
1245356009775861762
1242265234594762753
1242055762362368000
1237463648202866688
1237946378942210048
1261080345363066880
1245760896451960833
1268921662340239364
1243241271197564929
1261715643449126913
1242144971261689864
