1251893952648810496
1263752516656869376
1246163742859169796
1252906670755364865
1247330601033707525
1269241892958502914
1243130130530263040
1245312719185641473
1244359121857642496
1239582083519045633
1239622248606162944
1245123370263416833
1242985141397590016
1246715341004300290
1239348962311749633
1249793077721604097
1246182944651296769
1257299319172009984
1250971328875827206
1269239581280526336
1236807233591181312
1245104708789903360
1259796721011437569
1265817261480325120
1251473804095782912
1243380148470034433
1239292823649779719
1238055151816105984
1243653433338576896
1255647293073752071
1257440598467977216
1239196371154087936
1236984693767233536
1250809327524425730
1251003893942824960
1255228210297606151
1238947704492916741
1243856260379955201
1257136328984137729
1239345118722830347
1239398040290709506
1253022427828883459
1258902869249581057
1252551770179620864
1253815957488832512
1240601216993890304
1250239807139217410
1262578319817572357
1262380935829434369
1249719364053581827
1244625042882867200
1239265096016240643
1240377147132444672
1249845452171808769
1239408672448622593
1241807750570573828
1254394123286708224
1247463674098393088
1247152883163955200
1241827073267728388
1240136735025254400
1262506116698816514
1240594292172820480
1239961240472113157
1238649212247646214
1239022456939085830
1258411235227377665
1237816207623049217
1246482650778537984
1243984895124426753
1239553545092968448
1239738941273780225
1239201786298281993
1238238287715696641
1256954114224852993
1239550295866310659
1241013626175184896
1245606084024225792
1244972813162856453
1242111866819805184
1255850659955593216
1239051847287046144
1238138477608349697
1238644718684250113
1240776894057984000
1252197522308816896
1252690411837145089
1237926443306409986
1240682611099545601
1235200028475568129
1254047436009603072
1260261299709259777
1242660758573506563
1237086589492355077
1267441923649728513
1248572533382807554
1248608527012130820
1265997106206126080
1240571523246755840
1235832107240325122
1251127609704034304
1238143202873524226
1237717780776042496
1235186010587369473
1241882869364133888
1241122787395330049
1269064202720862209
1241189028260651010
1238139413173059584
1259077391139450880
1244014835903401985
1243705244795707394
1244435619398508544
1263560967734034438
1268944174470041600
1236386226740969472
1251135091197325313
1243325521011912705
1243941463945248769
1250579030123991041
1250801062698717193
1243251752285110279
1248037885355397124
1267645007395201024
1249741925986504712
1265682924378210308
1240203660229062656
1238640455442726915
1257517571517095936
1237826931732688896
1239371110996738050
1244604046683639808
1256955231361011712
1237140254458548226
1241045523055984641
1248676191277588491
1266366692214444033
1234951964938657799
1249795890954592262
1246029855633874944
1244423087820603394
1237016729315835905
1252721283235799040
1240756472679673857
1246802298648526860
1246821531809910785
1244297240161779712
1239883672456740865
1235190386236194817
1235750294367203328
1266530002675412995
1254450778095452163
1255238349113229319
1255512445826850817
1238350403076579328
1251127443563446276
1243702437116026881
1245883923202269184
1270453173346500609
1248187789620981760
1245269240241889287
1262590475124473856
1248746891766095875
1244217343724662784
1270459127500812296
1252643239951204352
1243332897832144897
1264246324209356806
1266241610938937345
1242810168708083712
1253442671764529157
1244264632140869634
1240802143457738759
1248647833802194946
1266092925609488385
1244833028058353670
1237414679586242561
1242091080172089349
1270340001168068609
1270054383150129153
1266248110562410500
1267442039546720256
1259659782778171393
1238462598305271808
1258203275699998721
1259857661694279682
1242466103747465216
1242109215965052932
1242969250479910913
1248221515268722690
1237529010088710146
1266542692420460546
1249738461541814273
1250968199203561473
1243391441637797888
1252718713264132096
1266245270892736515
1246402994993868800
1259236214248439819
1243941191915274242
1257415795514265600
1237247446255898629
1249027971215699969
1262083120976801794
1250745044094631936
1250811761114124293
1239747629023707144
1249063672191819783
1243737062383198208
1249588749408796673
1235415356396597249
1244919109277700100
1245267718825226240
1243378498963509248
1249693647207104514
1256405641947684866
1236339801881743360
1239337142792392704
1241033085992538112
1242761538940932096
1257327044523896841
1243783249601716230
1240723559653261312
1253446765107437570
1246387496121966593
1250822469218455553
1260202731228233728
1244586204613541889
1270061640894033925
1239322948995080192
1241700547041865728
1238272895958290433
1254587515606097921
1262152537727213568
1237217322647117826
1262155778816970752
1245721429116702721
1241030737928900609
1246945199852589057
1243939290368835584
1237168789034356736
1237890415421874181
1244055310991572992
1237823683571453954
1250537739105243136
1247585174017236992
1237615044289945600
1260312673020977152
1241429024544567306
1244375152269430787
1251308202844655616
1241815734830931968
1245820053024583680
1240764014315147264
1248038827672981506
1239551848056532993
1247396956030320640
1242975101106167808
1250082158926016513
1246554008623480833
1245098090744471553
1267441786143866880
1239603978062741505
1237329839453081601
1237050445845000192
1255166548219777026
1238521857411817473
1251046653454364672
1245175428853227521
1246783941580926977
1244587075237826561
1247231645578600448
1239658667974197270
1255660202378100737
1250830449489960960
1249035715939315713
1237888119631822855
1251734735430266880
1243106157591515137
1244057223480958978
1241133528483598336
1267442303829975042
1243788594919231492
1240063338933075974
1237070293933477890
1236179352401907713
1244844816149684224
1241480916851216384
1241420171249684481
1243712226432823296
1249039242300456964
1236089795702657025
1241205185780875269
1246017784355721217
1245041865013026816
1241789086223958017
1246817036694667265
1258530393063489536
1244831708589051905
1241192528671584256
1238638218284797952
1237807217073696769
1237726358765264899
1237912864377225216
1238001524040663041
1261463932608237568
1241208228974866433
1240272810209132544
1245436199692623873
1238129751312793601
1264143913889288192
1248928602059571200
1240281841216688128
1257328073135075331
1251233993846075392
1259968915993702405
1244921726967914497
1265366860259897345
1249660444475904003
1248608639302025216
1239449395751464960
1253373247866966020
1239384986706481153
1265980611367403520
1248951491202875392
1255656493128601600
1239843631965618176
1242160679114727424
1254066947299463170
1247979634144264204
1238455259435094017
1243934095081705475
1239643564553928705
1258866652382363649
1255614677754826752
1258772965052858375
1247213768884584452
1241533869423288320
1252791368302329856
1242103394380255232
1236881117468340225
1260227745457594368
1242853737254866944
1249846048056582146
1235718199871787008
1236723157165322240
1268901224700620803
1268940778405089280
1239611813475618822
1246438344927727617
1265385913921744897
1245311576174759936
1239773436681039873
1251233936778412032
1237096926941720582
1260322891339612161
1266252039626960901
1245533102920945665
1242656801897807872
1235681784307695618
1238925659679985664
1244827163263713282
1238904577371627523
1242367798938124288
1243002037589155840
1246753937039994880
1238903818861101062
1264549207207219200
1240853034529443840
1251672892007464961
1245908362577018881
1239161085174874112
1260655840689664000
1247254266567364613
1246133216832094211
1247699545234051072
1246222272324612097
1259659260495114245
1236720283505045511
1235603351498178560
1259441558014824448
1243586593245536257
1257328399250571264
1266762754775343105
1255250613497102338
1245262907979563009
1258177645403144194
1255860454615912449
1238272443342561282
1246257465781620737
1246255905928347648
1254010897380622337
1236278808111722496
1245467432602537985
1258560781790175233
1239928072301838336
1237918477924667392
1246451682638209024
1253831841162891266
1250028883262484480
1241206718819971072
1247683064014176259
1245028836259045379
1237118813004607488
1244608367257161733
1253467410746744837
1267837299095752705
1254097688250978305
1250606479721324545
1248939191536361472
1237527270945771520
1253636928437735424
1249740132980264967
1249687413976416256
1246818503539273728
1237886347949441025
1263974268070694912
1248247378949206018
1237105483867213836
1260656179388116993
1241855261834448896
1238002095812476928
1239541458459385856
1239763300440735744
1266465836639936512
1247733029621170176
1263243479343300610
1239766623810138112
1245378261510750209
1240994846736703490
1244042996913442821
1248622761099976704
1251686540704714752
1256200993018122241
1242015178625110016
1252336020621844487
1239026902398009344
1241612749823717377
1242103050665410561
1237101311105077248
1240804513965105152
1239510436464267264
1242920688110964736
1236237048320872448
1254805442020233219
1240472325881049088
1240222879121276928
1253691130648170497
1253479697305997312
1256225402764345347
1241691583663267840
1235196121900896257
1238920469887287296
1259078845140996096
1249624159631613955
1239951341318963201
1236510428890640401
1239684614983168000
1237921178037166080
1259238608529240077
1262929211301519364
1266718896893169666
1242752073386639360
1241856977237692416
1237665477364781058
1243300110118854658
1238040647518638080
1235257188396003328
1235976174137982982
1240357804160016395
1242016304128831488
1257855338377875456
1245823455964078081
1246779333840158721
1260547643996082177
1245095006534320137
1241458503400783872
1237874343297736704
1239023077788471297
1237287414122627073
1240793999784456193
1241525066464137218
1266068107904323585
1237506607245860869
1262187514170945540
1258573346377273346
1240847691866869761
1248628426703060993
1261094472257069059
1239379720841682945
1251673139043500035
1249701711901581317
1241862228669800454
1246530683020943361
1245310407822184448
1235723350514663424
1264619090943057920
1239249409319284738
1237553529465663488
1256364090169143297
1242233208076480512
1241138980009189377
1238041299447623681
1241499159628255232
1241964115184189440
1250582527183671301
1241684468311654406
1237555019773140992
1266076339901206528
1263646770736832512
1249819662386434049
1248061744616017920
1238495964316471297
1265224587568189445
1246886248192585730
1241963471077625856
1237682270921805824
1241572042815803392
1241847386852470786
1249847337083711490
1237200147769176065
1242093838979813376
1241859319055945730
1255248456291155968
1246780727708078081
1240964417115828225
1268721162479116289
1247109933285412864
1264910069013110784
1249473218206928896
1240595298109599745
1241685411182850048
1237600348769882113
1242405607027736577
1258778564427685889
1248811481128452097
1254409337545592832
1254410404710793216
1262493899781804033
1235879493375528960
1236277912854290434
1238401975030550720
1239932962994556928
1238049373281570816
1254080801614041090
1239774160122937344
1245176100956835845
1240812610020352009
1236283963594997763
1238648843580964864
1236793595295866880
1259712946533478400
1239353217424785408
1264009285358551040
1269442432053149698
1243688070878244866
1241493113589436418
1266465389216698368
1261404700085088256
1238074665135943685
1241927833791819776
1247270047841746950
1245150774012923909
1239202319302000642
1262846247058264066
1247534423848845319
1268708233503440896
1257760201610088450
1238489853710553090
1261099112897937410
1239321849802129408
1242645293696520192
1254803901573980162
1262688365574586368
1262212868457586690
1261268676403245056
1260917364276760585
1248047929098670083
1252952829804908545
1243720400103706626
1237869021644460033
1261760933115965440
1257500511194005508
1257501148065533954
1245828185805033477
1264226002366062596
1238992251574980608
1243143514587873281
1246096052387807233
1250503320709615620
1270392175273148417
1241170611885551617
1239029015391997952
1250221534825807879
1245347441337139201
1246840650169016322
1238177844733317121
1250765292147441665
1242637808214388736
1251965208509263872
1247580600833368065
1245079978728984576
1242181838988337157
1249301990607327236
1240685643434319873
1248043795180146688
1240451572871696385
1263117434732662785
1237119035927662603
1243638580871905281
1241766146791129088
1237621587916046336
1240403640113934337
1250520452574908419
1248104474473910272
1235651567291969537
1262075786103791616
1247740793911226368
1269654148871569408
1245675370029944832
1255179201528938499
1251906143770873857
1257674494400966657
1245485974362165248
1251904150981480448
1247205316099538947
1261621729283182594
1238571693129564161
1247925023828041734
1244718673606193153
1255548349404545024
1258927412190105600
1269476137304035331
1240653145564422144
1261243608721735680
1236118782885666817
1250889115165483017
1255268600979632129
1250015729572810753
1243691642521075713
1265472704486027267
1237870798456512514
1240114643546365953
1241607455815151617
1242813102795698178
1256466777166483456
1270349411453984770
1241089440979865600
1263098651112595462
1243145407720493057
1235241424343494656
1255455430693789696
1253328185535561729
1252997628360634374
1250974954503487488
1256015445511081986
1238981955993165826
1246417082545291266
1260452873961431040
1242266604169236483
1249088322628091905
1253501829289324547
1238631285154877440
1242307857292419073
1241170253054443521
1259278759661907968
1245668731738566656
1256606636044673024
1240687517440937985
1241423346803318791
1252892047222202369
1247724379582205959
1254775641896972293
1251298863547383810
1251969544945643520
1238221477809467392
1269378440681205761
1247888714690203653
1245156680322756609
1241076987852140545
1238854637698134023
1238146655280562177
1244096629575159810
1243666346384261120
1239970175627063296
1251274033884258307
1245296871851143169
1254502534728814593
1237556137450336262
1238190887286583296
1249883544811442176
1240351139914305539
1237868706903941120
1238165668257607681
1241067908069052416
1260928535432232960
1235568437230841857
1240857711606185985
1241904798963765252
1251964208520011778
1235249694332375042
1239185483403493377
1245809284140675079
1252781787593560065
1253298804264222720
1238861188215312385
1252715269077819393
1238705956499984384
1242798695294402562
1263616910425493504
1245750612698021890
1241052215722344448
1250846031442513921
1240861298235256832
1265945039777091584
1245673473713803264
1241442346841116673
1238539958568333313
1237905139681366017
1245668780887494657
1246084825481654273
1237032625480572928
1242181353862463488
1257337620369113088
1238537522126426115
1249638748024975360
1252582592303546376
1235276619562053633
1265083539269332992
1258036162003972097
1237731555788890115
1243018792042672128
1265085202537287680
1256260395133796358
1259473555680616449
1238809578726359041
1249827189220167681
1238545076667768833
1253804338130157575
1237027472509722635
1238399796089704449
1237033604267507712
1243245277924020224
1265280829468614661
1258873759081119746
1237443640869433349
1238060537176604672
1244220993540894721
1251997398009872384
1238712995854901248
1262390182751481856
1244449497889099776
1240063859689500672
1238911700050546690
1237281672351096834
1234933348243562498
1245721166309982208
1237930242964164610
1247631309176004608
1238609996755210246
1243869242702921729
1247273356321308675
1266007486928244738
1246611008409436160
1238358390147072000
1245090123877941253
1241107233301319685
1237697623630495745
1238217140223819776
1241550873433694209
1258916309745754112
1262526853824360448
1258300431685554176
1261352857888055296
1244218798259011584
1236101620066332672
1240835251812937729
1245434079383883777
1240434443317325824
1246859610927124481
1246179099858657282
1258350701262094336
1249836896852815872
1250068314921013250
1244422119846481922
1244625919643471872
1258476773542633472
1264235671180492801
1242207009392467969
1244624727332831232
1247821529724981248
1245122869572632580
1257979534118436864
1246506447334236160
1259558082486644736
1235303461610287110
1264690276129521665
1250394159665610754
1245110403878830081
1252232841032798208
1238956537332326401
1242754353678749696
1252721769212977153
1238700576155799552
1255199564124033024
1257804435146903552
1262458319723208705
1269417319094202371
1265028763303260161
1262490329653141506
1236038026020745222
1244806076266172416
1242027493428736000
1237886141983887367
1242540709154095106
1240772359881199616
1245087601037651968
1259294135535775744
1245537061265948672
1245066884229332992
1242492808046542849
1244643686278930439
1243334241343229952
1239685771193442306
1250235660625158146
1251680739713781760
1259585738485751809
1252752435992571904
1248438395988324352
1239453944830705665
1242990169407524866
1238969123964583937
1248680794652114944
1261401594102337537
1257391438469480449
1264527165154099200
1240839288599859200
1262814149740056576
1252273811396984839
1246479813206040577
1235671482317053952
1236806806225276930
1263562737055080448
1247272769361936385
1237852588235579395
1246720140688965632
1238204520129114113
1246811516457955336
1269749945030017026
1262930903497654273
1249048371094081536
1238142735967813632
1243496027887411200
1263053553628844032
1241045023979909129
1258759348567764992
1235318260255674369
1248869845699084292
1244360377179217920
1252213777845673985
1236779223521669124
1264528172277805056
1244061911936831493
1249516579970220033
1247242420141592576
1264189962548895744
1250067844534067200
1251348990223941637
1251513099393421314
1257997234811154432
1242211469405667328
1244373489857040387
1243253572600545288
1255086313373564929
1266105822851092480
1240745953029545984
1252306133102080001
1245041432248881152
1247635269563580417
1265708571255279622
1243699345918173189
1238266320317231111
1263637798273376257
1261397434938331136
1261397655218991108
1260358094644809730
1243911723377098752
1257678023320625153
1252275432726110208
1235588863416061953
1236782371212603392
1260724760100646912
1242574964588494853
1246244346023772160
1243075930941251584
1262907689325268993
1259963288361803778
1244012328087179264
1244015533193867266
1243514991078264833
1257379515321507843
1240748411470712833
1243303136955174912
1238446724013854720
1249683561529122817
1245885858365964292
1246421709755998213
1247820471451693056
1260700167919013892
1265311837534523398
1241731858456440832
1270430298363363333
1249816210662928384
1243305125348859904
1255769165790666758
1247609331647950848
1252200944361750528
1254833692167585794
1259502217050062849
1265266913640419329
1250964465392267264
1262501621998723074
1252569150024753155
1237450328838193155
1239333403138371585
1242258021364969472
1248953032005615616
1261946713331417088
1254002380733059072
1247338566910386179
1237482251736268800
1260010871339675649
1269433957264875521
1242577840010407936
1238879378764894208
1260339660846399490
1243935541130862592
1238558381343997954
1242040128945754113
1260268862521704448
1252084352193900545
1242945613450350593
1240745555417944064
1245431539900522498
1251209405913333762
1242821512232665089
1245200707478847488
1235725155273408512
1256488856347607040
1243128112017268736
1238135838837440512
1243284822279233539
1267463803593265153
1241889179849629696
1265558199060570112
1252737493163794436
1237419607578873861
1242521036597473280
1249051135480135681
1255196541851242496
1242115590900330496
1264994789214294016
1237450888689655814
1244789519355916288
1245135397774135297
1243288525992349696
1256670183801991168
1260057664631058432
1255529192747401222
1262464347634360324
1242413893449854976
1261324275887341569
1235138638675136512
1235896056434569216
1242185127922368514
1240204506815741952
1259158792744439809
1244030330920722432
1242941256319348736
1257786966730510339
1248971582988484608
1258482762677391361
1253076371997425664
1239754642642423814
1236561719809454081
1240332469766950913
1246939016710230020
1267068523089743873
1237654290438782977
1246537582151897090
1235703170246086656
1250910828565540864
1240735656374079488
1239332033517797377
1240767129714130944
1241916623159771137
1249412447586390017
1258551057132646401
1263196079060930560
1264306039333302273
1245428458035036165
1244223827590160384
1237524271401852928
1265042567437172736
1243196862758346762
1243197212231741441
1238711944967868416
1248276786242256896
1253709455310626820
1242849951031406603
1245452053859663879
1250725194953605120
1263185908565762048
1237455535462592514
1256912277799874560
1258116274229518337
1240600213586350080
1243901500251705345
1245043631372873728
1249744333663801344
1246384743584759808
1246155902589296640
1268664389047062528
1269590869381971970
1239867694754738177
1261052168263675904
1237826167551516672
1253412252721442816
1265359724553347074
1257414997929594881
1241311963994566662
1240041445974847489
1238203940405235712
1265028761675841537
1245448771670102017
1258143977083109378
1238086405097742338
1266478185115516931
1260268860831412225
1237451432359534597
1246188005515296769
1258905483097911298
1258681768007344128
1245779036145700868
1246160192301076480
1258528579815477249
1258206271376969729
1235303084286521346
1258333358335148033
1248200127199744001
1263869366023663616
1239783986722897921
1236014734899638279
1258281669385216000
1255822449175941121
1264523805189459969
1248718089212121089
1242842865480294401
1237472204322942979
1264052650947067910
1262004054303158272
1262387189071130631
1242223091738185729
1261426228000686083
1264402403752906752
1238283308238352384
1258890028866035712
1264527929817661440
1263628798529961984
1259609732949725185
1253172352906661889
1255995739395837957
1238273905212653570
1238180615402467330
1241345256035176448
1244026450602340353
1250691125595254784
1244027305942540288
1266167957144690689
1247467534963572737
1254727411872260096
1245066901249822721
1240982284557320193
1237512222487621633
1237863578079764480
1235808411083653120
1258377460997070849
1259515929571938304
1246877616252035073
1246435527131312128
1249479944494813187
1242242536804155394
1239252796790255617
1258007006792777728
1258501457931907072
1269420417640542209
1243262473882480640
1242043515590279174
1265708573092347905
1253120054687944705
1265354660451422210
1237250710280028161
1240715503162871809
1244031143776858112
1257645922428882945
1235122443301289984
1265093656912048128
1237892501664460802
1250945764119007236
1244358340991426561
1237448903789809665
1239737009125670912
1242221099691257857
1268970449679134720
1242931851909648391
1237509367433494536
1240435201408458757
1236392721784475648
1262528050765475841
1246918280415150089
1241114613246287877
1245828457352888321
1260228298942152704
1255896051212574722
1244956404911353856
1257661622614732801
1240010216852389889
1245514253156696065
1251085887229906944
1266834530188570627
1237797794435514368
1252397164468113409
1251859481144766465
1269773759600308225
1254769148481032201
1237279675925377024
1258723961199824896
1262485815806042119
1244738567206776835
1251371350993899526
1243656908705353731
1242840734375522305
1254735886941642752
1263914464753131524
1254409166136975361
1262878324021497859
1265073248615698438
1244101852133756929
1248204784571756545
1260228381783863296
1259200305117487108
1245569416458354688
1268689012853792768
1258216336892755975
1254760452661354496
1265153350162452480
1238933124245004291
1243293910669103107
1264697099209388032
1240320197501825025
1251883035991162891
1258336027871191040
1248313373315534851
1244813508568588299
1244813648343658498
1237907721556549633
1245871630737223680
1242892318295969796
1268693063498633217
1244536134308368384
1248906920074903552
1245418496227512327
1246573288559607808
1252011179733590017
1245455952385540096
1240472606794489857
1242230115918139392
1235003210290647042
1257801084241956865
1252325506214588416
1240425968730345475
1245154955801047040
1240791622033563651
1262554761053843457
1251439434718904320
1268970097625960448
1262365615983136768
1245722753786949634
1258159651910225924
1242229809511628803
1263913484531699714
1241794775973605383
1262380343300063241
1243861055887073280
1254740287123062784
1237932579942289413
1240038046562746370
1239783035916242950
1260346228409282564
1241853493864005633
1247999058804764673
1236821302348066816
1258156590089338888
1253368383954976770
1238108575219748864
1241431432607731713
1259615522561363968
1238290727374934016
1260759833931890688
1246941162809823236
1244074265844031498
1237876799419191297
1239230408161722380
1259607564569935872
1247270267992367104
1266110661425270784
1268672558859198467
1244136169975230464
1266068605948456960
1253488631173591041
1262878325233594379
1257880236164894729
1253830717424971777
1247188932778917888
1262501619972874241
1266804056250556417
1240012050488856580
1244477894971330560
1244930509588791297
1238924488248643591
1241062825210130433
1242916382964166656
1244743005581578245
1260228711691026434
1253722194171002881
1259909380344078336
1251439437315289089
1258189052966309889
1268696904575193089
1257590957966528515
1269984395387179009
1257065307438559237
1241446247090786304
1259954029687382024
1241490266516832256
1260003301682286593
1260384245081669633
1238843358057058304
1242792357696847872
1251173972194078720
1239604444628766726
1259995418198528000
1239635074410328066
1241300134576697344
1242842462739202052
1260228352075579392
1259176585774739456
1255265975882129408
1240246255181234179
1260004130518708225
1244813549333069830
1242230251943493637
1245464827386093569
1265152909962096640
1261320142723731457
1261461099389444098
1249185232865157120
1235729946842148872
1252992443894693890
1242614700212465664
1243636156455178240
1261746656804028419
1259588189561462784
1249400262671941632
1238837699655675904
1242963268672593922
1243678837902368772
1268706227988635649
1261471375497269254
1238625901014855685
1245749155374477312
1258854753888501768
1259160279096668160
1236059798724112385
1263187655250108419
1235970945539543040
1237509377734541314
1252364789839392769
1259771177330933761
1235207684040937473
1257555967996297220
1245868940326125569
1245519479829868545
1258169049449717762
1258190055899828225
1257921568153444352
1240020426027302914
1252394706379485184
1261403578721112064
1239515536687542272
1266391865386889216
1264731409006186498
1265764250628296706
1243317308946350081
1245783567545884673
1251546925301747712
1237162470311149573
1251084178029973504
1266903861299568640
1242847267339591680
1264402903613267973
1263958617667108872
1260700169487646720
1246259228056203266
1239701606989467649
1262874618932670468
1266393193131753475
1257736689713283073
1249355359019585537
1240457744559345669
1251191693195522051
1237375721938583553
1253097644328734720
1243156830471290885
1245812428622962688
1263774419257896965
1256291245397356545
1259606858794438656
1263988335506264064
1243673490642931713
1249817586524717056
1237271864130535424
1263992959776759809
1244443586885824512
1259906608395583488
1260679676382633985
1237192939257937922
1262920610658897922
1247354501637591040
1258491801444507648
1258494355683397643
1238332772307161088
1235663038822244352
1243575314816602125
1254823491804770304
1248427834881667074
1263593560563052546
1241849675453534208
1239045060731289603
1259586715796344833
1245464832461156354
1268987558853214213
1244706759933153291
1246442052897984514
1245019995303747585
1267926527720726535
1258330915178196996
1242839389190983681
1239223097259167746
1261063593145118721
1251844557161091074
1261321224174669825
1239722953920708610
1241349912991870978
1249013460844843009
1250398980904714240
1243003585463554048
1259847878152990721
1249822475778764803
1269374384319401992
1247344229245992960
1246893357797867523
1240682111633367042
1240682338264236040
1238145812988821505
1243568535479164928
1261733215938715659
1236575247169708032
1251121224287215617
1256705635284062210
1265742043944452096
1261310972393906177
1238211084672262146
1244733763055226884
1260245738258345986
1237482531609612288
1256289678778654720
1258726032863105027
1248641761007845378
1245840859851042818
1258148200550207488
1235964388680650753
1240033496967643137
1256741375942500353
1242997992304652289
1259837480251076608
1256609220176338944
1263840686216019968
1245483875192705024
1238069583959003136
1269985071760576514
1246838301358796802
1265744900886315011
1243148412414984194
1242907941038161922
1264661727532257280
1237190125832060934
1269615368416440321
1243300749980942337
1239456090632474624
1252995041582182400
1261330603359776768
1237306939668824065
1242565320574935040
1254379301820141568
1254413965339299840
1254380259304189952
1246880511131365385
1269984573200445442
1268826858411438086
1247686073410609152
1244991297213140992
1265752233167257603
1238208382999371777
1264650265078239239
1241845455799160834
1252005372107382784
1244381181187182593
1246231431375917062
1247344822823849987
1268872412411592717
1251588877292318720
1250180110491271171
1263592025934319619
1258839379159769089
1242605372738863110
1241467038700371970
1260791398804094977
1258738093680660480
1250853995565981696
1261013589508399104
1239787290752401408
1262873336222228487
1261442638651236352
1242609914880708612
1251885968510107649
1237934524790644738
1261000651330531328
1255603563449004035
1259382497437237249
1260330415224696833
1239013231357825024
1250788305794486273
1254034240062324737
1242641163640807424
1238579699271565312
1236436208357642241
1258470025045950464
1254377791556116481
1259226052834013188
1264814310745870341
1259578239690948616
1236401505231679490
1241371084278071304
1246249663390498816
1240684602403905538
1242176053931630592
1243531962456985609
1244343324938571779
1240650087254167553
1244101286003462144
1241425909430849537
1268258707084922885
1246044453393051649
1244598684937080834
1259581599907282946
1239173431108739072
1243951224543760384
1261494591016091648
1261091416341655553
1243951240276557825
1255940579034304514
1267936473497702404
1238165390833922048
1260347915614261248
1250895368440684544
1246567513590300676
1266805517395124224
1251965801936158725
1248555380801748992
1259578244174614528
1245675041708269570
1265653742290046976
1261060090976710656
1255589526552133641
1265073250612195328
1243956743681585152
1259822841182240770
1241845457292333059
1269278367188205568
1238854758385045504
1240709365968941056
1265823704287756288
1240482281141276672
1267922478610997250
1237493096553811968
1262028391831789568
1261063591224119296
1249785099157213185
1247720449338945536
1255575160431808517
1253625071391969280
1259974108747628545
1264543581093666816
1261428163910893568
1244747410750033921
1239128203651842052
1256895428236382208
1261805180846309376
1242799955254878214
1244732098105262081
1240061888114950145
1263461395229806593
1250542624618004481
1237909211826335745
1253854986565541890
1239142713263624194
1259971837888520198
1239284066341597184
1238977381018329091
1259974109791952898
1249828972860506122
1239311530853883914
1258723733608562688
1257975947569094662
1243641672476524548
1238549132052180994
1263890875882536962
1242266138957971456
1243647737264058369
1260727548327100416
1264813686897750016
1257971061423038465
1258466033880436739
1256437204370493442
1260729806691409920
1245472002707775491
1244755193834754052
1262827935486050307
1256576270676242432
1254516330591588353
1249826798294179846
1260729419406159872
1261086136346304512
1248534331821301760
