1248216554103324673
1236334713377370112
1252031142141853702
1248031267595210753
1246502735115096067
1266093037022842881
1238653107371937793
1240463380307226634
1240139886520422400
1242279659716390913
1243360993758961664
1240337092212854786
1240140464566743042
1242109279051624449
1251997554109186048
1238896252873474050
1235713394478657536
1243377801614548999
1241551638025953280
1250002233829146629
1241014101704351746
1246806691800367108
1250256814073151494
1243581633229402114
1250309906776780800
1247499740180287489
1246811711870558208
1239907185884385280
1256950383399915520
1247219673256640513
1249041540711882754
1237306166431977473
1250097044787736579
1266208236539121664
1241049532705714176
1242278463026925569
1252388398259556354
1239723188994654211
1246615346343284737
1235048353156628488
1239865774019350528
1236826364210302977
1263876585242927107
1250833854975393792
1261338300096315393
1248014806927302658
1262784422518165506
1249748751150993411
1239655157048184838
1241208798855004163
1245109988256894976
1248217733692522496
1241012849687830528
1235623137242464256
1238607327604998144
1247500137322160132
1239782394779107330
1250236191204683776
1245324286790791168
1270393780294819841
1245127990117388296
1243335875121106945
1247244011666096130
1258850925017477127
1238652316741500929
1239628497766748162
1238655147443658752
1238101536246501377
1237185788850442246
1254836372072009730
1257712204717096962
1244800284955680769
1254570713559826433
1269166394798718977
1266657509005287424
1252643809856495620
1245069080371122177
1244660954098536450
1238324993060229121
1253516226581626881
1241795241453195266
1245887150211596288
1245036433406070787
1241541680077078530
1256412588612767744
1266005061240590341
1248445185916317696
1238159339715792896
1243251089958453249
1252721119557287938
1246238312542674949
1241199715527602176
1241398242870427648
1243096969360429061
1268617500142432259
1238102996065624074
1256299119716507654
1249123835091267585
1243036526164037632
1251992167280791560
1262948537064710148
1259897777179570176
1243704484624240646
1244669279930384384
1240127945538183169
1237574571861008386
1242542860072824832
1243441055510511621
1239035630161735680
1262822196503871489
1242545045053542401
1245179029197488129
1259931759698939912
1252543955826282501
1247109159662882818
1257616402489454597
1253381201185984515
1252717756648169478
1243306760951209986
1240068103058403328
1237835724550017026
1244466937133965314
1246473541916254209
1249127658178347012
1245302240136609792
1236835074328461313
1245433586637066241
1242213963741487107
1240290573996765184
1250110801811329025
1246262376686661635
1258848714485096450
1238898136309010432
1241464936984870912
1247661700154904582
1247662618749345793
1245235647033548805
1262504445943963648
1246209501704998918
1263443622248296448
1238957023313756163
1243583935214489600
1248973619457396741
1249363724814757888
1247637860695658500
1240950954188591109
1257839287695036418
1239198742701584385
1243582011484393473
1257751334222258179
1238591851185258498
1245430110158827521
1257457873526931463
1256380933437079552
1247633009009926158
1242944007841427456
1238939374764597254
1243513565941817344
1246057246192291840
1237740398275112960
1246810374831255554
1253024439438016517
1244843180136321024
1267960415121743879
1240094611734966273
1254064690847776768
1263081139918344199
1239260275578228736
1247109913010151427
1253045095361908736
1243075638656823297
1253426353195462657
1250909813564989440
1245846390799917058
1243362820822986753
1256735602768318465
1264332021939175425
1243938340585590784
1248733014366064643
1245451495073611777
1241384348143640586
1257706503726870528
1253977950510354432
1249048224318525440
1241842785151602693
1266549309417422850
1247604799102693376
1247630623336005638
1242569628313935874
1254153028061540353
1237267926140534785
1241870709284110337
1260292591515578369
1240798848748064768
1241015806244380672
1254711712718168065
1243650088590852096
1242321671115149313
1240737387912798210
1237586126170288128
1238914674340528129
1261604006545235968
1241534877700366336
1241742523900530688
1242552817371488256
1244169253923819520
1238643293963067394
1246090000179085313
1255502566412169216
1246215907988430848
1255690934479540224
1256324811011158016
1255990631245234177
1247629471252910081
1243981409900990464
1262808114849439744
1260944954114715648
1243378917504946177
1243939744272318464
1238301187071520768
1245178766437027840
1257391973499092993
1248344263869583362
1267554433560457217
1250558556069339136
1248301290775547904
1239366794990833666
1238258434904133632
1253671735548940289
1256944705910210565
1258074975455588356
1256215249373593602
1237176148813123586
1235432896065712129
1242986339718627328
1242987335945465862
1245452410467889154
1240373654443220992
1246795390294331394
1263971081112752136
1270051361615470594
1238587611033350146
1244496789698379776
1260587708113657859
1241989964893691905
1257392431374520327
1239864452490592257
1245929283404451841
1242424124783411200
1241873006328233984
1248016551183126529
1242804497786822656
1239254902737682433
1264523537114558465
1246261021540524034
1237853774556717057
1241208487629271041
1239038541180649472
1267101302506557440
1248446050853158912
1239630120136179712
1255987289651589125
1242092592344567808
1242719354132840448
1243274190918123520
1242804358955368449
1246800975924539392
1247333321660682240
1253861443176476672
1240718664355045376
1235716793504841732
1262022468740550658
1252667925141610496
1240988844629131265
1249383819691655172
1255558949467762688
1255314551454736387
1242990468620681216
1245548941996941312
1267073925239975936
1266658713957478402
1257998989032554501
1258579620556935169
1237527926779686912
1242208801031426049
1242489110587150339
1248607005012570112
1238320339702165509
1241876367324712960
1253635919397244934
1249051463839559681
1255642695978176512
1250904616952303620
1251790657066336259
1246165068066304001
1240640030432997380
1266476528268906496
1253671393386008576
1244129668137209856
1238644577936048129
1247503929610510336
1238974297399582720
1250239508014157824
1238217441756381184
1261988905416568832
1241896409818939394
1245086314917060608
1260289427747864577
1239350065300373504
1251569399229820932
1245766330051149825
1244674063609577476
1253421791185301508
1249958530800549888
1246521837502312450
1253153781975523334
1241773201329356800
1249415670925795328
1241552026829565953
1265123557291548673
1245196446556663808
1250574249418526720
1253583851168894976
1250005287173488643
1243329803224317953
1237255489748111360
1245420470729572358
1239846098837127168
1238512810042236928
1245541155934294016
1264993704626073602
1242488817032007680
1235533698038145026
1240818476236845063
1241873098380644352
1240819957140725764
1237765412936388609
1244672615563898881
1244933312952631297
1241871607590793216
1268886490941186049
1252375877020606466
1265326890451156992
1243974443535347712
1261983687681495041
1243368276962533376
1243588000078061571
1238757019206799360
1258127730706649089
1238682000422297600
1262821630834810883
1254157977491210240
1248976544044900359
1245117412850176000
1244084456832598017
1264546103451701250
1249110350693167104
1239734025935368193
1268308329002139648
1244270167007379456
1246612269108269061
1248459127946280960
1248268730662031360
1242115707422281729
1239753316709609473
1240225263885193217
1255345440175915008
1239669702894538759
1238214837051764738
1246803111659868160
1238989011651375104
1258527927345414145
1252689360350318593
1260733104869818368
1240434005641777153
1254944998090571778
1239383291771445250
1241891945313697792
1239908984477417472
1241870232748281858
1243354912811089922
1240828431375437824
1237901285388693505
1257296481511448576
1248994479895465984
1249077543459848198
1242226795962871808
1237145764427640832
1245532967558156288
1241492715151515650
1260399544875069441
1259157427083251714
1247256498423685121
1239211988636413952
1240126766712344578
1238277723660918784
1240418193987993600
1255296633882972166
1244021473813069826
1246063362280247298
1240737723352260610
1241465896306184193
1243171055327379457
1247597984445075456
1247582706776637441
1235589180765294592
1247111426226954242
1252385048692588548
1243305661070553091
1248972472331968513
1240417778055688195
1244433309402378240
1237889227955691522
1237527430262210560
1238749246351904768
1245802288435920896
1255261046832599041
1240980187946377217
1262780118382055430
1245203571894824960
1244698849945542656
1246204565013385217
1253418381547433990
1260293197076594695
1245792927051374592
1252648264358400000
1245929227620253699
1257121124019834880
1236455973511815168
1243905233941671937
1252688311816269826
1245117995275485184
1240424308524138496
1254061230135947264
1238533835173879814
1270157455809527809
1238638249213599745
1264997304668479491
1240096239762489345
1248765379134046208
1268612683999219723
1270207766142111745
1263197221811617796
1250203182598422529
1245422796005609472
1238107895511814146
1238152808530132994
1244429770856726528
1237145307655397376
1241652780667985921
1249908767329828865
1238240808723046400
1258130798949130240
1248774574298234883
1253583491591266304
1244093135422177280
1248593818359926784
1263150657680310272
1246842973691817989
1247638946051473411
1241852167885111298
1258302675533340673
1253011324642131973
1252025899777765377
1241001030395015170
1236979089778642945
1252692150652977161
1242050218658496512
1255169272285986816
1245448617374121984
1241430548133949440
1258210348882178048
1245060580303667206
1237107014867828736
1242855574146072580
1252791296256880642
1260191716533043202
1261725232433434631
1247584520183975942
1261848464390000640
1259960960778993665
1248728403009814534
1244087025650761736
1253810913712443394
1241684306864504833
1252389654881427456
1268226603315859459
1244818550994411522
1241435171154538504
1244253918328172544
1239544820760281088
1258119628808732674
1243333472946618368
1262433038031609856
1244971593442439170
1268693989445828613
1243386799596032004
1255819884912615425
1237911617851056128
1241789935222435843
1237888661099663361
1240067209268953089
1237893737214177280
1250253276970434561
1242587153265242113
1264227645027422208
1240961191767392256
1243500280626524162
1238945137268531207
1253879809207304197
1242969279294771200
1252832016623480834
1248680602330685441
1242247927407525888
1248074719196307463
1245608214961373185
1245379393364660224
1258150101547089920
1266780811870732288
1242269336674406401
1266787593167003649
1248677435283038210
1238259726774927365
1247510586222616583
1245151718624636928
1239723449242857474
1242905265797767173
1244741312743723008
1240352950045769733
1239156628638834689
1246260498171117570
1239752586078621698
1237369646149500929
1245904400675147776
1241799813303279617
1243139555831799809
1236073344136622080
1235779002297614336
1240407942928744450
1239750288367591425
1241176129857298433
1251929449676800001
1238346416331898880
1237766424514478083
1242406716224004097
1252320819361054721
1247564905160609798
1250099006723817473
1253409356038549509
1251174762199556096
1255160998908039170
1238899801472880649
1251604592539906054
1248950035519352834
1246844783739486209
1253699580413333505
1247253078954463238
1243294172980883458
1255127570850480129
1250094358445031426
1242576591919734784
1250538587722047489
1259018618312024064
1244673863570595840
1240718572273446912
1241257919443845121
1237914028120461312
1259935629095383041
1250572677624074245
1246532304148795393
1238775412324474880
1256712115580284930
1240152569286139905
1240925415356719104
1254064322545963009
1244704835028615168
1241508804161830912
1250210487175970817
1237848897671716864
1250205323069186054
1243372980476010498
1239530482934648832
1238803727110344704
1250082288920035328
1237915816454230016
1245382228768628738
1250443045062856706
1243138987876847617
1236848094958030849
1245860573318762498
1263605603521507328
1266464541698936845
1237359353587470337
1241853715025473537
1251804444083314690
1240697500433960960
1244353328093380608
1245004937442050048
1249871244087959553
1246947646910193664
1242232901355417603
1240011677791330307
1240425580119625736
1249669550993485825
1269351662285701122
1238616324261261313
1250591579527675905
1259955929195450368
1244929524263014407
1251525273939513345
1243682600893460481
1242490573099020288
1254848807717781510
1259542535749410817
1240787204361904129
1246922136993837056
1252764062804574216
1266327715424198656
1241138962611294210
1237921902808743936
1244739064969990148
1240604781397377024
1243269971691667456
1239941864171732999
1249353291227697152
1242617393077194752
1247137280885751809
1238597748733218817
1238013573634445312
1239723004323643392
1239713838557212672
1248156736743186435
1246017794891800577
1257755393633239042
1238154133561114624
1255633354176835589
1258361488034729984
1259805441279889408
1257695539568795649
1238186446034436098
1244105222198353921
1260041571963207681
1242226879203065861
1258000586991116288
1241202467519582208
1251173751028318209
1268014671510089733
1263129856436510720
1264047810393133057
1241112402420260864
1235491311651782656
1237933043370860545
1235929517195214849
1242550071411052544
1244030929556799494
1241389200848629765
1249849773059977221
1259492816499216384
1238623132015001601
1256113357524029440
1236077973087846403
1243656515464151041
1250215165037076486
1244768942666678272
1262400777852764171
1237924081670017025
1245027364825903104
1256715437766782977
1238085168113627138
1266748784849158145
1237901686598963201
1253099872003264512
1260271173004386305
1253650371035176960
1255932801171537921
1240428449833115648
1239208555946835968
1244092188746747906
1250176605026222083
1241027788557225986
1264025832579891203
1244657482435305474
1263554482975256576
1248668111374618624
1253941583986282497
1247135461694492677
1239927435623370753
1251619246519586817
1236670383694188545
1237061663188189184
1250611229338599430
1241762225301454848
1241570196634173442
1250057163688554497
1244822754865668097
1264073333735374848
1246697451173695490
1242206405186256899
1237925472534761473
1247730501684690947
1250469747961090052
1243958346249625600
1252269451560411137
1242232693829615619
1240283531311550470
1241150143178686465
1266096351286374400
1244448430686167042
1239245545295798272
1255900908589891586
1250897633192837123
1260703203768795140
1237849672644849666
1244344113861922818
1248212497733226497
1249668250650230793
1253127514207240192
1258176063634636812
1254090942870626304
1248771714835759109
1254137214440738819
1248183173244223488
1239528600455581697
1245467230994866177
1245693465708630017
1243719040864043008
1245001271431528450
1239588169542176769
1268393705666416640
1239663751768539138
1245463095360831489
1257580674292355073
1240038366634270721
1270009584778911744
1252618556925231104
1250467925695348749
1240684997754761218
1240808663624888323
1243929149900611584
1237316996569673729
1240440860661202944
1241805647496216576
1255583120860024835
1252302708914216960
1243898984701276167
1254862699248443394
1252297215495847938
1260383370418302976
1247361005077835776
1267541022923423744
1242885991683313664
1256264267679985665
1254905056287227905
1260828509267800064
1242214065155395587
1239788824017895424
1240416340336357376
1243322737843675136
1254138525668311046
1269094391706193922
1244306589391163392
1238426797714391043
1244307340196810752
1243520808011563008
1248638599437918210
1263321919824199680
1253389251850485765
1253826304459169792
1262399205299159040
1247164313816596480
1247694315272404992
1259487396665720833
1240762965525172225
1245499545934495744
1245534663558512646
1253118300017627137
1251981663120363520
1238282910555389959
1237317315768856576
1258538786440404992
1240082939393835008
1243312944945004545
1245453715265458184
1242631605493080064
1246841014863757313
1249868534211117056
1245200892506365952
1246553759897071617
1245583184303013891
1250182745600516097
1248773454301736960
1247543242855350273
1248087014504837121
1246871746294222848
1257335732974366729
1243894593575366656
1243805465034792960
1239344439564349440
1241114948085956610
1241042520500580352
1237026976055070722
1244990874720841729
1251948468966428672
1238570145251024899
1243300372741054469
1241381675252289536
1237161595714879489
1240684192440160262
1237919058718310400
1250182047559225344
1264716636998770706
1238455346160717833
1262836576738070529
1245149562513297409
1256286892313772032
1260328978352607233
1244383598742036485
1248168232847945729
1259807954703876099
1247709012575092736
1248057302759944193
1237421452498022403
1238311210245926912
1240085367841263619
1257109886443425792
1253370013270052865
1250193581823983629
1235956691117707265
1250978179864502272
1238161740715700224
1246565376370118657
1238981204327702530
1252454504127238146
1259333202184998914
1242907501013729281
1239591885494198285
1247508278139129856
1246288785790439424
1250122017250185216
1241768829933494275
1241845541748772864
1241406578189905921
1249507141066653696
1239049832268017664
1237490462337970182
1245458182417375235
1238210824830955524
1237186164433575937
1250152692019838976
1254031380608139264
1242726348713529351
1251299229651423232
1239288481781776384
1256341330747326464
1260992172343492608
1251312644746862592
1248043364718653441
1247203004828262402
1259631074189234176
1244340689720270848
1244860324802711552
1237426980926246912
1252624916320403457
1240478018084179969
1244311274554626055
1242962881139879936
1249344440038313984
1250042760457072642
1259632361773379585
1241861519903768577
1247966454068248577
1255583742774689792
1246470630394003457
1252363784854749185
1247999793286320128
1263067880016547842
1239858159008788481
1251316036802134018
1242861706419765249
1246287851278553094
1242629787090288641
1241848054501818373
1250875510697099265
1264573173439369218
1240032559637110788
1257986137190289408
1255177945708220416
1269666788599640064
1255179547953283073
1244350172810948611
1240349415480733699
1244885212250673155
1243811413593747458
1246616659764424704
1250548266124673028
1258438985329901571
1240100142881157120
1243659975932760066
1250636605775384576
1246259010292060161
1243965676282355712
1256745934500909057
1256273878772580353
1240351658137305088
1236421349201063942
1243294507954831361
1238890262258167808
1235406541357903872
1263095871945744384
1240707767964274688
1244619914029252609
1236996359540047873
1244144307516461056
1254139894416527360
1240496033941139461
1237870518776168450
1241847439562354689
1249121343955783680
1254169962496888838
1250844968232550402
1251930342098792448
1254827482961907718
1251176789700943873
1245148744854667268
1246288964371308544
1238210694333509632
1262072827563433989
1254985998427205634
1241438831733280773
1252860147061256193
1241090905374851075
1257383138696839169
1253796305819795456
1245927709441757184
1237905097042133000
1236432587138256897
1241026904645414913
1268991856291057665
1257102619564298240
1244383045299437574
1247313532879810562
1266054221666885638
1244443151009546244
1242604840305508356
1247123661678694403
1262074862652325888
1245921893665746944
1242873232807641093
1248326649260593153
1250156405581103105
1270562326379454464
1253870612319174659
1245706795353624576
1239275249600008193
1236433352179232768
1247936536445964288
1245148281514135560
1240686581922402304
1239674192347439106
1240561061645991937
1246236230259523585
1238709904166223874
1239043658755780608
1253928252139323392
1247901638452318212
1254138999565942797
1264733301673267201
1269277583360905219
1261700880241266689
1235251689168482305
1238833735749033985
1237490087052664835
1250157075738615811
1250006611206250496
1254088822511611904
1240842254778093568
1240452159017226246
1247935910123012096
1255013547563790336
1250849238306697217
1250571416778477569
1241490778779779076
1244382596026556418
1247927780139991040
1253079634230607874
1236996014353125376
1246468151388311556
1239429895538847744
1250567619691905027
1247910517676613634
1241426634961489921
1240457206128140293
1243321012651012101
1237202474815107073
1258022783910580224
1242801716443205633
1247194340511944704
1248053221379235840
1251962374178983937
1254817334986002434
1240460187607207936
1256856709903122432
1251299576008585216
1253703544739450881
1251300362411278343
1240317593921216514
1260372225968025606
1238709271124205569
1247755167761485830
1237491670817689600
1264374604879060992
1243102652717826048
1245394470952226816
1238068892137816064
1259126259298205696
1252291523376558080
1241483554661502977
1260351580475449345
1259685867221856256
1259628475188723714
1254470803242061825
1235296015374258178
1252619829821034500
1242563337759657986
1238580577504301058
1239934480984477696
1247871040975495168
1238847376875544578
1259287703218200576
1249345963874975744
1243536121134559233
1255400324870873090
1239990915579740166
1260376868009672705
1257354636484370435
1243207972957929474
1268410409591201792
1237938763482963970
1248520185092464641
1244304376451207169
1250887298192998402
1240481508768571397
1242059689204027393
1247309031296970762
1244509859971772416
1237792025010896896
1240689119761596416
1262853116640268291
1238197384569634829
1242913522658541568
1245185682336886784
1254882525043920900
1270333309151838208
1243971734916734976
1247306419180900357
1255402881320189958
1245171259211763717
1237905332183150592
1242513642165280769
1240783013954412544
1235246261390934017
1238580774108106753
1241439686557655041
1255145879045980162
1255588361361862661
1243352104808439815
1242909245286350848
1252698411159236609
1239965837307432961
1262915296047894533
1237905375535534082
1243802925731917830
1237907194013716481
1259974679177166852
1258464626720808960
1246978635292180483
1238816138546622465
1237908851468505089
1248538572761829376
1243241686765129731
1252580117710340096
1241748967882358786
1236064926407499776
1239426788922667008
1251642695241605122
1249196672065953792
1241056775916466183
1250503945967079424
1243595386062884864
1248236999036866561
1249828048796618754
1249825165065826304
1249828183660265472
1256258558447976449
1249825101740232704
1248231326630756352
1266502317106495495
1261082097185443840
1245470052901687301
1246112612519161862
1241780242819231744
1241353385720365059
1264244642121465857
1264981144937717766
1260603145232793600
1254493352701067267
1254493693467377670
1243632149493932034
1245454577740193792
1245052299841548290
1241807908385456134
1236661133844643840
1256602382961643521
1240745402984476684
1238897715960074240
1260029134299729920
1265635178279579648
1244972445313925121
1251268845186285568
1253382529652056064
1241676568847691776
1265636885101191170
1263454669210365952
1260605640365543424
1238663079598215168
1252652756780924928
1238266072303878152
1249723428892037127
1254971702293004288
1264247562128719872
1246478072213147648
1238697158020411393
1241535456539480065
1245122857866231811
1265683670590988288
1262778928478986240
1254495202909224967
1249799357580394497
1243937722332479488
1251230337943744512
1254461293140086785
1263345388800610304
1239862633655873538
1264245130690801667
1242207433063350275
1255315851449905154
1241018096401424384
1244058484431302661
1265634469232300032
1246060792060968960
1239690029808713736
1262418712285655040
1253580824714379266
1257441749074694154
1238554278278635522
1256659804426244098
1262348830038806530
1245533021710794752
1246265542341799941
1245038815397523461
1245779233898557440
1239350731204935681
1237535969282154496
1262673138912985089
1244954710458732544
1238958304337985538
1246507039385362433
1249911252115169281
1250138728519086081
1266118784223449089
1246910308196790274
1243240387545911302
1247972759260585989
1241738946700365824
1238297780113866752
1245065801457074178
1259184391466758145
1238866205081047041
1238722601415041024
1264980576475459584
1245847330923913216
1240734405909450752
1251493181264445440
1251495011696488448
1241814024641282049
1265629633933869061
1244799023665549312
1248460706740965378
1242278035656716294
1244638916998807555
1264248221343322116
1262404934466764801
1239231323639873538
1264245774717779968
1249765081954562059
1260165378019377155
1239040422565085184
1238957842201292801
1258829750119907329
1247274319509684225
1254832901847420928
1263122111733927937
1245083152047132673
1245271912181305344
1253019457968095232
1265713576515420160
1245418181281427458
1242581609213296647
1241461897578373127
1258862077097250823
1253431533446131713
1245109845973520387
1267794899816067074
1248227966909394945
1254495463312633860
1261552066662666241
1265140092802338822
1245887375835901957
1238829219955855362
1265628115377836032
1240419443337035787
1264246994274586624
1244704621567848448
1257751157642072075
1245125267267497986
1243697206235934721
1245160183418032128
1243368413608591364
1241550034665168898
1249055472407150594
1235868815528886277
1245343892645588994
1245887544937635844
1254466475399811078
1245887989613461505
1248791352244084737
1242988175871672320
1253556333770653696
1244830521366130688
1239268371625127936
1245895046186119169
1238649627299270656
1252267527864045568
1264978850183774211
1251498123563851777
1253386890050506752
1245527787638853632
1246194141035454464
1238463619345629191
1246089077478350848
1245197188021530624
1247610256521408513
1264272726019227650
1246856979093630984
1264954963152834560
1239625282262351874
1245888910116433922
1238914438406823938
1246240743787769857
1253712041824653313
1258038676703109121
1263052902299508736
1265632656928243715
1241459757745147909
1259155748484976641
1259559245353226244
1241873499456786433
1245067918162919425
1254599688042545153
1241807008082395136
1261637292483100672
1265627260490526720
1260615957925580803
1244438886979448832
1251032835084951552
1240299712168804353
1260237453807542273
1235715930715344897
1244033880027430912
1252707772032069633
1238609979013300228
1245117510065827840
1239347553147199489
1266797444504801285
1238242362603769856
1239368406371008512
1253658626016907264
1237949920549785600
1241731979093184512
1243743842731524097
1245127779835940868
1250900428176457729
1249846132638978049
1253071177720963078
1246478711840477185
1262403834586038274
1241392374791757827
1264188538947584006
1246195856342167552
1246195065246167041
1237783127470346241
1254492823170289664
1249029215619616768
1254593285374558209
1253415140235436037
1245886770358693889
1249027363561779206
1254487017485893632
1238899394625363977
1241892713223634945
1244778518979977218
1248669321620004864
1254015740044337152
1242828140541607937
1238661004562743296
1264608461255573504
1266795379598610432
1240759307232305154
1260614770820091906
1264246403733348352
1245738706121773058
1254016163199291392
1263510288055382017
1249083644003704833
1241514711046336514
1249370158784811011
1236872308444332032
1249420745811333121
1247226977960034316
1244789016437968897
1245418098196430848
1243745669132832769
1266117332079968260
1250082577668505600
1261639679763415040
1248755305468637184
1265626598184824837
1238825976789901312
1239385840243093504
1261465877964296193
1236268704113070080
1242975581752496128
1242035731188658177
1239265229709750272
1246107424647503873
1242102710830333952
1237216991427133442
1267202370867527683
1256282672646828036
1243162888023478272
1248444547224555520
1246122389718446082
1252264763717029889
1265628645273583616
1265636312771637254
1265638111347904512
1264979857013911556
1261688065120182278
1270091649620869121
1237049989437837313
1246265845766070284
1264229545349132289
1248995382408830981
1247228904928051201
1260712133135867910
1245370358175236097
1266122879789404160
1255505232076967938
1259564012171407360
1249843850581020672
1261349206909874177
1264980317942829057
1258639877400379392
1244694413483356161
1238655733731909632
1262402838422052864
1265626175042392065
1268380105950232576
1240771857516814337
1254544954598268928
1266119842823843842
1240042483955965954
1239251832750452737
1253159364225089536
1248641861335625730
1246164864562860032
1246538946068254720
1243711056972787712
1242146133423599617
1253752986674831360
1239668864679587851
1248074891863220225
1242829150165090308
1246204990512934914
1266120706179432449
1266121850544885762
1246501437951049729
1239657380675301377
1238820026066579456
1243328423386329089
1252991096881319937
1237264823861358592
1261365222545264641
1240522540411469824
1239367435863678981
1246125295683473408
1248774943212437504
1268166966361145346
1246794634287886338
1246603969117462528
1245889253227315200
1264283722209267718
1268964460645044224
1236366025182056448
1253741275079233536
1250247027444850688
1261639068775038977
1258707058154668033
1253073328849465350
1238088831607472131
1235727299057790983
1255557753764020224
1247351375131967491
1252609010135642112
1243384864767791112
1254016547447885824
1262713798156267521
1260613021010976768
1263458114168410112
1262426936304963584
1238447881620721664
1258171180814655490
1253053249780940800
1239648722482593797
1263792608712720384
1255247942782517253
1247233146761940992
1239770248477380608
1244040438572625925
1258159967368105985
1247383062402535424
1260415878547623936
1238901231906697222
1262005640911892481
1240557297673404416
1245073737977864194
1238600709764984837
1248716061442215940
1241620016451256320
1266816352930738178
1266810387103649795
1259154999638134784
1249136451641638915
1262404403644059650
1265632183152259072
1246881696970166274
1259514397178855424
1241917382173605889
1251496983250063360
1266798295159996417
1266799203621060608
1267151133644070912
1251136397945249792
1239541692216365057
1237932179935633410
1244278732019437568
1237363570511425537
1254598298159243272
1240992326127882241
1260013558546366467
1241111780698570752
1241788829566042112
1265627544486846464
1247758056265412609
1249001628281307136
1265629110597976064
1265631703294410753
1259563952419323904
1244994003269025792
1239586613979746305
1241576644634083328
1249428340219543559
1267121061235130370
1267121477230440448
1267122394361184262
1240065834913013762
1241005285965279232
1242472068639346688
1247228401641029633
1243933287992700928
1261006788868145153
1249687705853865985
1270009670254628870
1259613952117522434
1239455984336154624
1240702688167366656
1246104584256356352
1248602713828589573
1239924146018168834
1239624111468445707
1258129088042147840
1240698290410160128
1266794140399853568
1249139039208439808
1253064107063902216
1244654712831516672
1247348729692200965
1266792541338263552
1259017991368425473
1236694039518470145
1247722709250949121
1244970792267513856
1238905350436327426
1240396991013752843
1237893551934955521
1263177430400929794
1252613607642132482
1241340089990549505
1262774892933664768
1247297827459469312
1260965067752955904
1237931126049693696
1241429058988228614
1241503295820173312
1250858865836646401
1242884441174917120
1255195336244633601
1245827779834372097
1248768686799773696
1238694264684654592
1259458071157452803
1248241721462456320
1242888556114333701
1250198775521566722
1255830926745051143
1251138694158839808
1263791533070921729
1237919272833298434
1258228616149827585
1243933070698348544
1253060652731641858
1253530142615515138
1252332670719311872
1252242284709625857
1252253621242212353
1267284305371414528
1248074689894920194
1247618685612818432
1252427395690147845
1261637715034021892
1236743631635169281
1239316252818055170
1248406660290203650
1254810123425460229
1241779513677266949
1261637020532776961
1262139250323132417
1242887472956260352
1262882798811197444
1240117226637856776
1235952958543720448
1253492061057187843
1265629944492765185
1242099652532621314
1254078145508016128
1252615895056371712
1258971364716929027
1260042625765302278
1263792120659312640
1252260516929601538
1258881328797364231
1261476410222354438
1252245319259230209
1263790856198410241
1252264099125366785
1259884985835757570
1243023213665366016
1264236861553356802
1252991381947244544
1266040025994665984
1241569375099981825
1265068621686091779
1263281518274846720
1247889762251206661
1262778167053385728
1245826721577725953
1252611528437661698
1260655902715068419
1259820539356602376
1244834095974277120
1250594084403773447
1240087746552700929
1247983998653120518
1246604272382468098
1249872494418366466
1237926711939018753
1262394132552654848
1246967320309911553
1239696999152312322
1251351864005865474
1258970859336880129
1242951799717466112
1250203486962307072
1250204487987400709
1238222180254715907
1263175507656540161
1247982727959384065
1236717208388108288
1264070100560359424
1254981933165133827
1252244287145861122
1266796581698691072
1247057048191279105
1264241879543095296
1242883237376131074
1240359720835301381
1240445364219588608
1241139514518708230
1262142056484478978
1257498581621186562
1262777886756528129
1267082045030875137
1256917652301385730
1266811454268858369
1259549288788615174
1240120685390966785
1239160401050439681
1245799435956899840
1251685149244362753
1266796051597373440
1240095718892883968
1239532697539825664
1242632967413006343
1261091675407110148
1239715342441762818
1249444565662261248
1254933637260288007
1245482975543902217
1238905971164020736
1237519870033563654
1248284526108868608
1240254498335010818
1261638352970887168
1264470256145309697
1259883093403611136
1260965149072076806
1251682800224407554
1261635869401845760
1245149410448867331
1238403451719163904
1249440169683554307
1259619568449970176
1252246229247037440
1242831101674086402
1248762977945296896
1267229001208049665
1239166307314143234
1247720324755607556
1238888313471279110
1237401767379337217
1245903883047702533
1259820544544968704
1247615469839843330
1252241541306998787
1258910236443901957
1251200259159703553
1239588800067776516
1270034638665375744
1252611269305253888
1261736084402311170
1245349996788056064
1267514943097749504
1260800994671300613
1262374309517037575
1245457783358664706
1244537109718994947
1267109053609775104
1241963208581304321
1237916769702076416
1261640336117567491
1251543830643564545
1262156580574892040
1245457461416468481
1247722463712206848
1242583713810186242
1245149648639201282
1237702642803056640
1269094133341261830
1255190156686090241
1256609791214063616
1267804936626155522
1262065726795517958
1241929429846233088
1237859265093615616
1259573088079040513
1239717397688451077
1247203692589301769
1260979019153104899
1261331856689188864
1250593166597795841
1251530268617445376
1267230706947637248
1242287109072990209
1244175449212817408
1245399029493706754
1257753799403417601
1267232994953007104
1257054876107976707
1243943857986899968
1238997504676462592
1256093579572924417
1262773882790043648
1237919340026044416
1264372575146295302
1260244250211618817
1246101538935898117
1261701220093263873
1241567277327228928
1258807634871934976
1247552182813175809
1245900206752829445
1248328994132570113
1248084627543207939
1241485748458717186
1252993448396959746
1239903925236572160
1262119109837361163
1252992402140336128
1253748017628426245
1241946071695310848
1238407398202716160
1245405405007642624
1255920304272166915
1237940669995536386
1262773493139214337
1244684494218694657
1238254572755451904
1238570694650322944
1248704613693390850
1247203355711152128
1260952725791158274
1245003942859284480
1264373867050565634
1252990468981489665
1252621290483179521
1260789639431913473
1239587763130859521
1250532446266933250
1239827799608868864
1238063890296123395
1263583437685796867
1247203127184547854
1262778542179450886
1259176716527960067
1256163876598501376
1251743167461941249
1253300294903115777
1241930763848876036
1240277108695449602
1240829788962590721
1249488143201509376
1245811461433094144
1258843241442684928
1245916955845918729
1250079661398339587
1257098969035014144
1259681388950958084
1238625440002183168
1240714113766117376
1247707783551692802
1251492022948630529
1245790863046950917
1258855662450286599
1237503484418830337
1259823986495688710
1255547663933739008
1247904468991000576
1246545896252362755
1251322579111022592
1259820541655101440
1247482705970892800
1242237336097894401
1260709494641831937
1240106193407873027
1258512135136505856
1244095008376000520
1260915959973449729
1244446640833990656
1244878533337505793
1262772908503584768
1260242403111448577
1250170549344579585
1267513499858722825
1236342759998599169
1247557856255193090
1257055293009248264
1262055441024143369
1243718074383110144
1255904910605979648
1253818976548933632
1259821578575056901
1266875718484582400
1255618245115215879
1246405153470713856
1240567837288288256
1257799576196653058
1246283858464686080
1242118513755672577
1238253753146499073
1255272341204086784
1265514812072738817
1248635550044696576
1238704603224555520
1245753205847449602
1268448099137138688
1252714611213774856
1249707905286373376
1267229876777451520
1244348597803589638
1238582283625533441
1257964690807939073
1262218179000049664
1267231378577317889
1238477803244474370
1246829016172150793
1239565912526766086
1248522462708588545
1239980089359695873
1248050837986971648
1258511756600594433
1252970446670225408
1252679283971182593
1243669199291113474
1238574447667417088
1245398761490255873
1240483806903242752
1237801981005246464
1258403453220589568
1264076827418660866
1252263445644312588
1238539683317067783
1243193224665141256
1264750210963701761
1247746824787509249
1252266714647212033
1243917295702945801
1245505452957368326
1249145008122474496
1252993020364021760
1266123920719204354
1250111539857764354
1266124943194034176
1252003436696125442
1258512020376174595
1235734612342525953
1263672207093440513
1266822663277813763
1243573775729377285
1267514117390245891
1270392154242854914
1247898041589231617
1250975865938358272
1244385711161303043
1241165357978615809
1252781859110608897
1238195467860750337
1241865945892732929
1243664660651540481
1243955535898173444
1237191704689758208
1251966689618649088
1245149091413348352
1249705982428577794
1246599935656710150
1252360398193389573
1243847094827442179
1267863912885686276
1240859970754809858
1247309346251341825
1240581767490387968
1265725265143095302
1251273927386595329
1239965329477922817
1240483393177034752
1254885336867635200
1260371073905950727
1259154716791095296
1248390779195645954
1257145149861310464
1251117703273893888
1254032026287702021
1243751463341428737
1262919015758024706
1249389481456734208
1241055006868090881
1256999660646010882
1248565836027236352
1237910135042904064
1244751728614027264
1247236628998959106
1265754677997699073
1242329454543806464
1270043311445880837
1241441020530905090
1239279200638570498
1238245699382325251
1259977286922702850
1239283063495983105
1261693375620751365
1245475357098151938
1242142872134201347
1256228589139361794
1256724866704736261
1256579372515053569
1237545134855577600
1244758229470580743
1249826499248771072
1261691771169525760
1261693916945973251
1245127990117388296
1247244011666096130
1243251089958453249
1248217733692522496
1247500137322160132
1262784422518165506
1239655157048184838
1250002233829146629
1256950383399915520
1238652316741500929
1235048353156628488
1236826364210302977
1246811711870558208
1254836372072009730
1249123835091267585
1238653107371937793
1252031142141853702
1248216554103324673
1241012849687830528
1266093037022842881
1250833854975393792
1248014806927302658
1245109988256894976
1241551638025953280
1238607327604998144
1253516226581626881
1247499740180287489
1239907185884385280
1243335875121106945
1240140464566743042
1239723188994654211
1241208798855004163
1268617500142432259
1243360993758961664
1240337092212854786
1238102996065624074
1235713394478657536
1252388398259556354
1246502735115096067
1263876585242927107
1239782394779107330
1238101536246501377
1244800284955680769
1266657509005287424
1256299119716507654
1239865774019350528
1242278463026925569
1261338300096315393
1238324993060229121
1238655147443658752
1245324286790791168
1258850925017477127
1254570713559826433
1241014101704351746
1243096969360429061
1242279659716390913
1252721119557287938
1240463380307226634
1257712204717096962
1238159339715792896
1250309906776780800
1256412588612767744
1236334713377370112
1246238312542674949
1247219673256640513
1248031267595210753
1243377801614548999
1266005061240590341
1245069080371122177
1245887150211596288
1250097044787736579
1245036433406070787
1238896252873474050
1241795241453195266
1241049532705714176
1251992167280791560
1251997554109186048
1239628497766748162
1241541680077078530
1243581633229402114
1244660954098536450
1269166394798718977
1248445185916317696
1243036526164037632
1250256814073151494
1270393780294819841
1246806691800367108
1249041540711882754
1241398242870427648
1249748751150993411
1252643809856495620
1237185788850442246
1246615346343284737
1242109279051624449
1241199715527602176
1266208236539121664
1237306166431977473
1235623137242464256
1240139886520422400
1250236191204683776
1242542860072824832
1259897777179570176
1257706503726870528
1244843180136321024
1254153028061540353
1263081139918344199
1240068103058403328
1240737387912798210
1247637860695658500
1246810374831255554
1237835724550017026
1246473541916254209
1262822196503871489
1244669279930384384
1243441055510511621
1248733014366064643
1240094611734966273
1246057246192291840
1240798848748064768
1243583935214489600
1240290573996765184
1247630623336005638
1245846390799917058
1246209501704998918
1253426353195462657
1254711712718168065
1241870709284110337
1241464936984870912
1243075638656823297
1256735602768318465
1245430110158827521
1260292591515578369
1258848714485096450
1257839287695036418
1241842785151602693
1249363724814757888
1243650088590852096
1264332021939175425
1253045095361908736
1247662618749345793
1262948537064710148
1253381201185984515
1238939374764597254
1241015806244380672
1247661700154904582
1243306760951209986
1252717756648169478
1247604799102693376
1238898136309010432
1248973619457396741
1245179029197488129
1252543955826282501
1239198742701584385
1249048224318525440
1240950954188591109
1237740398275112960
1245302240136609792
1242569628313935874
1237586126170288128
1243582011484393473
1247109159662882818
1247633009009926158
1246262376686661635
1241384348143640586
1243362820822986753
1247109913010151427
1253024439438016517
1239260275578228736
1245451495073611777
1237267926140534785
1243704484624240646
1257616402489454597
1240127945538183169
1254064690847776768
1237574571861008386
1242944007841427456
1243513565941817344
1245433586637066241
1259931759698939912
1236835074328461313
1238957023313756163
1238591851185258498
1243938340585590784
1244466937133965314
1263443622248296448
1242213963741487107
1253977950510354432
1262504445943963648
1242545045053542401
1250110801811329025
1266549309417422850
1250909813564989440
1257751334222258179
1249127658178347012
1257457873526931463
1256380933437079552
1239035630161735680
1242321671115149313
1267960415121743879
1245235647033548805
1264523537114558465
1238644577936048129
1235432896065712129
1246800975924539392
1246165068066304001
1248301290775547904
1239038541180649472
1243981409900990464
1246261021540524034
1238258434904133632
1237853774556717057
1242208801031426049
1255502566412169216
1239254902737682433
1246795390294331394
1243939744272318464
1240988844629131265
1243378917504946177
1250904616952303620
1256215249373593602
1267101302506557440
1267554433560457217
1251790657066336259
1238320339702165509
1249383819691655172
1239864452490592257
1244129668137209856
1238587611033350146
1244496789698379776
1263971081112752136
1247333321660682240
1242719354132840448
1235716793504841732
1242804497786822656
1237527926779686912
1238914674340528129
1242424124783411200
1267073925239975936
1241873006328233984
1258074975455588356
1244169253923819520
1253635919397244934
1253671735548940289
1255558949467762688
1261604006545235968
1241742523900530688
1247629471252910081
1255690934479540224
1252667925141610496
1238643293963067394
1249051463839559681
1238301187071520768
1270051361615470594
1240640030432997380
1237176148813123586
1240718664355045376
1242552817371488256
1241876367324712960
1256944705910210565
1255314551454736387
1262808114849439744
1245452410467889154
1242987335945465862
1241534877700366336
1260587708113657859
1245929283404451841
1257998989032554501
1240373654443220992
1258579620556935169
1266476528268906496
1242990468620681216
1248016551183126529
1241208487629271041
1243274190918123520
1248607005012570112
1248446050853158912
1242986339718627328
1241989964893691905
1262022468740550658
1255990631245234177
1253671393386008576
1253861443176476672
1255987289651589125
1245548941996941312
1260944954114715648
1239630120136179712
1246090000179085313
1257392431374520327
1256324811011158016
1242489110587150339
1239366794990833666
1248344263869583362
1250558556069339136
1245178766437027840
1255642695978176512
1242804358955368449
1266658713957478402
1242092592344567808
1257391973499092993
1246215907988430848
1250005287173488643
1254157977491210240
1265123557291548673
1246521837502312450
1238277723660918784
1239669702894538759
1241773201329356800
1258127730706649089
1237145764427640832
1248268730662031360
1239383291771445250
1242488817032007680
1251569399229820932
1237255489748111360
1238974297399582720
1239846098837127168
1243368276962533376
1241873098380644352
1249958530800549888
1245086314917060608
1242226795962871808
1249415670925795328
1249110350693167104
1245196446556663808
1237765412936388609
1240418193987993600
1248976544044900359
1243974443535347712
1238989011651375104
1252689360350318593
1253583851168894976
1261988905416568832
1237901285388693505
1253153781975523334
1250239508014157824
1249077543459848198
1245117412850176000
1260399544875069441
1239211988636413952
1238512810042236928
1244084456832598017
1244674063609577476
1246803111659868160
1268886490941186049
1238217441756381184
1241492715151515650
1241896409818939394
1240126766712344578
1239734025935368193
1250574249418526720
1268308329002139648
1244021473813069826
1255296633882972166
1247256498423685121
1261983687681495041
1247503929610510336
1239753316709609473
1265326890451156992
1240819957140725764
1240818476236845063
1238214837051764738
1260733104869818368
1243354912811089922
1238757019206799360
1257296481511448576
1239350065300373504
1262821630834810883
1245420470729572358
1241871607590793216
1248994479895465984
1241870232748281858
1242115707422281729
1235533698038145026
1245541155934294016
1246612269108269061
1254944998090571778
1260289427747864577
1245532967558156288
1259157427083251714
1253421791185301508
1252375877020606466
1241891945313697792
1240828431375437824
1239908984477417472
1243329803224317953
1255345440175915008
1264546103451701250
1243588000078061571
1248459127946280960
1241552026829565953
1244933312952631297
1264993704626073602
1244672615563898881
1244270167007379456
1240434005641777153
1246063362280247298
1245766330051149825
1238682000422297600
1240225263885193217
1258527927345414145
1238638249213599745
1238749246351904768
1253011324642131973
1243905233941671937
1268612683999219723
1244093135422177280
1247582706776637441
1241465896306184193
1258119628808732674
1241001030395015170
1252648264358400000
1258302675533340673
1240424308524138496
1237911617851056128
1261725232433434631
1252688311816269826
1258130798949130240
1240096239762489345
1244971593442439170
1236979089778642945
1254061230135947264
1255819884912615425
1264997304668479491
1243386799596032004
1253583491591266304
1243305661070553091
1249908767329828865
1252025899777765377
1252385048692588548
1262433038031609856
1258210348882178048
1246204565013385217
1241435171154538504
1245448617374121984
1237889227955691522
1237527430262210560
1244433309402378240
1261848464390000640
1242855574146072580
1237107014867828736
1268226603315859459
1244818550994411522
1236455973511815168
1240417778055688195
1263197221811617796
1248593818359926784
1245792927051374592
1244087025650761736
1245802288435920896
1270157455809527809
1247584520183975942
1240737723352260610
1239544820760281088
1241789935222435843
1243171055327379457
1248774574298234883
1246842973691817989
1244253918328172544
1241430548133949440
1248765379134046208
1270207766142111745
1245060580303667206
1237145307655397376
1263150657680310272
1253418381547433990
1238152808530132994
1260293197076594695
1245203571894824960
1241652780667985921
1259960960778993665
1253810913712443394
1244429770856726528
1250203182598422529
1262780118382055430
1245117995275485184
1245929227620253699
1248728403009814534
1268693989445828613
1247111426226954242
1252692150652977161
1240980187946377217
1243333472946618368
1238107895511814146
1242050218658496512
1257121124019834880
1244698849945542656
1238240808723046400
1235589180765294592
1260191716533043202
1241852167885111298
1245422796005609472
1255169272285986816
1255261046832599041
1252791296256880642
1238533835173879814
1241684306864504833
1248972472331968513
1252389654881427456
1247638946051473411
1247597984445075456
1243139555831799809
1245004937442050048
1250253276970434561
1242406716224004097
1263605603521507328
1251604592539906054
1245151718624636928
1245904400675147776
1236848094958030849
1240697500433960960
1237369646149500929
1243294172980883458
1242247927407525888
1237915816454230016
1255127570850480129
1237766424514478083
1247510586222616583
1236073344136622080
1266780811870732288
1241176129857298433
1253699580413333505
1240718572273446912
1264227645027422208
1240067209268953089
1245382228768628738
1248950035519352834
1238803727110344704
1242576591919734784
1258150101547089920
1254064322545963009
1250210487175970817
1251804444083314690
1244704835028615168
1250082288920035328
1251929449676800001
1259018618312024064
1248677435283038210
1266464541698936845
1243138987876847617
1238945137268531207
1246532304148795393
1253409356038549509
1249871244087959553
1252832016623480834
1250443045062856706
1235779002297614336
1238259726774927365
1252320819361054721
1250099006723817473
1250538587722047489
1241257919443845121
1239723449242857474
1246260498171117570
1240407942928744450
1237893737214177280
1237888661099663361
1240152569286139905
1245860573318762498
1250094358445031426
1237914028120461312
1238775412324474880
1240352950045769733
1242969279294771200
1241799813303279617
1247564905160609798
1239530482934648832
1250205323069186054
1250572677624074245
1242587153265242113
1244673863570595840
1239156628638834689
1243500280626524162
1247253078954463238
1243372980476010498
1239752586078621698
1238346416331898880
1245608214961373185
1242905265797767173
1256712115580284930
1255160998908039170
1240961191767392256
1240925415356719104
1253879809207304197
1237848897671716864
1237359353587470337
1238899801472880649
1239750288367591425
1248680602330685441
1241853715025473537
1259935629095383041
1241508804161830912
1244353328093380608
1246947646910193664
1266787593167003649
1245379393364660224
1248074719196307463
1244741312743723008
1242269336674406401
1246844783739486209
1251174762199556096
1246697451173695490
1260271173004386305
1237061663188189184
1241202467519582208
1238597748733218817
1244657482435305474
1251525273939513345
1249669550993485825
1238154133561114624
1240604781397377024
1250057163688554497
1237921902808743936
1255633354176835589
1235929517195214849
1236077973087846403
1242232901355417603
1244768942666678272
1268014671510089733
1242617393077194752
1246922136993837056
1266327715424198656
1242550071411052544
1244822754865668097
1247135461694492677
1263129856436510720
1248668111374618624
1266748784849158145
1238186446034436098
1250611229338599430
1236670383694188545
1238623132015001601
1238013573634445312
1239208555946835968
1262400777852764171
1237924081670017025
1253941583986282497
1239927435623370753
1244739064969990148
1242206405186256899
1259805441279889408
1251173751028318209
1235491311651782656
1240787204361904129
1240011677791330307
1242226879203065861
1264073333735374848
1253099872003264512
1245027364825903104
1244092188746747906
1241138962611294210
1237933043370860545
1239941864171732999
1241027788557225986
1240428449833115648
1257695539568795649
1237925472534761473
1254848807717781510
1243269971691667456
1258361488034729984
1258000586991116288
1247137280885751809
1246017794891800577
1250176605026222083
1238085168113627138
1243682600893460481
1239713838557212672
1250591579527675905
1250215165037076486
1255932801171537921
1257755393633239042
1264047810393133057
1256715437766782977
1240425580119625736
1249353291227697152
1264025832579891203
1256113357524029440
1243656515464151041
1239723004323643392
1259542535749410817
1244929524263014407
1269351662285701122
1253650371035176960
1249849773059977221
1251619246519586817
1244105222198353921
1259492816499216384
1242490573099020288
1241570196634173442
1237901686598963201
1241112402420260864
1241762225301454848
1241389200848629765
1244030929556799494
1252764062804574216
1238616324261261313
1259955929195450368
1248156736743186435
1247730501684690947
1263554482975256576
1260041571963207681
1253826304459169792
1257335732974366729
1269094391706193922
1255583120860024835
1267541022923423744
1245499545934495744
1253127514207240192
1253118300017627137
1246553759897071617
1249868534211117056
1243894593575366656
1238282910555389959
1239663751768539138
1240440860661202944
1242631605493080064
1266096351286374400
1244344113861922818
1245583184303013891
1244307340196810752
1254137214440738819
1252618556925231104
1245200892506365952
1248771714835759109
1240038366634270721
1260703203768795140
1253389251850485765
1252297215495847938
1240808663624888323
1254138525668311046
1254862699248443394
1250469747961090052
1247361005077835776
1247164313816596480
1251981663120363520
1243719040864043008
1242232693829615619
1241805647496216576
1250182745600516097
1246871746294222848
1246841014863757313
1243929149900611584
1268393705666416640
1248087014504837121
1263321919824199680
1243520808011563008
1256264267679985665
1245453715265458184
1241114948085956610
1254905056287227905
1260383370418302976
1240082939393835008
1237849672644849666
1245534663558512646
1240762965525172225
1240283531311550470
1260828509267800064
1249668250650230793
1245467230994866177
1252302708914216960
1239344439564349440
1262399205299159040
1258538786440404992
1255900908589891586
1239588169542176769
1247543242855350273
1245463095360831489
1241150143178686465
1259487396665720833
1243958346249625600
1270009584778911744
1243322737843675136
1243805465034792960
1244448430686167042
1237316996569673729
1239528600455581697
1252269451560411137
1258176063634636812
1239245545295798272
1240684997754761218
1248212497733226497
1242214065155395587
1248183173244223488
1250467925695348749
1239788824017895424
1240416340336357376
1247694315272404992
1248773454301736960
1245693465708630017
1257580674292355073
1241042520500580352
1245001271431528450
1243312944945004545
1244306589391163392
1254090942870626304
1242885991683313664
1248638599437918210
1243898984701276167
1237317315768856576
1250897633192837123
1238426797714391043
1240032559637110788
1246288785790439424
1250152692019838976
1255177945708220416
1248168232847945729
1241406578189905921
1242629787090288641
1259631074189234176
1239049832268017664
1263067880016547842
1242962881139879936
1246287851278553094
1246259010292060161
1244350172810948611
1269666788599640064
1256286892313772032
1237026976055070722
1251312644746862592
1237919058718310400
1238981204327702530
1238570145251024899
1248057302759944193
1241381675252289536
1262836576738070529
1237426980926246912
1240478018084179969
1259632361773379585
1253370013270052865
1244885212250673155
1259807954703876099
1240684192440160262
1245458182417375235
1250122017250185216
1255179547953283073
1256341330747326464
1238210824830955524
1240085367841263619
1251316036802134018
1237421452498022403
1244340689720270848
1238311210245926912
1246565376370118657
1242861706419765249
1258438985329901571
1248043364718653441
1252363784854749185
1250978179864502272
1249344440038313984
1239288481781776384
1237161595714879489
1247508278139129856
1260992172343492608
1249507141066653696
1243811413593747458
1250636605775384576
1244860324802711552
1237490462337970182
1247966454068248577
1244383598742036485
1241861519903768577
1252454504127238146
1257109886443425792
1252624916320403457
1250875510697099265
1238161740715700224
1243659975932760066
1242907501013729281
1244990874720841729
1247999793286320128
1259333202184998914
1250548266124673028
1246616659764424704
1255583742774689792
1243300372741054469
1237186164433575937
1247203004828262402
1250042760457072642
1250182047559225344
1264716636998770706
1244311274554626055
1240349415480733699
1241848054501818373
1239591885494198285
1239858159008788481
1264573173439369218
1240100142881157120
1245149562513297409
1241845541748772864
1242726348713529351
1257986137190289408
1250193581823983629
1238455346160717833
1246470630394003457
1247709012575092736
1251948468966428672
1251299229651423232
1254031380608139264
1241768829933494275
1235956691117707265
1244443151009546244
1254985998427205634
1238833735749033985
1254139894416527360
1237202474815107073
1247927780139991040
1253796305819795456
1244144307516461056
1238210694333509632
1254827482961907718
1256745934500909057
1240351658137305088
1240452159017226246
1253928252139323392
1239674192347439106
1235406541357903872
1242873232807641093
1244383045299437574
1245706795353624576
1256273878772580353
1237870518776168450
1250567619691905027
1255013547563790336
1241026904645414913
1240686581922402304
1268991856291057665
1240561061645991937
1263095871945744384
1246468151388311556
1252860147061256193
1248326649260593153
1235251689168482305
1254088822511611904
1247194340511944704
1240457206128140293
1246288964371308544
1236996359540047873
1250849238306697217
1261700880241266689
1240707767964274688
1240842254778093568
1254169962496888838
1238890262258167808
1247935910123012096
1250156405581103105
1251930342098792448
1243321012651012101
1239429895538847744
1247901638452318212
1240496033941139461
1245927709441757184
1239043658755780608
1247936536445964288
1245921893665746944
1257383138696839169
1243965676282355712
1245148281514135560
1241490778779779076
1236996014353125376
1236432587138256897
1248053221379235840
1253079634230607874
1241847439562354689
1257102619564298240
1247313532879810562
1250157075738615811
1241090905374851075
1244619914029252609
1269277583360905219
1242604840305508356
1239275249600008193
1236433352179232768
1244382596026556418
1262072827563433989
1237905097042133000
1242801716443205633
1254138999565942797
1266054221666885638
1249121343955783680
1243294507954831361
1245148744854667268
1237490087052664835
1246236230259523585
1241438831733280773
1250844968232550402
1251176789700943873
1251962374178983937
1238709904166223874
1236421349201063942
1250571416778477569
1262074862652325888
1241426634961489921
1270562326379454464
1254817334986002434
1250006611206250496
1247123661678694403
1247910517676613634
1253870612319174659
1258022783910580224
1251642695241605122
1237908851468505089
1259628475188723714
1240481508768571397
1253703544739450881
1264374604879060992
1243207972957929474
1252619829821034500
1266502317106495495
1235246261390934017
1245185682336886784
1246978635292180483
1242913522658541568
1239426788922667008
1247306419180900357
1247309031296970762
1249196672065953792
1255400324870873090
1254882525043920900
1235296015374258178
1249825101740232704
1243802925731917830
1262853116640268291
1257354636484370435
1248236999036866561
1246112612519161862
1242563337759657986
1238580577504301058
1247871040975495168
1236064926407499776
1241748967882358786
1248520185092464641
1259287703218200576
1245394470952226816
1268410409591201792
1238580774108106753
1237905375535534082
1238709271124205569
1254470803242061825
1243102652717826048
1259974679177166852
1243352104808439815
1238197384569634829
1244509859971772416
1249825165065826304
1242059689204027393
1252291523376558080
1240689119761596416
1248231326630756352
1259685867221856256
1237491670817689600
1241483554661502977
1240783013954412544
1241056775916466183
1237938763482963970
1249828048796618754
1255145879045980162
1243595386062884864
1243536121134559233
1237792025010896896
1256856709903122432
1238816138546622465
1255402881320189958
1249345963874975744
1238068892137816064
1242909245286350848
1261082097185443840
1243241686765129731
1244304376451207169
1250887298192998402
1240460187607207936
1252580117710340096
1260376868009672705
1247755167761485830
1243971734916734976
1239990915579740166
1248538572761829376
1241439686557655041
1239965837307432961
1240317593921216514
1258464626720808960
1260372225968025606
1250503945967079424
1259126259298205696
1255588361361862661
1237905332183150592
1242513642165280769
1239934480984477696
1237907194013716481
1252698411159236609
1256258558447976449
1249828183660265472
1262915296047894533
1270333309151838208
1245470052901687301
1260351580475449345
1251299576008585216
1238847376875544578
1251300362411278343
1245171259211763717
1238866205081047041
1264248221343322116
1238266072303878152
1264247562128719872
1251230337943744512
1265636885101191170
1262348830038806530
1239040422565085184
1240745402984476684
1264245774717779968
1239690029808713736
1256659804426244098
1242207433063350275
1239862633655873538
1245847330923913216
1243632149493932034
1251493181264445440
1262778928478986240
1259184391466758145
1260605640365543424
1257441749074694154
1244058484431302661
1242278035656716294
1264980576475459584
1244799023665549312
1238722601415041024
1254493693467377670
1263345388800610304
1245779233898557440
1262418712285655040
1241535456539480065
1266118784223449089
1238957842201292801
1245038815397523461
1238697158020411393
1248460706740965378
1238554278278635522
1253382529652056064
1253580824714379266
1241814024641282049
1244972445313925121
1265629633933869061
1245065801457074178
1238297780113866752
1246507039385362433
1245122857866231811
1260029134299729920
1264244642121465857
1239350731204935681
1241738946700365824
1246478072213147648
1246060792060968960
1241353385720365059
1264245130690801667
1254493352701067267
1241780242819231744
1262673138912985089
1247274319509684225
1243937722332479488
1265634469232300032
1245052299841548290
1250138728519086081
1249799357580394497
1241676568847691776
1260603145232793600
1254971702293004288
1241018096401424384
1238897715960074240
1236661133844643840
1243240387545911302
1265635178279579648
1265683670590988288
1251495011696488448
1251268845186285568
1246910308196790274
1247972759260585989
1241807908385456134
1260165378019377155
1239231323639873538
1249723428892037127
1246265542341799941
1240734405909450752
1245533021710794752
1238958304337985538
1254495202909224967
1254461293140086785
1238663079598215168
1264981144937717766
1255315851449905154
1252652756780924928
1249911252115169281
1245454577740193792
1237535969282154496
1263454669210365952
1244638916998807555
1262404934466764801
1249765081954562059
1256602382961643521
1244954710458732544
1258829750119907329
1258038676703109121
1253556333770653696
1248791352244084737
1264246994274586624
1237949920549785600
1245083152047132673
1245127779835940868
1245887989613461505
1244033880027430912
1235715930715344897
1245343892645588994
1265628115377836032
1243368413608591364
1262403834586038274
1239625282262351874
1246089077478350848
1246856979093630984
1258862077097250823
1239347553147199489
1245067918162919425
1253019457968095232
1245887544937635844
1263052902299508736
1239268371625127936
1246195856342167552
1261552066662666241
1266797444504801285
1249055472407150594
1245895046186119169
1241461897578373127
1254466475399811078
1250900428176457729
1245160183418032128
1235868815528886277
1245125267267497986
1254599688042545153
1254832901847420928
1239368406371008512
1238242362603769856
1265632656928243715
1240299712168804353
1242988175871672320
1264978850183774211
1264954963152834560
1252267527864045568
1251498123563851777
1242581609213296647
1260615957925580803
1241550034665168898
1245418181281427458
1246240743787769857
1265627260490526720
1238463619345629191
1238649627299270656
1251032835084951552
1247610256521408513
1246478711840477185
1265713576515420160
1245887375835901957
1244830521366130688
1238829219955855362
1261637292483100672
1252707772032069633
1253386890050506752
1240419443337035787
1245888910116433922
1241392374791757827
1248227966909394945
1267794899816067074
1253071177720963078
1246194141035454464
1253658626016907264
1238609979013300228
1245527787638853632
1245197188021530624
1246195065246167041
1244438886979448832
1263122111733927937
1245117510065827840
1245271912181305344
1249846132638978049
1238914438406823938
1265140092802338822
1243743842731524097
1241459757745147909
1241807008082395136
1241873499456786433
1260237453807542273
1254495463312633860
1245109845973520387
1253431533446131713
1257751157642072075
1259155748484976641
1264272726019227650
1244704621567848448
1259559245353226244
1241731979093184512
1243697206235934721
1264188538947584006
1253712041824653313
1249843850581020672
1254016163199291392
1253752986674831360
1246164864562860032
1254593285374558209
1245738706121773058
1240771857516814337
1261688065120182278
1260614770820091906
1263510288055382017
1254492823170289664
1237049989437837313
1239265229709750272
1245418098196430848
1261349206909874177
1268380105950232576
1237216991427133442
1267202370867527683
1246204990512934914
1253159364225089536
1240759307232305154
1247226977960034316
1252264763717029889
1239385840243093504
1246107424647503873
1249083644003704833
1242146133423599617
1238825976789901312
1255505232076967938
1248995382408830981
1264979857013911556
1259564012171407360
1264246403733348352
1261639679763415040
1254015740044337152
1243711056972787712
1243745669132832769
1244778518979977218
1247228904928051201
1236268704113070080
1265638111347904512
1241514711046336514
1264229545349132289
1266119842823843842
1249029215619616768
1242975581752496128
1250082577668505600
1239668864679587851
1239251832750452737
1249027363561779206
1242102710830333952
1254487017485893632
1238820026066579456
1238655733731909632
1266117332079968260
1248669321620004864
1242828140541607937
1248444547224555520
1248074891863220225
1236872308444332032
1256282672646828036
1244694413483356161
1254544954598268928
1266122879789404160
1243162888023478272
1242829150165090308
1253415140235436037
1265636312771637254
1249420745811333121
1266120706179432449
1261465877964296193
1265628645273583616
1245886770358693889
1266121850544885762
1270091649620869121
1260712133135867910
1244789016437968897
1248755305468637184
1238661004562743296
1246265845766070284
1248641861335625730
1265626598184824837
1264608461255573504
1238899394625363977
1246538946068254720
1240042483955965954
1258639877400379392
1246501437951049729
1262402838422052864
1246122389718446082
1265626175042392065
1245370358175236097
1249370158784811011
1241892713223634945
1266795379598610432
1237783127470346241
1264980317942829057
1239657380675301377
1242035731188658177
1243328423386329089
1255557753764020224
1237932179935633410
1262713798156267521
1267121477230440448
1260415878547623936
1246104584256356352
1247351375131967491
1239648722482593797
1262426936304963584
1268166966361145346
1253741275079233536
1239770248477380608
1253073328849465350
1242472068639346688
1262404403644059650
1246125295683473408
1263458114168410112
1265629110597976064
1239455984336154624
1249001628281307136
1254598298159243272
1241620016451256320
1247758056265412609
1238447881620721664
1247233146761940992
1243384864767791112
1265631703294410753
1262005640911892481
1268964460645044224
1249428340219543559
1238088831607472131
1240065834913013762
1264283722209267718
1243933287992700928
1252991096881319937
1241917382173605889
1241576644634083328
1246603969117462528
1240702688167366656
1236366025182056448
1267122394361184262
1247228401641029633
1261365222545264641
1250247027444850688
1244278732019437568
1261639068775038977
1247383062402535424
1266810387103649795
1241005285965279232
1260013558546366467
1261006788868145153
1245889253227315200
1239541692216365057
1240992326127882241
1251136397945249792
1248774943212437504
1244040438572625925
1239367435863678981
1266799203621060608
1240522540411469824
1235727299057790983
1238901231906697222
1259514397178855424
1246881696970166274
1265632183152259072
1238600709764984837
1239924146018168834
1248716061442215940
1237363570511425537
1259563952419323904
1267151133644070912
1258159967368105985
1258171180814655490
1249136451641638915
1246794634287886338
1259154999638134784
1241788829566042112
1239624111468445707
1265627544486846464
1255247942782517253
1253053249780940800
1249687705853865985
1241111780698570752
1259613952117522434
1240557297673404416
1252609010135642112
1258707058154668033
1270009670254628870
1263792608712720384
1248602713828589573
1254016547447885824
1239586613979746305
1266798295159996417
1266816352930738178
1244994003269025792
1245073737977864194
1260613021010976768
1251496983250063360
1237264823861358592
1267121061235130370
1237931126049693696
1252242284709625857
1251138694158839808
1262882798811197444
1254810123425460229
1252615895056371712
1240117226637856776
1240698290410160128
1259820539356602376
1242887472956260352
1252427395690147845
1248768686799773696
1235952958543720448
1243933070698348544
1252613607642132482
1261476410222354438
1237926711939018753
1259017991368425473
1264236861553356802
1250858865836646401
1267284305371414528
1262778167053385728
1248241721462456320
1236694039518470145
1258881328797364231
1237919272833298434
1240396991013752843
1252611528437661698
1245826721577725953
1246604272382468098
1252260516929601538
1252332670719311872
1254078145508016128
1244834095974277120
1252253621242212353
1262139250323132417
1263790856198410241
1259884985835757570
1242099652532621314
1258129088042147840
1238694264684654592
1248406660290203650
1241503295820173312
1265068621686091779
1262394132552654848
1263792120659312640
1247618685612818432
1246967320309911553
1266792541338263552
1253492061057187843
1247348729692200965
1253060652731641858
1238905350436327426
1265629944492765185
1252991381947244544
1239316252818055170
1247722709250949121
1243023213665366016
1261637020532776961
1241340089990549505
1237893551934955521
1239696999152312322
1241569375099981825
1260965067752955904
1255195336244633601
1252264099125366785
1266040025994665984
1240087746552700929
1252245319259230209
1247889762251206661
1247983998653120518
1263177430400929794
1248074689894920194
1266794140399853568
1244654712831516672
1242884441174917120
1263281518274846720
1249139039208439808
1259458071157452803
1251351864005865474
1249872494418366466
1244970792267513856
1258971364716929027
1260042625765302278
1236743631635169281
1258228616149827585
1250198775521566722
1263791533070921729
1245827779834372097
1261637715034021892
1253064107063902216
1241779513677266949
1242888556114333701
1241429058988228614
1247297827459469312
1260655902715068419
1250594084403773447
1255830926745051143
1253530142615515138
1262774892933664768
1238222180254715907
1237916769702076416
1238403451719163904
1260800994671300613
1255190156686090241
1262142056484478978
1239588800067776516
1259549288788615174
1244537109718994947
1242583713810186242
1247203692589301769
1245149410448867331
1241139514518708230
1239532697539825664
1264470256145309697
1240359720835301381
1256609791214063616
1245349996788056064
1236717208388108288
1247982727959384065
1259820544544968704
1252241541306998787
1242883237376131074
1241963208581304321
1260979019153104899
1241929429846233088
1261638352970887168
1269094133341261830
1240095718892883968
1240120685390966785
1238888313471279110
1254933637260288007
1237401767379337217
1238905971164020736
1240445364219588608
1247722463712206848
1264070100560359424
1245903883047702533
1250593166597795841
1254981933165133827
1263175507656540161
1251543830643564545
1245149648639201282
1259883093403611136
1242951799717466112
1250203486962307072
1257498581621186562
1261640336117567491
1252611269305253888
1252246229247037440
1245457461416468481
1266811454268858369
1259573088079040513
1266796051597373440
1262374309517037575
1248284526108868608
1267514943097749504
1239717397688451077
1264241879543095296
1260965149072076806
1252244287145861122
1261331856689188864
1258910236443901957
1251682800224407554
1249440169683554307
1245482975543902217
1239715342441762818
1237859265093615616
1237702642803056640
1242632967413006343
1247720324755607556
1259619568449970176
1245457783358664706
1247057048191279105
1267229001208049665
1242831101674086402
1267804936626155522
1261736084402311170
1262777886756528129
1239166307314143234
1239160401050439681
1261091675407110148
1248762977945296896
1258970859336880129
1251685149244362753
1247615469839843330
1267082045030875137
1256917652301385730
1245799435956899840
1237519870033563654
1251200259159703553
1240254498335010818
1270034638665375744
1261635869401845760
1250204487987400709
1267109053609775104
1262065726795517958
1266796581698691072
1249444565662261248
1259176716527960067
1255904910605979648
1260952725791158274
1260915959973449729
1264372575146295302
1246545896252362755
1244095008376000520
1252990468981489665
1247552182813175809
1244878533337505793
1247904468991000576
1245003942859284480
1242237336097894401
1267230706947637248
1247557856255193090
1236342759998599169
1241485748458717186
1267513499858722825
1248704613693390850
1260242403111448577
1240106193407873027
1244446640833990656
1248084627543207939
1262773493139214337
1267232994953007104
1255920304272166915
1260789639431913473
1261701220093263873
1257055293009248264
1253300294903115777
1239827799608868864
1259820541655101440
1252621290483179521
1245916955845918729
1241946071695310848
1239587763130859521
1238997504676462592
1262772908503584768
1249488143201509376
1239903925236572160
1242287109072990209
1250170549344579585
1245811461433094144
1252993448396959746
1237919340026044416
1255547663933739008
1247482705970892800
1240714113766117376
1258807634871934976
1256093579572924417
1259681388950958084
1241930763848876036
1262773882790043648
1237940669995536386
1243943857986899968
1258855662450286599
1262119109837361163
1244175449212817408
1252992402140336128
1251492022948630529
1260709494641831937
1260244250211618817
1243718074383110144
1245399029493706754
1247203127184547854
1238570694650322944
1238063890296123395
1245405405007642624
1258512135136505856
1251322579111022592
1238254572755451904
1237503484418830337
1245790863046950917
1262055441024143369
1240277108695449602
1253748017628426245
1250532446266933250
1251743167461941249
1256163876598501376
1262778542179450886
1240829788962590721
1247707783551692802
1253818976548933632
1247203355711152128
1258843241442684928
1246101538935898117
1241567277327228928
1264373867050565634
1257098969035014144
1257054876107976707
1250079661398339587
1244684494218694657
1257753799403417601
1251530268617445376
1245900206752829445
1238407398202716160
1248328994132570113
1263583437685796867
1238625440002183168
1259823986495688710
1241055006868090881
1246829016172150793
1240581767490387968
1238582283625533441
1256999660646010882
1268448099137138688
1249707905286373376
1240567837288288256
1248635550044696576
1267863912885686276
1238704603224555520
1243669199291113474
1240483806903242752
1252993020364021760
1243917295702945801
1245505452957368326
1247236628998959106
1239965329477922817
1248050837986971648
1241865945892732929
1266822663277813763
1237191704689758208
1267229876777451520
1245753205847449602
1251966689618649088
1267514117390245891
1243847094827442179
1238253753146499073
1249705982428577794
1239565912526766086
1258403453220589568
1262919015758024706
1239980089359695873
1266124943194034176
1252781859110608897
1257799576196653058
1246405153470713856
1243751463341428737
1250975865938358272
1260371073905950727
1266123920719204354
1244385711161303043
1265514812072738817
1252003436696125442
1257964690807939073
1245149091413348352
1254032026287702021
1244751728614027264
1250111539857764354
1258512020376174595
1238195467860750337
1247309346251341825
1248522462708588545
1258511756600594433
1252360398193389573
1246599935656710150
1235734612342525953
1252679283971182593
1237910135042904064
1240859970754809858
1248565836027236352
1249145008122474496
1251273927386595329
1255272341204086784
1254885336867635200
1245398761490255873
1240483393177034752
1266875718484582400
1247898041589231617
1259821578575056901
1257145149861310464
1246283858464686080
1243955535898173444
1247746824787509249
1264750210963701761
1243573775729377285
1238477803244474370
1252970446670225408
1244348597803589638
1251117703273893888
1259154716791095296
1248390779195645954
1270392154242854914
1265725265143095302
1264076827418660866
1255618245115215879
1238574447667417088
1243664660651540481
1262218179000049664
1263672207093440513
1267231378577317889
1243193224665141256
1252714611213774856
1249389481456734208
1252263445644312588
1241165357978615809
1242118513755672577
1238539683317067783
1237801981005246464
1252266714647212033
1270043311445880837
1261693916945973251
1256228589139361794
1239279200638570498
1249826499248771072
1238245699382325251
1259977286922702850
1261691771169525760
1242329454543806464
1239283063495983105
1265754677997699073
1261693375620751365
1245475357098151938
1244758229470580743
1241441020530905090
1256724866704736261
1242142872134201347
1237545134855577600
1256579372515053569
