1260573149181235204
1248341024851677184
1238970093675008000
1234935558184456193
1248386899254759426
1237445600250966016
1247225346790809600
1253026923757752327
1245898753019482112
1242520261716410368
1235636181020229633
1241822774101815296
1240386267646496768
1270060796916178945
1254614340889530369
1240329629522481152
1250138325207224321
1268211753000689664
1238466546827051008
1261356284634259459
1243739702164783104
1235788057212678144
1241742961626329089
1253317397248794632
1255979483380645888
1260213753372504065
1242709166340227072
1238261772274020352
1253315019694981120
1253319188426313730
1250752280313225216
1247273456942460928
1241194840785686529
1260576599235321864
1245142653362110482
1248012972183580672
1235756940933775360
1236426339764207617
1236102848225480704
1241474793167147008
1243306334033854464
1255544260754980864
1240755742996680706
1240760054015340544
1253025337904001024
1237153619083849728
1253024031353135104
1241755095622021121
1248959215214817282
1239876952040689671
1258074416228888577
1247365707647430658
1243442226635702272
1239108983077474304
1255096675158290436
1243583979044757506
1238762966213734401
1238198588733181957
1250904497259339776
1246952454689705984
1243236447013855233
1237719748214804480
1239439435214680065
1238510775825616896
1248271873982361600
1236804555758690304
1259891359470587904
1253315753035489280
1242975490006114304
1250582614739542017
1246207555468005377
1241195537614823424
1254143494353858562
1238531012943941632
1247062674271129600
1253313372247846912
1253024608996868096
1246219314698452993
1240399973428211715
1239628392896565251
1247628702772424705
1240742510047059969
1243581450638643200
1244883096635183105
1246944177708908544
1264279048433225728
1259928020481011713
1262950360274161664
1239961718530293760
1239669823396655104
1242598558101987328
1253318090525310976
1244699943513686016
1242476947629731842
1241744763595796480
1253026644593242112
1245038445057257479
1243303601562247168
1247518317444837376
1241900155248365569
1256638685442789376
1243648568079970304
1254127469415657472
1247519268612108288
1234933078730006528
1244024443363643392
1258919022789263362
1247517628668637186
1261663654379810816
1244110624990224384
1237828228057722880
1266784960737878017
1255988351712112640
1239904447054008322
1251503084896792577
1253310938742001669
1242857441139671041
1253316837984448514
1244117708259471360
1253737171535749120
1246475028855574529
1247517629876584455
1244467354068594693
1258070535222804481
1244065214561021954
1242979412112338944
1253315277200080896
1246205126043303936
1254156223898767360
1247402025387622400
1260587534385463296
1247254704855199748
1253144736065437696
1239882127375601665
1245134630392561667
1235418053782974464
1245863341936893952
1239050953644335106
1242858883275567104
1249122704961212416
1242672231429410822
1253316414284238850
1253413179540963332
1253340655163592708
1254946448606523392
1237808783159472128
1253756597966266368
1241882586948882432
1264962825299955713
1247011336799711235
1246159011746959360
1239026586541670400
1257389039226957831
1261050326091616261
1253314279131844608
1253023505764872197
1248009406081421312
1253313612405280771
1239904869185617922
1248685632571838464
1247601716490407936
1241222875010314240
1238881908534046720
1241885790776377345
1239064284828585984
1248717702987800577
1251352277731901440
1238279876274085888
1242832180151115777
1245197629408985089
1254196142918660097
1249334747521626112
1253025646701195264
1238936681304199171
1263250988065939456
1242161531439042560
1239518191564369920
1238924514504794112
1247517634695839749
1247517627280265216
1251911756705746945
1258088942571712512
1248969514068271104
1248357481765457920
1237910974306213888
1253318369148727299
1237655597161431042
1246199936040894464
1264282368732311552
1242631464954429440
1253798480432136192
1245876673511211008
1236808458352996352
1251140471729971203
1243739066610241536
1250777745631502336
1235628848668012545
1244820843143655425
1243571886639833088
1238734167267061760
1239606977942016006
1264758562737160192
1241936554425122816
1242966053560274946
1240077188768002048
1242076696229990400
1243387221673041924
1258018312304259072
1238626105185058816
1255896108766646272
1247702945698738176
1260710300275240960
1247391814258061313
1240082954899996676
1251250195146272768
1241113257194053632
1238591259998064640
1258237893346197505
1242933158737108992
1238439518530719745
1240388400684978176
1240081705874014208
1243616101474480130
1238904273577988096
1235773941517627394
1244778671891607552
1259844355117985793
1252228137804587009
1250252835427500033
1253318926693363718
1246903985836945408
1253345477384265730
1241957489454616576
1239207922631991296
1244928538613932032
1237922028536999936
1245690588827090946
1252335964745158656
1238316712233074688
1265718536686538752
1259904503991529472
1247510531470065666
1253060914896531456
1249875984611856384
1256630702252019713
1259571198934913024
1245535218968064001
1238623835944968192
1251617322676224002
1250493575374102528
1248965712917356545
1237192051428478976
1237756585474019329
1260629848118095873
1247574760474595328
1238937257383350272
1238915452698423296
1254065621160980481
1245794527970918401
1238635147181735939
1245457816892002304
1249333271168614401
1241037172095873030
1240460670384001024
1245515060400840704
1254920923045453824
1253838633489989632
1235737053381292032
1263224250145497088
1265357759664369664
1253320333412556801
1264569123536662529
1239071137578942464
1241766588090437632
1238693496598323201
1236901633218490368
1249962149029588992
1235610409492717568
1248287278520094722
1248070628801777664
1238245827862298624
1248686859485466624
1243313276080902144
1266049514365841409
1237848688958963718
1255901613555933184
1262853768531472389
1253475211069911040
1238245197147930628
1259152284195250176
1239697369337229312
1243298834865889280
1256606245458341894
1240692479722053632
1247892468500033537
1236312259623698432
1252285734121140229
1243177396611584000
1255950248188375041
1244443062375346178
1244708849342468099
1259844380753526792
1246276441865502722
1264346295159762944
1245579865941667841
1261447734785015808
1239802180888080385
1245232241195638784
1238289601791291392
1255205833798938624
1249111104149549056
1241177534768615424
1239801047444406272
1243375271756976128
1242836522786668544
1253326866871508992
1238331785408180225
1240105069137129472
1253078489755836416
1251946595693682689
1259822438973534209
1251249347578093569
1254233116983439360
1245843839262154753
1241057619080433664
1237849736968716288
1238196504419950592
1261427635478880256
1263309440482082816
1251892561955835904
1238869815621586944
1240482090958782464
1236709099238113280
1234940692046077952
1245216076599721984
1253088781172797440
1266580891079307264
1240101717938548736
1242934880087891968
1250164723535904768
1270077711034101761
1234937804699779072
1239340165534855169
1243749050207240192
1250417258167484416
1243311996323287040
1239801364596830208
1248714035173916682
1264593817279201280
1252965065034063875
1250784429716299776
1266538150098120708
1237274233224302592
1238978583088918528
1264771301668839425
1238116044859830272
1239309169875771393
1248083750585589762
1239501735279951874
1244441678787862531
1240449474117292033
1243017643159764994
1248233025491439617
1258365778186788865
1262828433899286528
1237942295225184257
1238128870345158659
1246539310762823680
1243201656595992576
1253264324866592768
1251538163027214337
1254842578681229312
1250373763306270721
1239559045456867329
1246068575393050624
1240509877296009218
1254160741994766338
1238612411336118273
1237014957327151104
1266117943017914368
1239348511881056256
1239190902666485760
1237135146748239873
1249894093309612036
1247384964166848512
1237763818559700992
1250641878740987904
1258407785978572802
1237155637445812225
1242525274530439168
1241087433715765248
1244983630079746048
1267292573921538048
1244798869558276096
1240292410040578048
1262241350394601479
1250563260987801600
1247171543165067265
1252200005953130497
1245801787560325120
1245089762899161088
1246826550332231682
1243986037161918465
1237563385354436609
1242073408143101957
1239193444515328002
1238460876547452934
1245434707174539264
1247393189289439236
1248682005539082242
1267999062428540928
1246484079983226880
1248761402401021952
1235636178080022528
1253811335608930304
1235574604959105031
1237930904758018048
1237069543983345665
1245099839303507968
1250083854725021699
1252096297592594433
1260046505865445377
1250141567022596096
1249842536320909312
1242583391389671424
1249395201971372033
1239580209038233601
1244295741708701697
1270356975713312768
1239397626589536256
1250229159726477312
1239293897798340608
1239302694432460805
1252322910368231424
1266369750554128387
1240831193706188800
1242546547125915648
1265026615248969729
1250082204451049475
1241819175875567616
1235685215940440064
1236320621564497922
1237926085314019330
1249155552837599235
1247391797632020480
1237927476833038336
1238521139049025536
1245163704452177920
1241880117640491009
1262722616365907970
1248772381172064256
1240029104029589505
1236458568942940161
1252320761278337024
1237072950240497664
1238687517152444416
1239412370054631424
1248997586695929861
1250195482434924544
1240805504797921280
1235719049838874624
1236521396026531841
1237208782901403649
1248479861275906048
1252371927827533824
1238496669374640128
1245221825702854658
1266370825159995395
1258078304927539200
1249815791702175745
1260773120031379456
1250424515915476999
1239782904290521089
1244650301723836416
1246798884275273731
1248998427461107712
1255720476178964480
1240792405756063746
1263542374354960384
1258156116657102848
1243293162807803904
1250247236925001728
1243517423770144768
1253066651706126336
1245782957417050112
1260394783572451330
1251514978412056576
1245805636857679872
1253464522687279105
1249054909980446721
1239585829049102336
1241840209815199744
1250672871929548802
1248401627163193345
1260986842180022272
1245720539726884864
1266065107303280640
1238133606972706816
1250463669789458433
1247702912676925440
1241963488051736576
1235961588932214784
1243257387680591872
1247598149603962882
1237879265309282313
1250461223549693952
1241859692747313153
1253347564293947392
1248034703036145669
1249855486817521664
1242652720898510849
1252734105764020225
1236742681365057537
1247885567016103936
1243016295244656643
1246591541558181889
1240281324197277705
1244077406073298944
1252918779467579393
1240996583757549570
1240825076129226753
1254096120566951937
1254094605672484864
1254092248461041667
1254094970216054784
1238567927206391808
1247997779059691521
1250464347240812544
1243257374091014144
1246174690709655552
1238111699560845314
1254081691519463425
1248357012640952320
1262369084680749056
1252350539200790532
1248021736366333952
1245289747481681920
1250466903291641856
1248411526655954945
1237424376384851968
1244741854001655808
1261354418542276608
1244994385017618433
1244769230676832256
1258404195637424129
1241340656582180865
1237924106487525378
1248055487032995840
1251323448434896898
1266455012516880384
1251741928388952064
1246846786053922817
1246542312370405376
1259550286630105088
1253759611699556352
1259623458457227264
1248434793672368136
1240109785938161665
1270357131347156993
1239589008532844545
1253704245691457538
1264712796572278788
1240275829981982720
1239632058965610496
1245482309832151040
1263295891546357760
1243666660025753600
1250079442220744706
1238635011642806272
1253465491223359488
1236344429939544064
1239011844771254273
1246977485033467904
1253697375064883200
1254939664693198851
1256698616724353024
1240275981379620864
1251316813679349760
1245791293571100672
1248662928976252929
1247163678668886017
1237844939276308486
1270301702881603584
1250377853864005633
1241726232833617920
1240060977350979585
1251744085246906368
1245813748784234496
1258429405812019200
1238633480394665985
1246235473015533569
1246964008982171648
1259970318430396417
1238633064370077696
1253761610499403776
1246465281062359040
1244743396998230016
1251745627215544320
1237870158330253316
1237004735288238080
1243756654723653633
1250419112641089539
1239982006080921600
1252047599911092226
1247892610963746824
1251963721913634822
1240710154787516416
1269668433043456001
1253356114806050816
1252777969342246913
1246833679243939841
1240695538388881409
1251052434098663424
1248329476737400832
1238548222731153408
1253729436349972480
1248334455506255872
1254421555574177794
1243589577375244289
