1246212600335077380
1257979533665406976
1243937303267074049
1243704456010661890
1255166186876174337
1241200398037327872
1259794264957083650
1246608961450762241
1246106603910283268
1240299091395043331
1264329141144387584
1243858038404059136
1252052790660288514
1239258436237496320
1241840783495507975
1242210776250810376
1266180690506395648
1259146198436503553
1238863075924721670
1248605518903590914
1239094978250448896
1241956298532454406
1253118033763188741
1249519283148914688
1240749894920478720
1244433555062763520
1248670095389478912
1242989682264281088
1244629951799844866
1244764358535675906
1246124321745010688
1250481221269889024
1239198254664843265
1243975291330088961
1253576714845904896
1251069837847207940
1243381255204294666
1241202254952226816
1250611409874026498
1238552442050088960
1246104647045087240
1242550392971579403
1237419335427198976
1246243612641427456
1242280809014460417
1240300225409028102
1244829985803812865
1255193343849566208
1245650821783515136
1253679016621588480
1250562442284974081
1237085625519689728
1263825387861217280
1244429626614652934
1238171186724560897
1258918772506836993
1244048995074428934
1235747802040287232
1244789260839989248
1240795308306632707
1241941412331114496
1246947236434653185
1239738564889513985
1238658381201780736
1249731716215984128
1257041106056904710
1248648208332607492
1238588428306075655
1243277205058260998
1245849351127289857
1237827611130310657
1246424512943579136
1246533059769483265
1238554945835630592
1264709060286451712
1260268100517335041
1250778688389513220
1238521344658210816
1237861100005109762
1237775252979097602
1244122921280438278
1244817349867458561
1246938868491878403
1253717827829325826
1252722940396765184
1239605308575682562
1239330977048133632
1244469383226949633
1264306576862691328
1239604482570440704
1245142073923297282
1265350298433961990
1266080342953377792
1245116909374275585
1245195466272317440
1239747122465050626
1259107691668086785
1255660636140437504
1238446242096701443
1254462397831614470
1249038171805044737
1240222516032999424
1245388386816462849
1255892343414304769
1247920264282865664
1250490595405180931
1264906983251025920
1265413464274669571
1261322133529124867
1237929084480520192
1237951117184643072
1247523949266661376
1239335660105994240
1241506833061330944
1237914357759201281
1258795578223362049
1252319041366171652
1247292437158146054
1239361403250712578
1237524869752836096
1241481512031313923
1242653367048065024
1238005528363708416
1240071485072474113
1247525060354527237
1255338673211654144
1246093677644197888
1239242014052569089
1242932366001217538
1238091563835838464
1237082040748716032
1244339577810108418
1239746622520729602
1240466193359798275
1270598782317727744
1244340203684323329
1252395867237048320
1243479821713358849
1253420714075422720
1243000424606633986
1255199524206886915
1241922943673868290
1253130462354116615
1252331856990740480
1253724675554885632
1259520700991320065
1246947909666516993
1242623526605119488
1255329083522760704
1241497303279718410
1240764622489214979
1243865705138860033
1238493276149297154
1245506175543709697
1241139920573468674
1246904327731646464
1255529209235156996
1235721797334634498
1251172369084841984
1240683687466934272
1259933674432331776
1241949274264436736
1251199684984672266
1243343271121891328
1244772022246350849
1253832222869725186
1236671776068943875
1243270237568536584
1237816929890566144
1254093843861045248
1243299252970938369
1245002064322756610
1240440280932913153
1244533152363745280
1250459538119110657
1241494712256737280
1258069440559710209
1252269184039489547
1246621635660169218
1267603879790854144
1241434292196200449
1245476402872360963
1239079873399963648
1262900044241481730
1262366027092054017
1240077788310376448
1255247972528521217
1238997051251326976
1261231675377418240
1241511606393192448
1238365351127199744
1243561131647684613
1244688516946239488
1241593239808937985
1240428814229962752
1253691681553223680
1242965666682015744
1244767666449113092
1255328461926928385
1262614614111641600
1240846712656232454
1244338850945740802
1253476700144521216
1238269691992432647
1254977559965687808
1243961889681551360
1261763239966375938
1239396161083056129
1243639709995335685
1259990566613463041
1253110477422559233
1259878286391488512
1250405818551488513
1257878940112347142
1247210118007185409
1260542799872757764
1246763381442437120
1241858055945543686
1245917274201976843
1261029057082404864
1243718613305098241
1256320244060217344
1254974270285008898
1247194531579265026
1255454462065475587
1235731253409669125
1247341826568224769
1243523656053075969
1245456509770895361
1257614911036948480
1248652704383225859
1238182000969879554
1240155252491456515
1239672417309556737
1244963453783216128
1252231331561574400
1238193200793292800
1252994420988837895
1240492088959139841
1243968135872552960
1244510126100418561
1264723660209664000
1247578775820304387
1242613386678079488
1243667726129934346
1255072441593999360
1247580036476973056
1254804566513799177
1243994713495146496
1262160740229746693
1251298799278084097
1243148207930183682
1252783982158188545
1249169224456720385
1247897364926304257
1252290611882930177
1237847090195136515
1236348534330404866
1243183352179499015
1238145606662729729
1239987522803052546
1245402481674330112
1241093077948907520
1257125034759458816
1252047928233021440
1236357179155898375
1250546134440968197
1246744806216347648
1240693440184111104
1238124885752283139
1249535974419431424
1247510244491747332
1256664729017335813
1266244474553786369
1237427728728690688
1239573834342305792
1240335583022649345
1262782866838228992
1244603024946769921
1261778516661678087
1245344315351748610
1241649524969439233
1244392024113139714
1241534807164755970
1256954347839197184
1242945830388195329
1244935287232290817
1253152028144005121
1250238364701220866
1254953525563572224
1258793950065786880
1239863203888156672
1250259645307985921
1257504098909409282
1249465784600006656
1244937446720024576
1245450275911020546
1262965852565110785
1244576552022495232
1245108452139118597
1257848420359761925
1254119658346733568
1244700935248584704
1246210295346991104
1235920016987615232
1244777901884682240
1241694152166965249
1255194685674569729
1244702913412431872
1240099666794086400
1243485814757060608
1252650768773062657
1249534426792505344
1248194324321439744
1249465788521644038
1244575729813032966
1246522160111398912
1253313166571962368
1254957178735263745
1247474034121605121
1238468772450701313
1248834878952611843
1237917735260016641
1254531457181245444
1252961764314136576
1255272092859326465
1247592082119720961
1246543487669096448
1261134695221334017
1239341831453892611
1254829325297352710
1258998580171464704
1249903865077604354
1245918370651721732
1237600158256259073
1245296000539004934
1247313359315197952
1245678745303818241
1246285763655892994
1238529279446732802
1259882242349961216
1255881270967574528
1247896344963870724
1246469016002199553
1258110087761145856
1258389739025117185
1240106515618566144
1250731308009115650
1240023972030234624
1238048143305920512
1255802652413161472
1251920538886422529
1249880106534711297
1249012839030939649
1258110054580064259
1245356107398250496
1237944135518228483
1237941939133124608
1250778688389513220
1245195466272317440
1238446242096701443
1238588428306075655
1246938868491878403
1240749894920478720
1235747802040287232
1242280809014460417
1244469383226949633
1246243612641427456
1264709060286451712
1249731716215984128
1242550392971579403
1259107691668086785
1253717827829325826
1250481221269889024
1246212600335077380
1237085625519689728
1255193343849566208
1264306576862691328
1237861100005109762
1237827611130310657
1263825387861217280
1241941412331114496
1260268100517335041
1238171186724560897
1243277205058260998
1238554945835630592
1239198254664843265
1249519283148914688
1252722940396765184
1255660636140437504
1245650821783515136
1243381255204294666
1253679016621588480
1242989682264281088
1246424512943579136
1242210776250810376
1240300225409028102
1259794264957083650
1257041106056904710
1245116909374275585
1250562442284974081
1239738564889513985
1251069837847207940
1237775252979097602
1258918772506836993
1266180690506395648
1243975291330088961
1243704456010661890
1241202254952226816
1250611409874026498
1255166186876174337
1244122921280438278
1246608961450762241
1243858038404059136
1241956298532454406
1238863075924721670
1240795308306632707
1266080342953377792
1245849351127289857
1239605308575682562
1245142073923297282
1239604482570440704
1244629951799844866
1248648208332607492
1237419335427198976
1241200398037327872
1246124321745010688
1244764358535675906
1244817349867458561
1238552442050088960
1246533059769483265
1252052790660288514
1240299091395043331
1244429626614652934
1254462397831614470
1238521344658210816
1239094978250448896
1259146198436503553
1244829985803812865
1257979533665406976
1253118033763188741
1246947236434653185
1253576714845904896
1248670095389478912
1265350298433961990
1239747122465050626
1246104647045087240
1243937303267074049
1248605518903590914
1241840783495507975
1264329141144387584
1244048995074428934
1239330977048133632
1238658381201780736
1244433555062763520
1246106603910283268
1244789260839989248
1239258436237496320
1253420714075422720
1244339577810108418
1267603879790854144
1245388386816462849
1250459538119110657
1240077788310376448
1244533152363745280
1239242014052569089
1245476402872360963
1239335660105994240
1270598782317727744
1251172369084841984
1243299252970938369
1245002064322756610
1238005528363708416
1241481512031313923
1243000424606633986
1237929084480520192
1252395867237048320
1259933674432331776
1262614614111641600
1235721797334634498
1241494712256737280
1261231675377418240
1240428814229962752
1243270237568536584
1238493276149297154
1240764622489214979
1241434292196200449
1238997051251326976
1244688516946239488
1246947909666516993
1255892343414304769
1238365351127199744
1253832222869725186
1239079873399963648
1255199524206886915
1255529209235156996
1247525060354527237
1242623526605119488
1265413464274669571
1255328461926928385
1247920264282865664
1258069440559710209
1242965666682015744
1246621635660169218
1255338673211654144
1255247972528521217
1238091563835838464
1241593239808937985
1258795578223362049
1240683687466934272
1249038171805044737
1246093677644197888
1252331856990740480
1262900044241481730
1251199684984672266
1236671776068943875
1240071485072474113
1244772022246350849
1241506833061330944
1247523949266661376
1253691681553223680
1241922943673868290
1241949274264436736
1239746622520729602
1261322133529124867
1237524869752836096
1264906983251025920
1237082040748716032
1252269184039489547
1245506175543709697
1255329083522760704
1240440280932913153
1244340203684323329
1242653367048065024
1242932366001217538
1241511606393192448
1237816929890566144
1237914357759201281
1246904327731646464
1244767666449113092
1252319041366171652
1237951117184643072
1240466193359798275
1259520700991320065
1243561131647684613
1253130462354116615
1243865705138860033
1240222516032999424
1253724675554885632
1243479821713358849
1254093843861045248
1247292437158146054
1250490595405180931
1241497303279718410
1239361403250712578
1241139920573468674
1262366027092054017
1243343271121891328
1245108452139118597
1241093077948907520
1262965852565110785
1242613386678079488
1244963453783216128
1252047928233021440
1254974270285008898
1247578775820304387
1236348534330404866
1257878940112347142
1244935287232290817
1240846712656232454
1252231331561574400
1255072441593999360
1245344315351748610
1250546134440968197
1256320244060217344
1246744806216347648
1260542799872757764
1256954347839197184
1247341826568224769
1243667726129934346
1244338850945740802
1243523656053075969
1246763381442437120
1244603024946769921
1257125034759458816
1262160740229746693
1243994713495146496
1237427728728690688
1241534807164755970
1244937446720024576
1252783982158188545
1256664729017335813
1247897364926304257
1257504098909409282
1244510126100418561
1250405818551488513
1254977559965687808
1250259645307985921
1237847090195136515
1261029057082404864
1239987522803052546
1261778516661678087
1254953525563572224
1247210118007185409
1240155252491456515
1252994420988837895
1243148207930183682
1248652704383225859
1249465784600006656
1236357179155898375
1252290611882930177
1249169224456720385
1255454462065475587
1247194531579265026
1239573834342305792
1259990566613463041
1242945830388195329
1239396161083056129
1258793950065786880
1257614911036948480
1241858055945543686
1262782866838228992
1240492088959139841
1253476700144521216
1243968135872552960
1244392024113139714
1243718613305098241
1244576552022495232
1243639709995335685
1247510244491747332
1239672417309556737
1238145606662729729
1235731253409669125
1238182000969879554
1266244474553786369
1239863203888156672
1241649524969439233
1259878286391488512
1264723660209664000
1254804566513799177
1253152028144005121
1238193200793292800
1243183352179499015
1253110477422559233
1238269691992432647
1250238364701220866
1245917274201976843
1245456509770895361
1240335583022649345
1251298799278084097
1249535974419431424
1261763239966375938
1245450275911020546
1243961889681551360
1240693440184111104
1245402481674330112
1238124885752283139
1247580036476973056
1251920538886422529
1237944135518228483
1240099666794086400
1238529279446732802
1239341831453892611
1244777901884682240
1246210295346991104
1252650768773062657
1257848420359761925
1254119658346733568
1258110054580064259
1258998580171464704
1246522160111398912
1253313166571962368
1248194324321439744
1247896344963870724
1261134695221334017
1246285763655892994
1254829325297352710
1252961764314136576
1254957178735263745
1246543487669096448
1258110087761145856
1255272092859326465
1238048143305920512
1245678745303818241
1238468772450701313
1244575729813032966
1258389739025117185
1240023972030234624
1246469016002199553
1245296000539004934
1254531457181245444
1237917735260016641
1255194685674569729
1255881270967574528
1245356107398250496
1259882242349961216
1237600158256259073
1247474034121605121
1247592082119720961
1247313359315197952
1245918370651721732
1249012839030939649
1249534426792505344
1249880106534711297
1243485814757060608
1235920016987615232
1250731308009115650
1249903865077604354
1241694152166965249
1249465788521644038
1248834878952611843
1240106515618566144
1237941939133124608
1244700935248584704
1255802652413161472
1244702913412431872
