1236363699155341315
1239898581605236740
1242275138738913281
1238558980470906880
1243377117523566593
1238259332501954560
1253157322014314501
1243566866716647429
1250087504855908352
1245258309923409921
1255544821890023425
1244312198161235968
1243288147125055494
1244272721980055557
1244083006865842182
1238320185288818689
1236505692711895040
1240795919785877511
1236771201957191681
1263780174786592768
1241199593980911617
1245132662047735811
1239293102969544706
1252648568533417984
1254483625686511621
1258102918668058624
1258227864111112198
1243303231876411401
1263050642899316738
1247260787326029825
1248748529813794818
1240305894207950848
1260314526341357578
1242866581559967744
1236201415439192064
1258988797007736833
1248658200943120385
1256213796453928961
1254525001514041346
1242541405437911041
1246125995066875905
1266892447872946178
1248398880216997888
1254569107598368769
1250134146791485441
1243326699070242816
1245165792183943168
1254586783289036801
1254045207185719296
1240271111239217153
1236384832684535811
1238588495460958208
1250273990637019138
1244981139292295168
1237840289441566722
1258947592840413192
1258948219003961345
1255482899165515777
1242466763364659202
1255119197123813383
1247642084502274055
1242590392148787200
1248987749849468929
1238897687598116867
1235359391706157056
1251930772778487808
1252641500669849606
1252649180977381376
1257503776572870659
1246509704643334145
1249738388061605888
1252687133879308288
1258126988080033799
1243511431603130371
1238266770735222786
1243378993501372417
1268911161766010883
1239897358277595136
1250819003393728512
1247274429819899904
1245072017306550274
1254959700472483841
1238130893652451328
1246308249487511552
1239536303005470720
1246917124343431171
1250833344465698817
1237539915744722945
1238298711219937281
1255046285415104512
1236487756479635457
1256186769223102465
1252311261326557185
1253384032118767621
1246508182270291969
1238639281184411648
1255290582076964866
1239201254036901889
1261342009941516290
1260682010357620749
1263161675760521228
1258023219786809344
1248402984091807745
1244454987394093057
1252702932237254658
1237779754318774272
1246560285151973376
1246804990108278784
1247366854479351810
1260186257742860289
1254107982700347392
1248658908345970689
1263865609277911040
1248642965632962561
1262109085756993542
1238430399983992832
1243653025643868162
1250482560087531521
1270430059510337536
1250204916200726528
1269305545380581376
1238472799099990017
1261337329471557633
1255319832565813248
1256284093882523651
1239998182706286593
1248244035002613761
1239963249719664640
1252405715416698880
1257412348278702082
1246060049685975044
1266348293593931777
1242980427180183555
1237249288775913473
1237742250253320193
1238272566458023936
1259235968995012616
1239688254850510855
1243276351466917888
1259436728307286017
1238607973645275136
1246477892588113927
1238663327557001222
1237218243737202691
1249365947237969920
1240302577461399554
1246243683571302401
1269693359838429186
1259915828167733256
1238783677515137024
1239622511697858560
1245131017834430465
1237436605348134913
1250817144327229456
1268241459603542016
1234976841263271936
1239372129554104321
1256670789912481792
1243976568168493056
1241191864444870658
1236762912322011136
1254842227773317122
1250955680439250944
1244380288790278145
1262049117544603650
1262711510838771715
1243879489576239107
1245890946753081345
1258459125652037633
1247167912886009856
1240383923613556739
1236377434418790400
1255637875976175623
1240094945911988226
1246950263010873346
1243368609654673409
1238202087588204546
1244081106133176320
1243237189267357698
1245043311238406148
1249336813908414467
1238595290803953664
1245440021395640323
1243742212892041222
1238204092478078976
1262814771692343297
1250095337982824449
1263507524562702337
1254746841343832066
1244426868511649798
1239371537955860482
1243364832083996672
1239371958279639040
1257711103544451074
1244270645510275074
1266730941306867713
1248257665664507904
1242939011657801729
1245657887134740484
1241420219907702796
1238662202174984192
1236824115203518472
1240508123753992193
1262452309361152002
1239577571639132162
1238585510718779393
1247970685156315137
1243741950848765954
1235399081524178944
1252602323324375042
1238241412233097216
1247623319672836096
1260294516675874829
1234935372477554694
1258450171186360320
1257827242849304577
1243269658230341633
1239683863598845953
1258798202045808642
1239866894200553472
1253443228092768256
1262684187976499200
1256590170264080384
1237019395324592128
1237216300155494403
1250907007910948864
1252307120499970048
1246581810106118144
1250938714857050114
1242287931785699339
1252304270877212684
1257900801617530881
1238322303299092481
1242952463206043649
1261054522836897794
1243671983805681665
1242773538878230529
1243619072715165700
1241819364439068674
1244469670062809091
1256264641170288643
1254197543317254147
1262846541460537344
1248940877281624065
1263792284182724610
1255613217084235777
1242581393697275904
1250825786115919872
1238583403227893760
1236757481805807617
1245852522373246976
1253348111109545984
1238896148829687809
1237321830177914882
1249039666919149568
1256493358945636352
1240833690126692353
1258504739047772161
1239977720525832193
1237485789182939149
1245781992718741504
1245661146108981249
1248320263890108417
1237416851065450497
1251268513311924226
1239691246299426824
1236823597840138241
1237357141117358080
1246242634475220992
1254476791282053122
1238663168492265472
1249739593349500928
1247519605544927233
1258819325177233408
1239254283205447682
1243355927224266752
1248661158602715142
1248603025171767297
1238220131890839553
1241200774560047104
1261116298647519233
1235902525896888320
1242525554118660099
1253314527539707906
1249043710924423170
1239402070500945921
1240289850470928387
1264280673248043008
1260798447525015553
1238391498229665792
1242154475860656128
1246132107275108361
1253203187647107072
1256485153519669248
1246260914346774529
1239056626147110913
1237788927223881728
1253443480996757513
1250958320392966144
1238143128667934720
1241871838243950594
1241432647953457153
1236641044927844354
1238943054121381888
1252833130286682115
1237927734291992576
1247525089911787521
1250963800251080704
1241034933029629952
1236378947807588358
1238264481878290432
1240139736141963265
1252473131677233157
1250536039007084544
1250621974767902720
1266166764540440577
1247336521218301959
1235718805759897605
1239629207459766278
1242855935925792769
1255850091467939842
1241719174822576128
1254123401507155968
1243704387274518528
1258335136065691650
1262723031752900608
1257434915848814593
1242212366072324096
1238554740084088833
1263479031862898694
1253148730838089728
1246950278856916998
1250071879114727424
1243325349632540673
1235367374313918465
1238746448294019073
1237927203775623168
1238273143304867840
1258989987573440512
1244982636935892994
1236662860354400256
1244274343611371532
1250242069848887298
1258118287805878273
1236134980364926983
1260948967598235649
1249861372864860161
1247374459251634176
1244092417080528897
1255693402026455042
1240465949041590274
1250070168954437634
1244813119278518275
1255956178690994176
1246188277268393985
1241201716139360256
1242107028660764675
1235485854795104257
1237016280214966279
1258499666406187008
1237018734713122816
1245326654517493766
1247943924691406848
1249618157028982785
1255480584341721090
1242858812480139266
1237824364780883968
1236780540184969217
1248910917762527232
1239769233275445248
1265219379798687744
1243159246780469253
1240375316536852480
1242252488373407745
1239604690385543168
1258380893032460292
1248440604251566080
1239213357435162624
1242590615033896961
1245125374620688385
1261643730961883138
1243221036876935170
1250914442071748609
1244467368165871616
1248973956390047747
1247335368237645824
1237139994772455425
1260250067350544384
1254949249009299460
1247585460169265153
1260389375822757888
1236335746950352901
1242818584683913222
1253144155267780615
1264224163826458624
1241086682939756544
1243304287536545798
1241527140786544644
1258706859537707008
1255808474820247554
1258802945602224129
1240028399361355776
1247597370096959494
1242428188258709505
1240802449847455744
1258494865395953666
1246602007437246465
1250808243414237184
1245049468082413568
1238055701748101120
1239959730811879424
1264204121730678790
1251147569498959880
1244762222276022275
1250869974480150529
1250427705859821570
1238322013971927042
1239330131971387393
1240761555182129154
1253447298769698817
1266915201980469248
1244109135970435077
1235215551259172864
1257295086003642369
1261481909315493888
1263985161546412039
1244271481112100869
1242951758508249089
1260199296714096641
1238883794507177984
1241558280683622403
1238878434878795776
1246961113209733120
1236804135896395776
1247659844724641797
1242978136708591618
1237773747022639106
1256301624462639107
1270446432051437569
1252736526573854722
1238821388842041344
1239036662824480770
1236365328071917571
1241029785893117954
1234973906701713408
1241189677329244160
1246942607185514496
1240030833311805440
1260259086542802945
1251852386659794944
1242653561776934913
1241774800491683841
1251207154016702466
1253306951674613762
1260264238465064962
1250626901913239552
1257651348457357313
1266552697685266433
1251513823246331905
1250961355064201223
1238638665427046401
1242091234338000898
1239995969040760832
1241868286691889154
1263409231329480704
1257463458372759553
1241868718310817796
1239328471953833986
1247274648892403713
1245816222513369089
1261350393516371968
1242878772530929664
1245346380039716865
1252800472685174789
1248602573910814720
1257217206716252160
1248994887736983553
1266398418097881096
1246241227835654144
1258188696840536065
1256758546999410689
1241194460110864390
1246500753415553024
1261839251328598017
1239360499428610049
1255532772694863873
1242202706321657858
1266768068648357888
1247256020612722688
1249874736093581312
1264672165846114305
1247255416683315201
1237053557314117634
1245527902281699333
1235215683807588354
1243336685540331524
1238260317760733185
1246063077918797824
1237521964299763712
1244136757647589377
1258221102213595138
1253314354298130433
1249907618237353984
1256060037392478209
1238475453754740737
1255158390369783808
1246160235670233088
1252686654671855616
1238439747619618816
1265332598852681730
1259301142787489794
1253735326620594176
1261055597971214340
1262299504184897536
1248828609885765632
1254176673794269188
1254641374667866112
1237482885789204481
1254603299329675264
1258376368481599488
1234991741649833985
1268896267083681798
1244373458114445320
1263651789548781568
1242548233055993856
1246954521860939776
1238800701582704641
1247920154685722624
1250479684242022400
1238658604162572288
1242228775045259269
1240823329046568962
1251134303645372416
1267630435292590080
1245119084980830213
1242001249345720320
1261645713525673984
1266321188214771714
1242039619916648449
1258515218478493696
1259452015362572289
1246269093164060675
1242635287941054471
1244652786169585665
1245505721367777280
1254062784280530946
1254475527504760841
1235330127128600576
1248957886845399041
1247260615212752896
1258131171554312192
1237889067368378369
1237894825946402817
1237830281991774208
1239003737412247552
1243079065709535233
1261664162012205057
1239251849632505859
1268008489307308036
1244976797864931328
1262322308657618945
1258113929751994374
1254254186591633408
1259801208614772737
1245722624719761408
1242667472337219584
1237210921119944704
1260044255319523328
1270446956326895617
1243380285586227201
1255536816813477889
1245189489405943808
1242208422046638082
1240427894524071936
1261648302795370498
1247351248724135944
1252591190098264064
1245218902726053888
1258606391616573441
1247969741303681025
1254240717163180032
1248602297296465920
1241384669821710337
1235940830294290437
1236987236979290112
1237362031654850561
1262355047507202050
1239361247260401664
1238987436941852672
1241083537387933696
1243302713796038657
1242017967535263744
1253205458162237440
1237260677196193792
1237745413593149440
1246553941833322496
1250246494093037569
1243740927056904192
1243710505870675968
1245736240974041090
1252734445813223426
1243996475564142592
1255865931491926017
1239390141766152193
1238435490761670662
1240821857864974336
1237528222381662209
1255223631099179009
1258836660357382145
1238988405775581184
1248952245296734210
1240091815241486338
1260147259741741056
1257421109865086984
1243343470376488960
1239360378489966593
1259159749641359364
1258379839955963904
1263305158957699074
1239730424215146498
1249280805349871616
1266169346537263105
1262749691147546627
1242843750222696453
1245732969203093506
1239749540074393600
1240078858675773442
1241678260746031104
1246458820957741063
1258804157647073293
1240976275789004800
1237497238244462594
1241457720403693568
1250452000271142915
1261842433018662912
1241309373399535619
1252343350742577155
1248600079210098688
1256634131087265792
1238833883598258181
1270422437138751490
1257250965826265089
1257764430042918912
1237565982610096128
1252980610521587713
1242243505222713344
1251497787029630977
1262885486642823174
1242255159733993478
1237510283582562304
1245521598381080577
1235333908801245185
1257701317419642882
1253879643813359617
1251234107029434375
1241509513708154881
1236829179695505408
1241017031882870784
1255356797310951424
1243703458747817986
1260176013809651712
1247695329283186689
1247596472100622340
1258226777132064770
1256195028419964928
1244197509225906177
1250913500383318016
1250913683116605441
1247192766125346821
1264863733437825030
1240715351559557120
1236146628991627264
1264206069934575616
1263259247128842241
1254053948006293506
1244117233984512001
1251671791036059648
1247852793316151296
1254940194089897985
1239363203727048705
1240145070482952193
1245149059595329537
1269351049212682243
1260586092438237184
1258374395195805696
1248070982742478848
1241518003533025284
1239525957800726530
1247139295774867461
1237710284871122945
1266550291639480320
1259921138546872321
1258240441637572615
1247351254826835968
1241138019240992768
1265457838115127297
1239978270491377664
1246072314195779584
1235922288299651073
1260942981198221313
1255522563121389568
1242870611124330496
1240465727166926848
1238562737640345601
1248691804825944064
1238085434594529281
1236688608943366144
1256611649739505664
1238613530422792192
1244410386499211265
1263985500488114181
1237109472725733378
1267077340619776000
1255298443720953868
1268955953187209216
1261107806943444992
1260273395813560320
1247613288965439488
1259445443047624704
1255227176670150667
1240790316401262594
1263093802983718913
1247565045724319746
1238286607700103171
1240076596607737856
1261005222136217601
1244090396960940032
1257081540057710594
1235960662268002306
1255176700318699525
1241858900074409986
1240837134967123969
1243765891994718208
1246195119650492422
1253453107545223168
1239201641557037057
1249435824401330176
1243261224126734337
1249789452324605952
1248043700002762753
1239067974302085120
1259213040907673600
1248447237757251585
1248998651084537856
1242215465281298433
1247319273703235585
1238535251766493186
1250021070456999936
1245857518309371904
1237873232302051333
1255261532860100608
1247710881561141250
1246943111030472706
1258537500907171841
1240074339875278849
1240074533492621312
1245567262486155266
1258215247049101313
1237530912876720128
1252803251738742784
1262086670951858180
1243545961768652804
1259913874133913600
1245091970436956162
1250981982315692032
1257904688160280581
1238495590880874496
1242273568387403777
1239942684527276037
1237818277663051776
1241905551740715008
1243673785095598085
1253016625000914951
1239318673459945473
1250982117565136896
1245689628474163202
1263126453291540484
1239361644460937222
1253013551196880896
1257325907087208448
1266189666652471296
1257855722043387907
1240412578758774787
1238291985489936384
1238613422205370368
1238430269104930817
1238526588687450112
1254790496452411395
1242223174600871938
1236446295050424320
1242634976379764736
1238157136238202882
1259510607533027335
1252591019645906945
1240830346951786499
1241352932232253441
1238672493663211520
1252754498159706112
1241041538702086145
1237118803147882508
1252301391034560512
1264858102253473792
1250453139200847875
1263483673262854145
1242843650050207744
1253456993182011395
1243714799973924864
1264209314954215424
1235055066840739840
1252634224408100864
1241082358243176448
1238282950741045249
1261416682586693633
1252590345583542273
1250153760384528394
1250591509801365505
1247873522720018433
1244722985254236160
1235724990827376641
1253370297811689473
1257462928653123584
1253295018699358214
1243676255330992128
1251200434502610946
1238223014560497666
1259162467508326402
1251139791162400768
1247706658870042624
1252973877388509184
1236727596097961984
1256057046346149889
1235961823557541889
1240357305604100096
1251911013693341696
1247740129084616709
1256076790826762240
1258251242243067905
1260362811538124800
1239641168285073408
1247999851150946305
1238130302012268545
1250824633147887619
1238281531963162626
1256365755874054145
1260512704424542208
1251951032164376576
1238923194020630529
1259308486527254533
1262088989076529161
1238568000523026433
1263064558601736193
1246170220177260546
1236156100644306944
1266203745710419975
1242649890066497538
1237329471360897024
1239697691053080582
1248612816254197760
1246052909818826752
1240388724007075843
1253098816674422790
1238077600544759808
1238619412091076608
1240677288158670854
1239023500830138369
1240718547258503170
1248970795436703746
1258536368067633153
1236083053140811776
1259840860054790144
1248361045854507008
1266770130102599680
1240676104588967936
1245466090081325058
1252417732940664835
1255901364368048128
1247543733060399104
1260523245901660160
1251669305432969217
1259875692621303809
1263242169592184834
1247493149485867010
1240082117087891456
1257873224702058496
1252591332683583489
1265123262557806592
1254813761929711619
1253773038136569864
1241453915406729216
1251204344193732611
1258165786008530944
1245405422921691142
1240704005262544896
1239026200162512896
1259872189341478913
1253498329561997314
1240181116499263488
1237874068897947649
1245763100219002880
1249533029074317313
1250493882141487104
1250982162129727488
1242755549059563521
1241496111875063809
1251883120766353408
1247741782596571141
1247201344949116945
1250501932105506816
1237324002995167232
1251199021416419330
1239251271082815495
1252661562613084160
1243892709317906435
1247688665012359168
1250632329414000640
1246269622761984000
1256268864574361601
1240817156683714561
1260536385192316928
1240829125939605504
1248357997967028224
1259824171216863232
1258225783891320832
1259613080415285248
1243862443337625600
1235053194880770055
1239363784097050625
1243261679154192397
1240445497594089472
1250492652895830023
1253459059908345856
1238183993582989312
1243404955131604996
1246429736164868098
1239020512971497472
1240345782986985474
1239235097636847616
1243261215738118148
1240471884657053696
1247206345213960194
1270008590221352960
1238234021894721539
1258437959218536448
1239717233045184515
1258540334943854593
1243893703292452864
1237137589586538498
1238097920248987649
1263259143764357121
1237916048705425413
1239025788957097985
1244266580353011712
1242170796862210057
1250365813963587584
1264563345400659968
1259907368139317254
1255455668552839168
1239022661654757381
1240071071535116289
1262834762189848580
1251190554890821636
1236790914594549763
1240812037971816448
1236694195684982786
1238888312544387077
1245006137457606668
1242236127756632064
1252974224181952512
1246628261863587842
1258935385897553920
1241223646061957122
1260232337691938816
1251940532252786692
1254822786800979968
1245258508842524673
1239242915425239041
1237496325945659392
1255268905578364930
1253828101253054465
1242889915169415171
1267863833353297933
1246945820643143681
1247687224180781058
1235962653492875265
1248788457247444993
1248008258763116544
1248200504800411649
1243371591662284800
1252014836252368897
1254796613572276225
1245794556789964800
1244493369331593224
1240495474185883649
1262688273857744898
1244410671950856193
1242063543576469505
1238273710299271169
1240790996331331584
1250248969839677440
1249136312164196355
1253529607082475520
1243297145878429696
1243298792369242112
1246623020581560323
1260928772422787075
1240416435618426883
1253086002530455552
1247719166183976963
1237922854919946240
1237932386517528577
1236144761620357120
1247695785074003970
1254765430478188545
1241427795483545602
1247209023386066951
1260907152333553664
1248805050337681409
1259186192941277186
1245823619470692352
1254896012621119496
1254053713167241217
1250980824759050240
1248027731738140672
1253778883943383042
1248285234640097280
1252540570041487361
1238629275374366723
1245533268847427585
1237505803633995776
1240348736540246023
1240077008534679555
1263224918038069248
1250945987490840576
1270013847148138496
1244825271078924295
1258857915663953920
1258856108548030470
1237822813257584640
1239588673915682816
1256647928896204803
1244710052688285697
1237358529918521349
1246618344394051584
1253096986166738944
1263190197082247169
1255554317467205632
1242894967091101696
1244707649020723200
1250055271709315079
1246971450365489153
1243568317627015168
1239290698387652608
1255448866222153729
1254409004912193538
1248663046014238721
1253389526933921792
1265106220320542721
1254902054084136960
1247716684657557505
1260762596086624257
1251406147225112576
1240845770900692993
1247589803216056322
1246236420257320962
1241566745309007872
1266979620643094528
1262164774705479680
1234997964063436801
1254858950974951426
1240365773828300802
1238619605842759680
1246918839276888065
1247135480891703296
1259808269993943045
1252428346824069125
1236341362833981443
1255183019935019010
1258592548182011907
1236439818852327424
1242603162550370305
1241670106750562304
1247358261243908096
1259494399135842306
1251203312973725698
1239677121343127553
1250982058056433664
1247347306376069120
1265879714310377483
1243924107479130117
1249444454236409860
1244984931450789888
1251405345244753925
1247496914842669056
1244387415781003264
1253372353620463617
1257100805297049609
1247312890455044097
1245754228641009665
1243452120734617600
1241976034985156608
1257156489485201409
1243561043537920001
1240082545817145351
1243971954673094657
1248592813035532290
1239322057701294085
1255215170017787905
1247533708615118852
1250159901516718091
1240704891028254720
1249783838861131779
1242291167418515457
1240404638454763527
1244385338652528641
1269095113638187008
1235038886960590848
1262778577227038721
1240650713669292033
1241427360773214208
1265944602453905415
1251299083341434880
1258506541218410496
1248699932585975808
1245057834951286787
1266458928553943040
1243557376021745664
1242871215607492608
1239025165004144640
1237189480626499584
1236080046584008705
1241567806275162112
1250981815109799949
1243677339092807680
1262838522924466181
1264254832690565120
1243226610821726216
1253115212183543809
1251671950855815169
1238160247988072449
1238572062031126528
1236143524220936192
1243296437414367238
1237935896428793858
1244409115855802374
1238632658399264768
1259185841076871175
1237865993608650752
1237490459049627649
1237381230783614977
1259683650628661248
1255488169526599680
1253647827189796864
1254976409258393603
1249034258225803264
1235765520542117889
1241059921384345605
1237940671891361793
1244490912333467648
1250466043212038160
1235543789420163072
1247963160021262338
1243955060649803776
1245055965583548417
1259463148769349632
1240274974050484224
1242296246188019712
1249010338365726722
1256646918618386433
1240442968093405184
1250417600342851591
1243850595703967744
1242272558965284864
1251922624730607617
1245309753737334786
1257155501554577408
1250471778566242315
1254790713780260865
1254040609301594113
1238885687564406784
1235777255974023172
1254527926151897091
1245204884535861249
1253786342875631617
1259491517015744512
1239046150826659841
1253283437600964608
1237162811081572352
1242058754180493313
1247721824500232192
1269382098412081154
1250879157829013504
1239220402108366853
1264046088211836928
1243635477057593347
1243534946893004800
1261373517960024065
1237867044785143810
1254904958677368834
1248593299381915651
1252367751819059200
1250864132498378754
1245481798680928269
1259827000174313472
1263045070535696384
1239894182921228288
1243973026212790275
1239419895751811072
1261234295554875392
1249141679786987520
1263620743402860545
1258508441603072000
1255941722149920768
1237161294328934401
1246250301566455808
1241849545908158465
1258597270666326017
1238853755036106753
1251530594451730432
1267559266203787265
1246975758712688645
1245413548299255810
1244510025076391936
1239564543547920386
1243012064777568268
1255285747919335425
1248663824103809026
1253377089832706048
1253863815344783360
1242895589848817665
1235543410662150144
1239044967940661248
1263769268442869760
1264726960510386177
1255908369807937536
1255885586440663042
1252281157628067852
1239818599990267904
1243723455301910528
1239320104225079301
1256039205513375745
1265584005619101697
1243193858386735109
1262955563387949056
1250846585824727040
1246596248708227073
1248022798028566528
1244357550482558976
1238192206256766976
1239017040699985922
1240846671250182145
1253784309812658176
1242174650882326531
1257628516448952321
1259837780684832770
1238841432217182210
1254295141847912448
1247581240867401728
1236684358955696130
1244443971151106048
1238481574053711872
1258509614607294465
1243534523343699970
1245855252718342145
1243350332526276609
1256427047725006850
1254859325090258944
1252840883642220549
1239967183326732293
1252193753990914053
1243758946348945411
1242697758575861760
1253082089563525124
1238544531064266753
1241161768870780930
1253393097708449792
1238046857357676550
1255215348795785219
1243964260193054720
1251026763720855552
1241581153062133761
1260969627762544641
1246042258136338437
1236432808618479616
1259823161488670725
1265582360323600384
1241962525475962880
1243609468539146247
1239176050170626050
1241180399927255042
1237909795434369030
1245297567316885505
1243670173317574656
1241089608269443072
1247721229299200001
1238976288066605056
1253081142288318464
1241078796331233281
1254265227622973440
1244398223323811841
1244479843569487872
1252788481744658433
1258718348814233600
1243670000860188672
1263797963022884864
1238481373452787712
1252435148064227329
1245926464437944320
1245293415018921984
1237887651748802561
1252989800690397187
1241845490976776199
1236329403489095691
1245172024550572034
1259786581193490432
1256342722182602752
1255589526107455488
1240482757467348992
1244595528559706112
1250885568499781633
1238483528549089281
1235615196112203782
1249184768639582210
1238540446751571968
1256046933241626624
1241375434371022848
1243119237658488833
1246465536399155200
1255214376564465665
1252710862994968588
1256584451376775168
1238065151154282497
1238243954388275201
1250500232003104768
1237916819869945856
1238855561212551170
1239043151735767041
1243994144873295873
1256060645457477633
1266457313243738122
1243990255990169603
1238212116143919104
1247890115982057479
1243680360229199872
1238540005863284739
1248264296775196673
1256041400468209665
1255199745620017153
1249880861597630465
1240105982296014850
1243322041509519361
1243845267054526465
1257741520662228992
1239966027389132800
1245404826218921994
1254885463493693446
1254819080202313730
1254426210312040448
1251181151026380801
1247307753867153416
1242992975656951809
1264313299941851136
1239990809795137545
1257105440393003010
1243181007538466817
1255145527483629570
1245677877183557637
1245552915105878017
1239940030195515395
1263623329438502912
1245335779712393222
1262359778619088897
1250502451435839490
1238861418780336134
1250502337665400832
1242910495838961675
1243019275096543234
1262332976018358273
1239980182385106946
1250221507646758914
1236302951351795712
1246970839699947520
1255945821872406529
1258429981836873731
1238542081477443584
1264726907679125506
1250502708886413313
1259783112294305792
1242992791170375680
1252299772989448193
1238630197005615105
1250414578313433088
1241167827190583299
1240694740611256320
1263539554419646464
1236306722211463169
1243017697954344960
1247101502319210496
1254244148577779723
1242998995494080512
1243608811404959752
1254815805113589762
1259698441850142720
1254516299016912903
1247239275986501633
1241089480838316032
1243351080399966209
1254514526743072772
1250222486454775808
1238094986530426881
1240860749137936386
1252782915731193856
1237558364738957313
1252777803575164935
1247309712451829763
1238860047859548160
1247237146353848320
1247235841853882368
1256231746250686471
1262539904002797569
1252699255078301701
1267922348960866304
1256263957796589568
1239964498468802564
1244869565496123393
1237011053856329728
1243021094635872258
1239502658265808896
1241076535857217537
1237006076005974021
1240695495850258432
1239311726799093762
1256785971754029056
1237205910411411462
1255141237109088257
1267742896272420865
1252585718750285824
1237547901795979266
1242260999601872896
1258466112188174338
1257972929318486016
1258722836845400070
1239421153850077185
1256730528751013888
1250507237036040194
1260448299103985671
1239425258039455745
1258365480785625088
1244753063598006277
1237943357097357312
1248568490749018117
1249190784483635202
1263894190376865795
1239278067962597377
1237940888325758979
1244750805456035841
1238546930579443718
1234973294442364929
1236859789248008192
1237546936686632961
1248234434836529152
1238122975423053825
1261077849244602368
1236860975015395329
1240641829252616192
1241126443263954945
1256248571990618113
1245525729758019584
1256408511124209666
1247572308539170816
1246212916254310401
1257713622907858944
1237775932141772800
1256733205656297472
1246612287600898049
1245819982803546113
1237567362838089728
1244030833603891200
1243253136388698114
1266497490246938626
1265359841842823175
1243225367629967366
1237855963589177344
1239374243730722816
1247632650061348864
1261337578176778241
1238105415847723009
1241815203156803587
1236388592194392070
1237173369021366272
1257713004399013889
1255647090480500736
1266888052238147584
1239540594659164161
1242163368364032006
1252313090609340416
1246819395235713025
1240436040369922048
1242270150549622785
1236701741833318400
1240306192817311744
1240468063880806400
1248746932064878592
1258197016200478721
1255234153441878017
1254156109419556865
1256212757864574977
1246997816918106112
1248992327705726976
1243716003982454784
1239579392185192455
1238300921903316993
1238586151197380611
1236701442154434561
1268751218874241024
1242941991387910145
1246210925520195584
1267974254743687168
1237071386939666433
1249065553861451780
1253003102992478208
1249377212094124032
1241033728010473473
1247326801757601793
1247607701099732992
1249382051163385856
1254236482887393281
1245862550165532672
1241577219270443008
1237760168345186304
1240610473579556864
1266175363450896385
1245130110006681600
1267212211765862400
1265358423673143297
1244421736508133377
1262734738864984065
1256211520972894210
1256903355990867968
1258417930037059585
1262402364230848513
1239647359560286209
1242257892121640960
1241154481955323905
1260174642305736705
1262129329686958084
1245270330370863105
1239647103565037571
1239775731602817026
1255654293249699841
1245175562223652864
1241127904500756480
1240040126899765248
1236489037923450881
1240414061231091718
1255503846752899072
1246535638402437121
1253010748156018690
1238905506632216584
1265695597518106624
1240772428365692928
1250769858167521287
1247730525210644482
1239233353569595392
1240072196606824448
1247968383028678657
1240411207477219328
1237833232470728710
1247981011914424323
1237533603979915265
1242282218657103874
1251000965626388481
1239116763406761985
1247564278200242178
1248996397422125057
1244775992037695488
1250999879050002432
1267147369889619971
1263630233166585857
1238602237406044160
1238603268521177088
1254823277429735426
1264265974645248003
1240810735502086144
1235638039772196865
1245370468829294600
1251877726975397890
1242892584747499522
1240070335518646273
1265720255172816899
1241390752963481600
1252313796808409090
1254965290758295555
1248762899188846593
1247690129692594178
1254823452403535874
1240813267586596865
1248412560660951042
1251915066456387586
1254575351226871808
1260031316059279364
1246101754195804161
1238175540810522625
1247887867939938305
1254763234063679488
1237160373003976705
1257715703131537414
1236465989941972992
1253102990392619008
1250154533029896193
1258594044642549764
1254823502156369921
1249435347311722496
1250854009344229388
1263608556953178112
1244778953648324612
1269981330814746624
1254822679229747206
1254822922344161283
1262795696173985792
1264208768205815809
1248372452176072704
1240278610646368260
1260939056453730306
1253503809214693391
1259229271891087360
1256290043058061317
1249011888484163586
1245878198308569090
1247327983410569219
1246269881756135430
1251908093035851776
1239699902843760640
1249977122115842049
1263810059622133760
1252708368747282432
1257354328018432001
1254253196463177733
1247340462769344512
1254823331993444352
1253109649554976769
1247218920202932224
1253704434900709377
1244733679978655744
1249346602659205126
1238803431701307393
1259131703320330244
1253743121206312963
1243922097564418049
1247709389370384387
1241186275874439170
1235603539877076992
1244356565949452288
1261025255721775104
1260952566730575879
1247901200269242368
1258397466556338177
1261017276540686336
1241053652137230341
1262058515042119680
1242169454504456194
1249697638418702337
1249011583407267842
1246373226730729472
1239006257199144961
1238148643095445506
1256337865333600257
1238840740555472896
1254823087633313794
1256340959333199873
1239715431209930754
1239344910572179460
1244484460667494400
1238703492681863169
1237907507160506370
1257169893914480641
1245414685106745344
1246635173132861441
1238979892051656710
1238544896081854464
1243590371420057601
1237033796119166976
1244312198161235968
1244981139292295168
1243378993501372417
1255544821890023425
1239201254036901889
1250833344465698817
1253384032118767621
1248748529813794818
1243511431603130371
1242866581559967744
1236487756479635457
1250273990637019138
1266892447872946178
1255482899165515777
1252687133879308288
1248398880216997888
1238558980470906880
1250087504855908352
1258227864111112198
1255119197123813383
1245072017306550274
1238298711219937281
1254569107598368769
1239897358277595136
1255046285415104512
1263780174786592768
1237539915744722945
1238320185288818689
1236201415439192064
1240795919785877511
1236363699155341315
1242541405437911041
1239536303005470720
1247642084502274055
1244272721980055557
1242275138738913281
1252649180977381376
1246917124343431171
1248658200943120385
1236384832684535811
1238897687598116867
1246125995066875905
1245132662047735811
1258948219003961345
1258102918668058624
1238130893652451328
1243377117523566593
1258126988080033799
1238588495460958208
1242466763364659202
1252648568533417984
1256213796453928961
1244083006865842182
1250134146791485441
1260314526341357578
1240271111239217153
1241199593980911617
1243566866716647429
1251930772778487808
1237840289441566722
1243326699070242816
1252311261326557185
1249738388061605888
1246508182270291969
1243288147125055494
1243303231876411401
1258988797007736833
1247274429819899904
1254959700472483841
1240305894207950848
1245258309923409921
1253157322014314501
1252641500669849606
1246509704643334145
1254525001514041346
1238266770735222786
1260682010357620749
1250819003393728512
1242590392148787200
1239898581605236740
1255290582076964866
1239293102969544706
1245165792183943168
1261342009941516290
1258947592840413192
1238639281184411648
1263050642899316738
1238259332501954560
1235359391706157056
1256186769223102465
1236771201957191681
1254586783289036801
1257503776572870659
1268911161766010883
1247260787326029825
1246308249487511552
1254045207185719296
1248987749849468929
1236505692711895040
1254483625686511621
1252405715416698880
1258023219786809344
1239372129554104321
1268241459603542016
1240383923613556739
1248244035002613761
1248642965632962561
1254842227773317122
1243368609654673409
1247167912886009856
1263507524562702337
1249336813908414467
1242980427180183555
1255637875976175623
1244081106133176320
1269305545380581376
1256284093882523651
1238430399983992832
1239622511697858560
1244270645510275074
1257711103544451074
1236377434418790400
1260186257742860289
1250482560087531521
1252702932237254658
1239371537955860482
1256670789912481792
1239963249719664640
1241191864444870658
1263161675760521228
1239371958279639040
1243276351466917888
1241420219907702796
1239688254850510855
1258459125652037633
1244454987394093057
1248658908345970689
1237249288775913473
1262109085756993542
1246950263010873346
1238472799099990017
1262049117544603650
1245043311238406148
1259235968995012616
1246560285151973376
1243742212892041222
1243653025643868162
1239998182706286593
1242939011657801729
1250817144327229456
1240302577461399554
1234976841263271936
1238272566458023936
1261337329471557633
1250095337982824449
1270430059510337536
1245890946753081345
1248257665664507904
1246243683571302401
1245657887134740484
1250204916200726528
1238607973645275136
1250955680439250944
1238663327557001222
1269693359838429186
1255319832565813248
1266348293593931777
1237218243737202691
1243237189267357698
1243879489576239107
1238595290803953664
1259436728307286017
1245131017834430465
1248402984091807745
1266730941306867713
1238783677515137024
1262711510838771715
1246060049685975044
1243364832083996672
1245440021395640323
1249365947237969920
1259915828167733256
1257412348278702082
1263865609277911040
1246804990108278784
1262814771692343297
1240094945911988226
1236762912322011136
1246477892588113927
1244380288790278145
1238204092478078976
1237436605348134913
1238202087588204546
1254746841343832066
1237779754318774272
1237742250253320193
1247366854479351810
1254107982700347392
1244426868511649798
1243976568168493056
1238143128667934720
1245852522373246976
1254476791282053122
1238585510718779393
1253314527539707906
1245781992718741504
1243619072715165700
1248320263890108417
1262684187976499200
1261054522836897794
1238220131890839553
1256485153519669248
1249043710924423170
1238391498229665792
1260294516675874829
1252307120499970048
1258504739047772161
1241200774560047104
1235902525896888320
1238896148829687809
1239866894200553472
1234935372477554694
1250938714857050114
1238241412233097216
1236824115203518472
1247623319672836096
1242952463206043649
1240508123753992193
1245661146108981249
1239254283205447682
1244469670062809091
1237485789182939149
1260798447525015553
1235399081524178944
1262452309361152002
1249039666919149568
1258798202045808642
1238663168492265472
1253348111109545984
1243269658230341633
1248661158602715142
1237416851065450497
1242581393697275904
1246132107275108361
1253203187647107072
1257900801617530881
1246242634475220992
1264280673248043008
1246260914346774529
1248603025171767297
1256264641170288643
1242773538878230529
1243671983805681665
1251268513311924226
1252304270877212684
1252602323324375042
1242287931785699339
1255613217084235777
1237357141117358080
1239977720525832193
1237216300155494403
1247970685156315137
1254197543317254147
1262846541460537344
1239056626147110913
1263792284182724610
1243355927224266752
1250958320392966144
1258450171186360320
1249739593349500928
1250825786115919872
1258819325177233408
1239402070500945921
1236757481805807617
1253443480996757513
1246581810106118144
1238662202174984192
1241819364439068674
1239683863598845953
1261116298647519233
1247519605544927233
1256590170264080384
1250907007910948864
1242154475860656128
1253443228092768256
1242525554118660099
1257827242849304577
1239577571639132162
1239691246299426824
1237321830177914882
1248940877281624065
1256493358945636352
1240833690126692353
1238583403227893760
1237019395324592128
1240289850470928387
1254123401507155968
1235367374313918465
1236378947807588358
1235485854795104257
1249861372864860161
1258989987573440512
1244467368165871616
1266166764540440577
1250242069848887298
1250536039007084544
1243704387274518528
1255693402026455042
1258335136065691650
1244092417080528897
1265219379798687744
1249618157028982785
1239213357435162624
1245125374620688385
1245326654517493766
1238943054121381888
1239769233275445248
1243325349632540673
1264224163826458624
1260389375822757888
1241201716139360256
1240139736141963265
1250963800251080704
1258499666406187008
1241034933029629952
1236780540184969217
1237927734291992576
1255480584341721090
1257434915848814593
1246188277268393985
1252833130286682115
1241432647953457153
1247335368237645824
1243304287536545798
1243159246780469253
1240465949041590274
1240375316536852480
1258706859537707008
1243221036876935170
1244813119278518275
1248440604251566080
1260250067350544384
1250070168954437634
1260948967598235649
1242858812480139266
1241871838243950594
1244274343611371532
1242212366072324096
1255808474820247554
1242252488373407745
1237927203775623168
1255850091467939842
1238746448294019073
1252473131677233157
1262723031752900608
1246950278856916998
1242107028660764675
1241527140786544644
1247336521218301959
1236641044927844354
1263479031862898694
1236662860354400256
1247374459251634176
1247525089911787521
1261643730961883138
1258118287805878273
1235718805759897605
1238264481878290432
1247943924691406848
1242855935925792769
1248973956390047747
1238273143304867840
1237018734713122816
1242590615033896961
1239604690385543168
1236134980364926983
1241719174822576128
1250621974767902720
1236335746950352901
1250071879114727424
1241086682939756544
1248910917762527232
1247585460169265153
1237824364780883968
1237139994772455425
1237016280214966279
1242818584683913222
1254949249009299460
1255956178690994176
1239629207459766278
1250914442071748609
1253148730838089728
1244982636935892994
1253144155267780615
1238554740084088833
1258380893032460292
1251513823246331905
1253447298769698817
1244109135970435077
1240030833311805440
1244271481112100869
1236365328071917571
1261350393516371968
1241194460110864390
1241774800491683841
1241558280683622403
1266398418097881096
1256301624462639107
1246942607185514496
1235215551259172864
1260264238465064962
1244762222276022275
1264204121730678790
1252736526573854722
1256758546999410689
1250427705859821570
1250961355064201223
1235215683807588354
1242653561776934913
1266915201980469248
1264672165846114305
1263409231329480704
1245346380039716865
1246961113209733120
1257295086003642369
1250869974480150529
1252800472685174789
1247659844724641797
1257463458372759553
1257217206716252160
1261839251328598017
1241868718310817796
1239036662824480770
1266768068648357888
1238638665427046401
1234973906701713408
1236804135896395776
1248602573910814720
1251147569498959880
1253306951674613762
1270446432051437569
1242978136708591618
1240028399361355776
1238883794507177984
1266552697685266433
1239959730811879424
1241189677329244160
1240802449847455744
1246241227835654144
1247597370096959494
1238055701748101120
1239995969040760832
1248994887736983553
1244136757647589377
1251207154016702466
1243336685540331524
1247256020612722688
1249874736093581312
1250626901913239552
1240761555182129154
1245816222513369089
1246500753415553024
1255532772694863873
1241029785893117954
1242091234338000898
1242202706321657858
1246063077918797824
1257651348457357313
1247255416683315201
1246602007437246465
1260259086542802945
1258802945602224129
1242951758508249089
1239330131971387393
1242878772530929664
1258188696840536065
1238821388842041344
1238878434878795776
1251852386659794944
1260199296714096641
1250808243414237184
1239328471953833986
1245049468082413568
1258494865395953666
1242428188258709505
1245527902281699333
1237773747022639106
1239360499428610049
1241868286691889154
1237053557314117634
1261481909315493888
1238260317760733185
1237521964299763712
1247274648892403713
1263985161546412039
1252686654671855616
1258376368481599488
1238800701582704641
1242228775045259269
1248602297296465920
1245722624719761408
1245736240974041090
1243710505870675968
1261055597971214340
1243079065709535233
1239003737412247552
1245505721367777280
1242208422046638082
1253735326620594176
1245189489405943808
1234991741649833985
1246553941833322496
1242548233055993856
1255536816813477889
1265332598852681730
1254603299329675264
1249907618237353984
1250479684242022400
1235940830294290437
1245119084980830213
1247920154685722624
1240823329046568962
1237889067368378369
1237894825946402817
1246269093164060675
1259301142787489794
1253205458162237440
1259452015362572289
1247351248724135944
1242001249345720320
1252591190098264064
1237210921119944704
1254062784280530946
1260044255319523328
1243302713796038657
1237745413593149440
1256060037392478209
1245218902726053888
1239361247260401664
1247969741303681025
1258515218478493696
1261664162012205057
1258113929751994374
1247260615212752896
1268896267083681798
1262322308657618945
1237482885789204481
1238658604162572288
1262355047507202050
1255158390369783808
1261648302795370498
1236987236979290112
1259801208614772737
1238475453754740737
1254475527504760841
1244373458114445320
1237362031654850561
1238987436941852672
1253314354298130433
1270446956326895617
1258221102213595138
1246954521860939776
1235330127128600576
1242039619916648449
1237260677196193792
1241083537387933696
1254641374667866112
1244652786169585665
1239251849632505859
1251134303645372416
1242017967535263744
1250246494093037569
1242635287941054471
1237830281991774208
1243380285586227201
1248957886845399041
1268008489307308036
1262299504184897536
1248828609885765632
1243740927056904192
1242667472337219584
1258606391616573441
1244976797864931328
1254240717163180032
1261645713525673984
1254176673794269188
1267630435292590080
1266321188214771714
1263651789548781568
1241384669821710337
1240427894524071936
1238439747619618816
1254254186591633408
1258131171554312192
1246160235670233088
1258379839955963904
1246458820957741063
1261842433018662912
1260176013809651712
1258804157647073293
1241509513708154881
1241309373399535619
1237710284871122945
1238435490761670662
1254940194089897985
1260942981198221313
1255223631099179009
1243996475564142592
1256195028419964928
1240715351559557120
1266550291639480320
1245521598381080577
1252980610521587713
1257764430042918912
1247192766125346821
1237565982610096128
1266169346537263105
1251234107029434375
1236146628991627264
1258240441637572615
1250452000271142915
1240145070482952193
1239390141766152193
1246072314195779584
1237497238244462594
1239730424215146498
1242255159733993478
1247596472100622340
1257250965826265089
1252734445813223426
1239525957800726530
1250913500383318016
1255356797310951424
1257421109865086984
1244117233984512001
1250913683116605441
1238833883598258181
1252343350742577155
1247351254826835968
1254053948006293506
1235922288299651073
1239749540074393600
1241457720403693568
1263259247128842241
1238988405775581184
1240078858675773442
1251671791036059648
1247695329283186689
1239978270491377664
1237528222381662209
1243703458747817986
1262749691147546627
1270422437138751490
1255865931491926017
1241518003533025284
1241138019240992768
1260147259741741056
1258836660357382145
1236829179695505408
1260586092438237184
1253879643813359617
1237510283582562304
1240091815241486338
1249280805349871616
1259159749641359364
1241017031882870784
1241678260746031104
1248952245296734210
1235333908801245185
1244197509225906177
1239360378489966593
1248070982742478848
1240976275789004800
1259921138546872321
1242243505222713344
1251497787029630977
1243343470376488960
1258226777132064770
1262885486642823174
1242843750222696453
1245732969203093506
1265457838115127297
1240821857864974336
1239363203727048705
1264206069934575616
1248600079210098688
1256634131087265792
1257701317419642882
1269351049212682243
1263305158957699074
1247852793316151296
1247139295774867461
1258374395195805696
1264863733437825030
1245149059595329537
1256611649739505664
1259510607533027335
1247319273703235585
1240074533492621312
1266189666652471296
1237530912876720128
1257325907087208448
1253013551196880896
1243673785095598085
1267077340619776000
1253453107545223168
1238526588687450112
1261005222136217601
1250021070456999936
1252591019645906945
1243545961768652804
1259913874133913600
1255522563121389568
1268955953187209216
1238430269104930817
1252754498159706112
1238291985489936384
1248043700002762753
1250982117565136896
1237818277663051776
1238286607700103171
1243765891994718208
1242273568387403777
1252803251738742784
1238085434594529281
1246943111030472706
1257904688160280581
1262086670951858180
1249435824401330176
1255227176670150667
1241905551740715008
1236446295050424320
1255176700318699525
1240790316401262594
1263093802983718913
1257855722043387907
1239361644460937222
1239201641557037057
1240412578758774787
1260273395813560320
1257081540057710594
1244410386499211265
1240837134967123969
1247565045724319746
1254790496452411395
1253016625000914951
1245857518309371904
1247613288965439488
1238613530422792192
1239067974302085120
1238672493663211520
1245689628474163202
1239942684527276037
1240076596607737856
1259213040907673600
1263126453291540484
1243261224126734337
1248447237757251585
1238613422205370368
1237873232302051333
1248691804825944064
1240465727166926848
1237109472725733378
1242870611124330496
1250981982315692032
1244090396960940032
1246195119650492422
1249789452324605952
1235960662268002306
1255298443720953868
1238535251766493186
1258537500907171841
1242223174600871938
1258215247049101313
1245567262486155266
1241041538702086145
1247710881561141250
1261107806943444992
1238562737640345601
1240074339875278849
1239318673459945473
1241858900074409986
1236688608943366144
1242634976379764736
1263985500488114181
1242215465281298433
1241352932232253441
1237118803147882508
1259445443047624704
1238495590880874496
1248998651084537856
1238157136238202882
1255261532860100608
1240830346951786499
1245091970436956162
1253370297811689473
1245466090081325058
1240718547258503170
1264209314954215424
1238619412091076608
1236727596097961984
1241082358243176448
1262088989076529161
1247999851150946305
1238077600544759808
1253498329561997314
1239641168285073408
1265123262557806592
1257873224702058496
1256057046346149889
1253295018699358214
1259162467508326402
1263483673262854145
1238130302012268545
1247873522720018433
1258165786008530944
1256076790826762240
1251669305432969217
1266203745710419975
1248361045854507008
1248612816254197760
1261416682586693633
1252301391034560512
1252634224408100864
1236156100644306944
1240704005262544896
1235961823557541889
1246170220177260546
1258251242243067905
1240677288158670854
1242649890066497538
1239026200162512896
1253098816674422790
1238223014560497666
1257462928653123584
1260362811538124800
1241453915406729216
1264858102253473792
1240181116499263488
1251204344193732611
1251139791162400768
1248970795436703746
1247740129084616709
1258536368067633153
1250153760384528394
1251911013693341696
1243676255330992128
1250591509801365505
1259875692621303809
1252590345583542273
1256365755874054145
1263064558601736193
1252591332683583489
1252973877388509184
1238923194020630529
1247706658870042624
1235724990827376641
1243714799973924864
1263242169592184834
1238281531963162626
1238282950741045249
1254813761929711619
1246052909818826752
1237874068897947649
1245405422921691142
1236083053140811776
1235055066840739840
1253773038136569864
1238568000523026433
1250453139200847875
1259840860054790144
1266770130102599680
1251200434502610946
1240388724007075843
1259872189341478913
1244722985254236160
1247493149485867010
1240082117087891456
1253456993182011395
1250824633147887619
1260512704424542208
1245763100219002880
1260523245901660160
1239697691053080582
1251951032164376576
1252417732940664835
1240676104588967936
1259308486527254533
1239023500830138369
1242843650050207744
1255901364368048128
1249533029074317313
1247543733060399104
1237329471360897024
1240812037971816448
1237324002995167232
1247201344949116945
1246429736164868098
1250493882141487104
1251940532252786692
1244266580353011712
1236790914594549763
1238234021894721539
1248788457247444993
1258935385897553920
1240495474185883649
1243862443337625600
1258437959218536448
1256268864574361601
1242236127756632064
1253459059908345856
1239363784097050625
1244493369331593224
1262688273857744898
1238183993582989312
1243261679154192397
1240817156683714561
1247687224180781058
1250501932105506816
1241223646061957122
1238888312544387077
1242170796862210057
1252014836252368897
1242755549059563521
1243892709317906435
1251199021416419330
1240790996331331584
1248008258763116544
1239020512971497472
1270008590221352960
1236694195684982786
1240471884657053696
1239242915425239041
1254822786800979968
1253828101253054465
1250365813963587584
1260536385192316928
1255455668552839168
1252661562613084160
1255268905578364930
1263259143764357121
1240071071535116289
1239235097636847616
1245258508842524673
1246628261863587842
1250982162129727488
1243371591662284800
1248200504800411649
1249136312164196355
1240445497594089472
1259824171216863232
1264563345400659968
1244410671950856193
1242889915169415171
1260232337691938816
1237496325945659392
1251883120766353408
1241496111875063809
1245794556789964800
1251190554890821636
1267863833353297933
1246269622761984000
1239251271082815495
1239022661654757381
1243893703292452864
1258225783891320832
1258540334943854593
1248357997967028224
1250248969839677440
1240345782986985474
1242063543576469505
1247206345213960194
1254796613572276225
1235053194880770055
1250632329414000640
1239717233045184515
1247688665012359168
1245006137457606668
1235962653492875265
1243261215738118148
1239025788957097985
1238097920248987649
1247741782596571141
1238273710299271169
1237137589586538498
1243404955131604996
1262834762189848580
1237916048705425413
1259613080415285248
1246945820643143681
1259907368139317254
1250492652895830023
1240829125939605504
1252974224181952512
1260907152333553664
1253389526933921792
1237922854919946240
1259808269993943045
1255448866222153729
1246971450365489153
1252428346824069125
1247589803216056322
1245533268847427585
1243452120734617600
1237505803633995776
1240365773828300802
1253096986166738944
1248663046014238721
1247695785074003970
1243297145878429696
1240845770900692993
1258592548182011907
1247496914842669056
1245754228641009665
1244984931450789888
1263190197082247169
1251203312973725698
1239677121343127553
1241566745309007872
1247347306376069120
1244825271078924295
1250982058056433664
1238619605842759680
1236144761620357120
1270013847148138496
1260928772422787075
1266979620643094528
1265106220320542721
1247716684657557505
1253086002530455552
1259186192941277186
1236341362833981443
1248805050337681409
1249444454236409860
1236439818852327424
1258856108548030470
1237932386517528577
1234997964063436801
1247312890455044097
1244710052688285697
1259494399135842306
1265879714310377483
1247135480891703296
1237358529918521349
1238629275374366723
1240416435618426883
1246236420257320962
1256647928896204803
1250980824759050240
1240348736540246023
1241670106750562304
1240077008534679555
1237822813257584640
1254409004912193538
1253529607082475520
1248285234640097280
1263224918038069248
1260762596086624257
1241427795483545602
1247358261243908096
1247719166183976963
1244387415781003264
1242603162550370305
1255183019935019010
1253372353620463617
1243298792369242112
1258857915663953920
1244707649020723200
1252540570041487361
1255554317467205632
1241976034985156608
1246918839276888065
1248027731738140672
1242894967091101696
1254053713167241217
1246618344394051584
1254765430478188545
1254858950974951426
1246623020581560323
1257100805297049609
1243924107479130117
1254902054084136960
1250055271709315079
1239290698387652608
1245823619470692352
1251406147225112576
1239588673915682816
1253778883943383042
1254896012621119496
1262164774705479680
1247209023386066951
1251405345244753925
1250945987490840576
1243568317627015168
1244409115855802374
1253786342875631617
1250471778566242315
1264254832690565120
1261373517960024065
1242291167418515457
1235543789420163072
1245057834951286787
1259491517015744512
1250879157829013504
1250466043212038160
1236080046584008705
1250417600342851591
1248593299381915651
1241567806275162112
1247533708615118852
1266458928553943040
1243557376021745664
1241427360773214208
1254976409258393603
1237490459049627649
1240274974050484224
1237867044785143810
1249034258225803264
1258506541218410496
1252367751819059200
1262778577227038721
1239046150826659841
1250981815109799949
1245309753737334786
1236143524220936192
1242058754180493313
1245055965583548417
1243561043537920001
1269382098412081154
1238885687564406784
1247963160021262338
1238632658399264768
1239322057701294085
1254040609301594113
1239220402108366853
1243971954673094657
1249010338365726722
1237162811081572352
1253647827189796864
1253115212183543809
1235765520542117889
1257155501554577408
1242272558965284864
1240082545817145351
1259185841076871175
1248592813035532290
1254904958677368834
1244490912333467648
1254790713780260865
1237865993608650752
1254527926151897091
1241059921384345605
1237189480626499584
1243226610821726216
1265944602453905415
1240404638454763527
1251922624730607617
1259683650628661248
1250159901516718091
1237381230783614977
1249783838861131779
1243677339092807680
1264046088211836928
1235777255974023172
1259463148769349632
1255215170017787905
1235038886960590848
1257156489485201409
1243850595703967744
1253283437600964608
1240704891028254720
1251671950855815169
1238160247988072449
1245204884535861249
1240650713669292033
1243635477057593347
1244385338652528641
1242871215607492608
1248699932585975808
1256646918618386433
1247721824500232192
1262838522924466181
1237940671891361793
1243534946893004800
1237935896428793858
1239025165004144640
1238572062031126528
1240442968093405184
1242296246188019712
1251299083341434880
1243955060649803776
1243296437414367238
1269095113638187008
1255488169526599680
1255215348795785219
1259827000174313472
1248022798028566528
1239176050170626050
1257628516448952321
1236432808618479616
1255908369807937536
1254859325090258944
1245855252718342145
1261234295554875392
1244398223323811841
1256427047725006850
1254295141847912448
1255885586440663042
1240846671250182145
1245413548299255810
1243964260193054720
1239967183326732293
1241078796331233281
1265582360323600384
1237909795434369030
1253393097708449792
1253377089832706048
1238192206256766976
1260969627762544641
1246042258136338437
1267559266203787265
1239564543547920386
1241180399927255042
1244443971151106048
1239044967940661248
1238976288066605056
1239419895751811072
1253784309812658176
1243012064777568268
1246975758712688645
1241849545908158465
1241581153062133761
1263045070535696384
1263620743402860545
1238841432217182210
1253863815344783360
1239017040699985922
1255285747919335425
1245481798680928269
1255941722149920768
1236684358955696130
1248663824103809026
1243193858386735109
1252193753990914053
1259823161488670725
1239894182921228288
1244510025076391936
1263769268442869760
1246596248708227073
1237161294328934401
1241089608269443072
1251026763720855552
1243534523343699970
1241161768870780930
1238853755036106753
1235543410662150144
1243670173317574656
1258508441603072000
1243723455301910528
1242895589848817665
1246250301566455808
1258597270666326017
1243973026212790275
1245297567316885505
1262955563387949056
1244357550482558976
1259837780684832770
1265584005619101697
1264726960510386177
1249141679786987520
1250846585824727040
1252840883642220549
1243609468539146247
1239818599990267904
1238481574053711872
1253082089563525124
1239320104225079301
1241962525475962880
1258509614607294465
1243350332526276609
1238046857357676550
1247721229299200001
1242697758575861760
1243758946348945411
1253081142288318464
1251530594451730432
1252281157628067852
1254265227622973440
1250864132498378754
1244479843569487872
1238544531064266753
1242174650882326531
1247581240867401728
1256039205513375745
1250500232003104768
1240694740611256320
1250502337665400832
1266457313243738122
1242910495838961675
1238065151154282497
1247101502319210496
1239980182385106946
1252299772989448193
1243019275096543234
1257105440393003010
1256584451376775168
1238483528549089281
1252435148064227329
1256342722182602752
1256046933241626624
1238212116143919104
1250502708886413313
1243845267054526465
1240482757467348992
1244595528559706112
1237916819869945856
1245335779712393222
1264726907679125506
1254244148577779723
1236302951351795712
1262332976018358273
1245293415018921984
1238861418780336134
1254426210312040448
1241167827190583299
1245552915105878017
1250414578313433088
1250885568499781633
1237887651748802561
1255214376564465665
1255145527483629570
1236306722211463169
1242992975656951809
1255589526107455488
1254885463493693446
1241845490976776199
1240105982296014850
1238540446751571968
1258429981836873731
1245404826218921994
1239940030195515395
1238243954388275201
1245677877183557637
1252710862994968588
1243994144873295873
1250221507646758914
1264313299941851136
1254819080202313730
1246465536399155200
1252989800690397187
1243119237658488833
1236329403489095691
1238855561212551170
1243680360229199872
1243990255990169603
1238542081477443584
1239990809795137545
1245926464437944320
1235615196112203782
1259783112294305792
1242998995494080512
1238540005863284739
1242992791170375680
1250502451435839490
1247890115982057479
1251181151026380801
1249880861597630465
1259786581193490432
1256041400468209665
1238481373452787712
1255945821872406529
1243322041509519361
1239966027389132800
1263623329438502912
1243608811404959752
1255199745620017153
1243017697954344960
1243670000860188672
1258718348814233600
1243181007538466817
1238630197005615105
1256060645457477633
1247307753867153416
1257741520662228992
1262359778619088897
1248264296775196673
1263797963022884864
1241375434371022848
1239043151735767041
1249184768639582210
1263539554419646464
1252788481744658433
1246970839699947520
1245172024550572034
1259698441850142720
1237011053856329728
1257713622907858944
1240306192817311744
1241089480838316032
1254514526743072772
1258365480785625088
1255141237109088257
1260448299103985671
1245819982803546113
1252585718750285824
1237205910411411462
1255647090480500736
1256248571990618113
1240641829252616192
1254815805113589762
1258466112188174338
1263894190376865795
1254516299016912903
1239964498468802564
1244030833603891200
1266888052238147584
1257713004399013889
1256408511124209666
1250507237036040194
1252777803575164935
1248568490749018117
1247237146353848320
1237547901795979266
1241815203156803587
1256733205656297472
1247235841853882368
1258722836845400070
1246212916254310401
1248234434836529152
1237855963589177344
1237775932141772800
1239311726799093762
1252699255078301701
1246612287600898049
1238094986530426881
1265359841842823175
1237006076005974021
1240695495850258432
1239425258039455745
1237546936686632961
1242163368364032006
1256231746250686471
1256730528751013888
1256263957796589568
1237940888325758979
1247239275986501633
1262539904002797569
1252782915731193856
1238105415847723009
1243253136388698114
1247572308539170816
1247309712451829763
1252313090609340416
1238546930579443718
1242260999601872896
1241076535857217537
1236859789248008192
1237558364738957313
1239374243730722816
1261077849244602368
1249190784483635202
1243351080399966209
1250222486454775808
1256785971754029056
1261337578176778241
1239421153850077185
1266497490246938626
1241126443263954945
1242270150549622785
1237943357097357312
1246819395235713025
1236860975015395329
1236701741833318400
1267742896272420865
1239278067962597377
1234973294442364929
1237173369021366272
1238860047859548160
1243021094635872258
1267922348960866304
1244750805456035841
1243225367629967366
1239540594659164161
1240860749137936386
1257972929318486016
1238122975423053825
1236388592194392070
1237567362838089728
1239502658265808896
1245525729758019584
1244753063598006277
1244869565496123393
1240436040369922048
1247632650061348864
1237533603979915265
1240072196606824448
1247690129692594178
1255503846752899072
1262734738864984065
1239647359560286209
1239116763406761985
1240810735502086144
1242257892121640960
1245370468829294600
1251877726975397890
1244775992037695488
1267212211765862400
1253010748156018690
1237760168345186304
1251915066456387586
1249377212094124032
1238300921903316993
1238905506632216584
1243716003982454784
1246210925520195584
1263630233166585857
1238603268521177088
1242941991387910145
1245862550165532672
1237071386939666433
1242282218657103874
1241390752963481600
1246535638402437121
1241127904500756480
1248762899188846593
1240040126899765248
1247564278200242178
1235638039772196865
1254965290758295555
1239233353569595392
1240070335518646273
1240610473579556864
1248412560660951042
1248996397422125057
1265358423673143297
1254156109419556865
1258197016200478721
1242892584747499522
1254236482887393281
1236489037923450881
1249065553861451780
1241033728010473473
1247981011914424323
1248992327705726976
1250999879050002432
1244421736508133377
1256903355990867968
1247607701099732992
1237833232470728710
1241154481955323905
1262129329686958084
1238586151197380611
1245175562223652864
1268751218874241024
1258417930037059585
1250769858167521287
1255234153441878017
1251000965626388481
1246997816918106112
1247968383028678657
1256212757864574977
1240772428365692928
1252313796808409090
1238602237406044160
1254823277429735426
1260174642305736705
1239647103565037571
1239579392185192455
1236701442154434561
1254823452403535874
1260031316059279364
1267147369889619971
1267974254743687168
1256211520972894210
1262402364230848513
1240813267586596865
1253003102992478208
1255654293249699841
1265720255172816899
1265695597518106624
1247730525210644482
1240468063880806400
1249382051163385856
1245130110006681600
1264265974645248003
1239775731602817026
1245270330370863105
1240414061231091718
1254575351226871808
1247326801757601793
1248746932064878592
1266175363450896385
1241577219270443008
1240411207477219328
1254763234063679488
1245414685106745344
1247218920202932224
1249697638418702337
1248372452176072704
1236465989941972992
1241186275874439170
1247901200269242368
1250154533029896193
1259131703320330244
1256337865333600257
1254823087633313794
1244484460667494400
1247709389370384387
1239344910572179460
1262058515042119680
1257169893914480641
1254253196463177733
1246269881756135430
1254822679229747206
1263608556953178112
1249011888484163586
1238979892051656710
1257715703131537414
1254823331993444352
1250854009344229388
1238803431701307393
1253102990392619008
1253743121206312963
1243590371420057601
1253109649554976769
1264208768205815809
1238703492681863169
1246101754195804161
1237033796119166976
1256290043058061317
1262795696173985792
1244778953648324612
1237160373003976705
1241053652137230341
1263810059622133760
1247887867939938305
1238544896081854464
1238175540810522625
1239715431209930754
1251908093035851776
1269981330814746624
1239006257199144961
1240278610646368260
1259229271891087360
1239699902843760640
1237907507160506370
1245878198308569090
1242169454504456194
1249435347311722496
1243922097564418049
1258397466556338177
1235603539877076992
1249977122115842049
1254823502156369921
1249011583407267842
1261017276540686336
1253704434900709377
1247327983410569219
1257354328018432001
1252708368747282432
1256340959333199873
1244356565949452288
1260939056453730306
1260952566730575879
1261025255721775104
1246373226730729472
1247340462769344512
1253503809214693391
1244733679978655744
1258594044642549764
1254822922344161283
1238840740555472896
1238148643095445506
1249346602659205126
1246635173132861441
