1246422891324936193
1237890819647868931
1256197215699247106
1241010206877728768
1267329026281992193
1240032725492326400
1243197893088927747
1253078008908242945
1244025745988390914
1264280270867398658
1254967278078058497
1254511374123905025
1241981092795543558
1245110914438873094
1239744476022636544
1238268568057217025
1260344305568354305
1256948461842214917
1257808163648102401
1243336106478669825
1236392826801246208
1242662067556904963
1241881523961430017
1261790912893661185
1246157374701727745
1244322653743144960
1243985830625992710
1246794072360009729
1247283158162083840
1255228748678430721
1266165378025021440
1246820453051596800
1241536367072546816
1251473195045203973
1261786687807635458
1238713614581690369
1238213646347415552
1246937294671675400
1235019761391513600
1246648670306611200
1255596690016354304
1237180937244295168
1266213128112668678
1235908774528978944
1266040436151316480
1240748692518273024
1267543744288452608
1252320581518680064
1260388132895076352
1240868309899202560
1242989337656078338
1259910780343824389
1238639710567690240
1237775306066460672
1245442168623222786
1238974597770420227
1256990505440645120
1262082662342127618
1253010004514242560
1254250469209169922
1243381245062664197
1259271303430672387
1250582721987936257
1246104093988249601
1238973392520278016
1244641313208676353
1265318381206429697
1235789040261136384
1238986805502005249
1238216969179901954
1244670208419090437
1242985866349260800
1258407554926837760
1257520356555755521
1263887471865032704
1260616767472164865
1236488709635096577
1244013032461807617
1249885221912055810
1262489802722574337
1246242509434519552
1255930479221436417
1263635639939076096
1238938535819870208
1250107971062747136
1242974693113675776
1259239050491367425
1239741532044845057
1239742164176736256
1255979206875451399
1239323735888257026
1241896515725033472
1262460554154778625
1259498355022946304
1249585333450260481
1237511094748364801
1255315985369911297
1236292759188717569
1250961871319908354
1244540304734031874
1238508489938325511
1256185360704516096
1248697556734898176
1246149336838238210
1237931952327409664
1249369480741842944
1256299884480618502
1245851418893914113
1253076246449143809
1245783132097228800
1250817180683264000
1249846220555608064
1253552836316545025
1236052195042263042
1242595762489483266
1237586496783175686
1246878358383837185
1260933674796605442
1243366814060445696
1246502686272282625
1238683551555444736
1268626195966504962
1235744979055546368
1237213483982356481
1253270476303953920
1235269164425605120
1246933101864980481
1239585615580033024
1246916934073044992
1249956278161436672
1240398379911348224
1243337309358968832
1257460929446522880
1241874971296542720
1247682471522521088
1242526933805445121
1245885008692359169
1239004172751499264
1237768527643172864
1246507726768766976
1241395488009535490
1240127084367884289
1241199455258308608
1238654774091763713
1267998333966188544
1257768868270886912
1244320503721934848
1241838057218699264
1250805766862196736
1261840879565672449
1262785600773480449
1242683291754352640
1257830756241379329
1254433795761029120
1245382770429313025
1237954478910763008
1239604174297239553
1241011537264832512
1243654318839877632
1245089936283295744
1239412463554244609
1255984254183288832
1238500352531615745
1248865068218863617
1242649672801325056
1239316325534543872
1244647893635489792
1252240069999702016
1238238168119312386
1247802471096840192
1266023509311975425
1246177771891589120
1256313127521542144
1254446024053141504
1241110229779021825
1257248054249283585
1250233905963130880
1236663096954912773
1237253765301854211
1241106371531034624
1240824804229275649
1241477209660903424
1262221345343094784
1238513413178834944
1259261535802634240
1238218846768631816
1237486988946628608
1260313234596233216
1242556990758535175
1249044633931243530
1267139918175678464
1237853543899357191
1245873339609960449
1237832926638886912
1239740176798113793
1237610458309222402
1265294662123892743
1254451945240215554
1254520642868785154
1242805821437771776
1254522149320228865
1236367661614821381
1249840823073570817
1265132915916144641
1249729983603290114
1251576476165533696
1239777576698048512
1265334026258149376
1253410569815650304
1248796024329535488
1252386823294185472
1243735727298379776
1247282780423114752
1252606758008221697
1262812419174264832
1262588089895010304
1241401355211698176
1257832205536997383
1251592656028749824
1247225891035308033
1253096975609847811
1246795931812421634
1244635130137694211
1252949246766129153
1242163027874435074
1241006309773676544
1238508517876625408
1246148128429891584
1251717204501987328
1261152071740350464
1265065584112238592
1256405230121635842
1244223878076829696
1240201617980493825
1254176178346188800
1266214551730569217
1246853098598957056
1254547703582855168
1250092896688070656
1236048181592567814
1242502490655870976
1258284636863520768
1243328207547502594
1245133790353092608
1244363331562921984
1250447842872889344
1245590263025696769
1243280208859295744
1265055921622913033
1245117354557632512
1261791631860252672
1237087189944561664
1243737813884874753
1254868290436038657
1246093419140640774
1258948354093924353
1239749122845847552
1237771371549057025
1247369620551393281
1238104598856052737
1259864054182539265
1236490795370209280
1237894443836952576
1244829844417871877
1235933868613439488
1244830467326480385
1256348903819132929
1258498062416142336
1260313731910623232
1247631630727929856
1258268683203342336
1257769315572625409
1237889396499611648
1250308348190195712
1242659717736017920
1262387318775783430
1240887281180950528
1240797757088174081
1252264189067816962
1257527595261849600
1242441890055651331
1243739840077647874
1243625595277377536
1250426542296944641
1256977601442148352
1239650932956090368
1260262684974632961
1237429875541078016
1252329497459937282
1247627499485323264
1241240099003813888
1252602505688764416
1251041407923392512
1241941449223966721
1244880794348183553
1240333761914388480
1245951537450381313
1253817403441508352
1236675350714671104
1244116466237968384
1248427101243330565
1237067596538826753
1237400603791261704
1235383555993133056
1241110987048022016
1237076119339352064
1245977113292705792
1263277652124725249
1254566595118194690
1238584029722501120
1253416625224613897
1237832041544245249
1262154435964407814
1259890508220022786
1246940982509047808
1241882967481475075
1251208295118811138
1241017286732828672
1251209387135426560
1248343206284029952
1248192115844120578
1255242632021803010
1260578004239110145
1252025188847251456
1248282258911289344
1241896095388557312
1247036112624734208
1238507672187498496
1246474735493320704
1255558235483811840
1249888487949524992
1267312145462628352
1249688684711960583
1238673071625699329
1262935804864692224
1240466227786440704
1240511254822699008
1249823130719105025
1249419974348656640
1247671210713862145
1248571211526762496
1253019498979799040
1249504517751631872
1241195936610648064
1243702282417352705
1253070902306234369
1256385198398283776
1246161721615454208
1267273990671724545
1259239942938456064
1263237604385816576
1237897269698916353
1250201301549346816
1249359143372193796
1242572377097031685
1258533303633588224
1256714733111013376
1242223144884043776
1265006632804552705
1236126368003285000
1237211264910123008
1238259416090267650
1259433494754652162
1251912575144648709
1244642163461259264
1245782343735885824
1240396621747232782
1245819249207078913
1257480472566865920
1239192286803546118
1237115805944315904
1258498475026640896
1246151365010710528
1252404703821889538
1248762189420339202
1244313824808878083
1263897962331004928
1260287885401567234
1248778532701925377
1252663534086787073
1248279623386841089
1241547695325458432
1253018616913514496
1243937566421684224
1238235362914373640
1235007110263402496
1246539732072329216
1241459677075922944
1242949041366814720
1240421678779269120
1255526378323226629
1240718173902475264
1240046711831064579
1260616453905977344
1245160708171390979
1243732561248923649
1250090606921039878
1257823302866870272
1263005945057153031
1246165815860264966
1250919492424658944
1252606806930731008
1246605891161346048
1247182222538338308
1241619951581982720
1237949350396878848
1236288650612076545
1241912371876106240
1244828073440108544
1254874652742021121
1235616278632714242
1239971894561927168
1239743859686608896
1242953027834658816
1240934865253482496
1239038418262220802
1237961609403944960
1239578782488350720
1257818508693405697
1253437817344217088
1266609103343779842
1244213890482712576
1242138121812062208
1255559297473196034
1237252192131637248
1242658893140037633
1241789429108203525
1253019557398106112
1260950804556439552
1256355213125926914
1238471724884082688
1244037660135620609
1245713104966574080
1260318676474982400
1256673314971324416
1239951687030157312
1249840631028928512
1253315054952308736
1265426082271883264
1267594948615913475
1245160640978665472
1245964984175087616
1245222775029186562
1257819090560774144
1251579100629594112
1244323519841755136
1240794757359517698
1248847864538648584
1238268248119902213
1245180925379350529
1242210817308872711
1239776255089594368
1245200055826436096
1258955662127697924
1259358958877396992
1244284008680189952
1239036125349662721
1237511819507335169
1247522870215000064
1254581023599452160
1260267223509327873
1237895175420010498
1256390336282128386
1270417825882968066
1264674017266589697
1262128678970036225
1256059080516333568
1248389357276254216
1255297673546084352
1247574017587810304
1239962007425527808
1250619471619747840
1242253486500216843
1255982731269255168
1241195635195490312
1252026656794963969
1259927818089058304
1242651984236331020
1243006054926913536
1257776604966772742
1253441083616505858
1268543723048222727
1252385925847379970
1248345515009310720
1244993423800586246
1240027871910875138
1253027497442066432
1237765506255351808
1264421569348042752
1265731409529810944
1243378261918388225
1239573976738705408
1247756978132148224
1241670633903149057
1245062277432102913
1246492040411729922
1240196736410251265
1270073201888866304
1245712849424408576
1252060578782179328
1247302419584667648
1244439062888550401
1238951856954466304
1265455522251071488
1244996156137984002
1246204418644574208
1253384386281639938
1265700698408341511
1262113311253868545
1256078992404361216
1240051241985519616
1240598112432865280
1263906374829740032
1237924026795900928
1267557342314295296
1240273372191182848
1243266562372452352
1242209339450023936
1240820645287677952
1244807854738948097
1238299617650860034
1242657839920840704
1242656459273293829
1253015692611371008
1257782551566929920
1240399772424507400
1237412735870283776
1246510872266072064
1242476389111984128
1256347214714003456
1237131722459758592
1260250118856380416
1239847316221095938
1246069875795062784
1238682901660733441
1242341043304927233
1244367728804106241
1247585646840934400
1259638696371843072
1252471554098647047
1263908567918055424
1269065866936606720
1235216588258701312
1253900487109140481
1242221890430578688
1236282550164701185
1235659355430645760
1264266153838272512
1255661827494535168
1237049320290930693
1246204466216366080
1270525817592913920
1238669718921175040
1241661812438790144
1260985060666281985
1240287801494523904
1237884883604627457
1242973870346338304
1253707712950489094
1246073828062580736
1242870037267894272
1260589141428822016
1238609551198318594
1258535421631315969
1245585610074550275
1242137598543437829
1240410349871853568
1248646808353398786
1260320373553287175
1257778650231050242
1245118198380298241
1237487486802087936
1257092304264978433
1257413033313226754
1250626889124888576
1252026417342066689
1250534100487700480
1242252578550943744
1263232371513425920
1238440238730448899
1242255068881027072
1259160699768418305
1238798138653044736
1254220279909253122
1239647687399612419
1254915133152714752
1256367162341507072
1250655896201461760
1242254287100506115
1236012692025954307
1235267996228046848
1258370751352225798
1249549390047371264
1246494061835563013
1245492021453881346
1262806345654210560
1237769023011479552
1234991306742517760
1237453833657290753
1254200603133317127
1267127596548075522
1250316639142174721
1245729830668095489
1240268792963289088
1245589176252125185
1253450066330697728
1241941922089807873
1240462636912791553
1253015145086935050
1237816710486544384
1242474463020662786
1240131415662092288
1252986980968787968
1261755267793817602
1236004033287999488
1237520164427452416
1252986161074585601
1253537500787732480
1239063639728029696
1265022045210898432
1258085547056214016
1246158471847788544
1249026620272197632
1240046868354064385
1245737552381759489
1252308842987151362
1242201233563086848
1254280745813598213
1248750773711716352
1255529481692995585
1264323342305091590
1246509110838923271
1245119583863750656
1245899129684766720
1245495806058061825
1245193843919605762
1246520272204660736
1263142580113428480
1254062391299457024
1245731504329617409
1248264858392354816
1258078234589216768
1253708325906079746
1255301341020389377
1251047198428499968
1243710230631870469
1240501610628780033
1245062272910675968
1247634313065058304
1249464073076363264
1241434306813161473
1262806634033639424
1242135719893594120
1239665881493487616
1246606324634435587
1256630450186903556
1237048765854265344
1263910493661523969
1242850218330161152
1242438695006785537
1266037242511802368
1247981266047287296
1240063179352231936
1253707233109540865
1249870527771979776
1248478158568841216
1250072274528542721
1261423345272152064
1237926277702508544
1258578359128219648
1240036062484934656
1240469876814176257
1241114805236187136
1241936346488307712
1258498225327276038
1237819587623661568
1245800273618051072
1238158923418308608
1237831737297661954
1238348685097848832
1240679673656479744
1248718453353021441
1240631141901586433
1262129551381016576
1243281279698604033
1242288011619872768
1240837520264499200
1242199501227479040
1253053390181015552
1254861572746252288
1255261855364386820
1257524749804220417
1243340386090848258
1245779017711497216
1245153681164480518
1247297390236676096
1238876811918036993
1238702088550400002
1266811547642294272
1251554499157569538
1247684331004293120
1258070615346475009
1242977205853904896
1242532727896690688
1264326373079830528
1256365453762605056
1246440487000686604
1237045738405691392
1242576051974397954
1238294124815507456
1241534631545114625
1247637420591505408
1253116750192762885
1260192951315169287
1242415642122354688
1241418175310262273
1248574912123396098
1239466055237431297
1267220348300189696
1255185323811696640
1240415731608481792
1236864250959638529
1245906598549217286
1242645567882190848
1251204690072735744
1237132148978495488
1252327565014052865
1250137007835074562
1239193537683394565
1253182928697167872
1243003911515987968
1242632819110633473
1244726033447661569
1252337777615630337
1262389969202577409
1242627076655587328
1248585000531841025
1248260171618381824
1242275737928941573
1255511386265919489
1244377709989502982
1242258984792399872
1239727288440086528
1240463334605901825
1248283564250001409
1251270408344498177
1235006390113992705
1245870742941523972
1253800383152975877
1258163327219294210
1252392397025112064
1241139111236337666
1255185144463323138
1250600250407968768
1247679018083717128
1261398229976879104
1252304071899312128
1242448119326846978
1246502772570304513
1241549380919808000
1251673138607226882
1252734096180047872
1255630417740337155
1250055340118265856
1247307935992045568
1239760378315173889
1242282700565700609
1260202573291589632
1244778324724830208
1254477217146404864
1240830258300866560
1246968919849463808
1241557589135065088
1241929378147139585
1256632587281240064
1249810315610476544
1252453891150540801
1247153672074809345
1262388267615432709
1242847114255716352
1247328049210638337
1239765133158748160
1239785198033633280
1243300345494810624
1249143209101529090
1239381161073192962
1266056257447714816
1243070627222880257
1243659301845110785
1251529426614906880
1253370961010626560
1253500601259790336
1246525881461309440
1237749447452291073
1246530804810838019
1240679427354193920
1253711898861854722
1237962194404249601
1244077211226763264
1237910994384343040
1248622503934578689
1258791839382921216
1257747288425811968
1238488265398710272
1242471304621633538
1266009900527673346
1236690418659512320
1241177623750774786
1236032945812471808
1242242611940691968
1243374186028044289
1240440590031941633
1246257447242584066
1242649444182634496
1252671472511979524
1253129481801199616
1257956264664944645
1239789984208560129
1246460090288398348
1263993608002134016
1248642789438402560
1255299808706867207
1256598032637820928
1245153022872891394
1242861040607490049
1241092448417284096
1245461799735943168
1261088434346528768
1251308128009891840
1256365647199494144
1244774389247127555
1245094814372081664
1242654987295100928
1250654133138239488
1239732332648484864
1245752890481709056
1258086320817094657
1250491886009114625
1250213330972622848
1237546928516169728
1239764361398403073
1247697700407013377
1240994268631580672
1253207211158855680
1244767511100325888
1238618369156415489
1241218637085593601
1251043889491800064
1256220553016377344
1237911614872944640
1265323484843917313
1265325287920807939
1239150688090959872
1243216314061053952
1261095456655867904
1245570143372972033
1255647115054743553
1238618608424513537
1241873982942396416
1257317933031677954
1242267370489401344
1238612830984667136
1262388095300841478
1240462608643133440
1241959985724129280
1252414829614100483
1237896907713703936
1268907681609207808
1241710089469231105
1246815039396483074
1243021875359318016
1245566680131985408
1243058215534772226
1261006964416364544
1247612923645739013
1238667476101038080
1236075403447382016
1244777136461770753
1239669581746188290
1238907154523811842
1242250283771551745
1238228078238683136
1265722621334700032
1238250843180277760
1252439049458995204
1246834611595825157
1245118843296477185
1262473872936513539
1248643007714185216
1258195123759804417
1243657913542926341
1246925745915441152
1240361419624689665
1236746454758129664
1261492567977463813
1256704867277643778
1255663066248654848
1237877225904410625
1253105902783094785
1256709100403998720
1249328433915707398
1239723220179148808
1245739067179851777
1255269166183055360
1252458702092693504
1251859639710302210
1238179042605465601
1249551821648982019
1242635046525136897
1251699749683691523
1253780131287453698
1241221806192619520
1241224559023362049
1245492826638450688
1234954075445137408
1252263617954582528
1237902075255615488
1243298598130814977
1242270703505887233
1242654727587987459
1265844087342510082
1242631076331188225
1240224832312098818
1237818934746853376
1254520464078188544
1242629337649516544
1242216074533154816
1244862007330795520
1259359768625311744
1256312428993773568
1239072030298796037
1240923594101641222
1255330702268268545
1241510328598507520
1248021485169438722
1258179431123660805
1241173562314063874
1243636944241750016
1239714590860050433
1238500880485216263
1240035911997329408
1255167176979345410
1238183213534593024
1244987373592567809
1247314792760500224
1270143852905590785
1238187263604994050
1255566541128478720
1247854841566658560
1270418173448171520
1240697554209083393
1246291891320000517
1268567133325148160
1248284408177549312
1242219818306035712
1236898543643668482
1248685775274872838
1261453718660108288
1239587016506920960
1242625958970036225
1263246037751234560
1238615607467102208
1268610147510677504
1244267381574295552
1242129285286158338
1249806834065539073
1244350653104680960
1239673998469771264
1247711355706146818
1257692961178976258
1246968316075200513
1242841258873237506
1267459283743944704
1247696019992621056
1252614667869933573
1242961662748983302
1254958451492446208
1252246969994616832
1240079353733496832
1246923698327543808
1250762479640117249
1262570581762940928
1255380949166182402
1252255940709097474
1246830452721278977
1259553699908554752
1240457456259461120
1237961827885039617
1254849173062483969
1242311600465252353
1253694086122356739
1238342035402190848
1249400023026216961
1244736540854480896
1258194775380983810
1267144302355820544
1266549394838450179
1235264927079616513
1256602877465956355
1238152506393251841
1266063002500870144
1246462526591811585
1245177782952275968
1249854306070573057
1253067816489517057
1248284837414227968
1252975854881210368
1260565900249296896
1253695340143759361
1237957316768444416
1258809627979812864
1259908666246852608
1239080136382832640
1237872837966233606
1246162516490588160
1238666197119291392
1238251057630846976
1239025547264442368
1241188964934926338
1248262464929595393
1239024531865387008
1252438037377646594
1262774335162380291
1266713673214488576
1259540848867336192
1238257346159280130
1241849739185815553
1252758935628427264
1244143746989486080
1253453878491668480
1241593047185408003
1253370210989424641
1253820465706983424
1255904104951345152
1238915230249275392
1242485252213420038
1241717319937605633
1260095834433224705
1238920126432329728
1237766994893484032
1249697592059011075
1251885698879086592
1237483510899675136
1239672325550694401
1237858508273364997
1239338693350981632
1252613197716049921
1247701871025930241
1240457267117355008
1252350182571667457
1254042767245733890
1256337746043351040
1248770746584723456
1236310715805270016
1259940929017753601
1251556434367483906
1250166977106194439
1246592074876514306
1237711725203345408
1251622141721587712
1246270127881867265
1236137029475295232
1254941365714087938
1238504709939322882
1245876361073324033
1243373770078932992
1242518226770092032
1250596921863032832
1256096387567169536
1251548777766203392
1243611387655421953
1254192178361819136
1255621186332942338
1245052725039005696
1240202942923194369
1248451638777577472
1251559699767455745
1260975017367494656
1243418868007055361
1240711861567475720
1252589296147509250
1243370736556879872
1240441456453550080
1241906734689640448
1252280239629037568
1238221633971580928
1239926154942767107
1237861076978393089
1236740709522083840
1238503507205840898
1247856234545348608
1253696524908781569
1238832029153652738
1259334072804888580
1254102995588939776
1247651690645315584
1259987182862733312
1245021374386593803
1248061633366294528
1248572610037739523
1247161232257429504
1245442460269948928
1261321494057095169
1247576330670977025
1247576554462314496
1237880748297732097
1258340720517103617
1254052833986404358
1251245953203335168
1238096448752766978
1240388728109125640
1247435185940869120
1252347546795573248
1245828082998677505
1248375778720354304
1238522586537037836
1247857119442817025
1239231070555353089
1252979464021012487
1253774227146018816
1240699846920568837
1238934052586971136
1243656589493452800
1249354285319585793
1241186298091708417
1244009624606371841
1256277060252729345
1265797892352159745
1252231552433520641
1255284515309850625
1262483175306964992
1250117973102276611
1248713302366212096
1257427012609814528
1253355659367759872
1243863743924232193
1259190658834640896
1248083899022028801
1251884049603235842
1247961790543249412
1255350103642198018
1244349840894517248
1235795663448731648
1246286389991231488
1260196263431213056
1250544856025362433
1269320039292792832
1238212586505560064
1235354587667656704
1249877091245531136
1260330870377873408
1261730978101329921
1238114891866742785
1253478122982305792
1249710048802000897
1240353832820850688
1243012153482686467
1254883062434787328
1239674006757715968
1248021789243887617
1249878252128067584
1244714502655864839
1260369482138021888
1245055987834208258
1251631890424979456
1245478603187339264
1264540957640241152
1238250477827096577
1235039435609305088
1252437870297485312
1245788626136395776
1239220293920423936
1247708033662119936
1243575729897406464
1255214955755909120
1237199798769311744
1238210171123335168
1259275703499005955
1239289942766829568
1245483301281787904
1263912974713884672
1235794535655104516
1243812854643322881
1238500676402987010
1253092364056268800
1246917590066302976
1241219465569656834
1244689408944508928
1260427246352941057
1240841998979891201
1235032793572208642
1260962360912642052
1248582413870985216
1262477952907751426
1250889419239940096
1244987603088068609
1242239915150028800
1253689251817902085
1257084015426691073
1247995057770283011
1260706243179495424
1244505009934368769
1250041748643962880
1247142369327267840
1237041626180022276
1239727592569094144
1244733570314207232
1261001236502863872
1243659706175868929
1255874377423323136
1249396653749989376
1256020697807065088
1243933619883655168
1243690046097477632
1257317018841214977
1244472479168352257
1247746709544812550
1253690436159369217
1248629403044573187
1264343959175716864
1244709125486817283
1244592491027992576
1252268225636646912
1261670485848281088
1251338946396565505
1254799955018960897
1265304616888963073
1262882608377204736
1239241803963887616
1253471857141067778
1248776609265356802
1240060835642273793
1238500624603340800
1244275893289095168
1255021820740132866
1247161955472662528
1256334069870129152
1253699147711971328
1242190103125962752
1253326441715912713
1239359372678942721
1238251485873528832
1238094361310576642
1236993966677123073
1240687425225015297
1265844771060211712
1268555811778973706
1246894609071931393
1255588631466569728
1243962241990275072
1240182540033355777
1239048659485917184
1262795406489956358
1259332654635384832
1239716922008031232
1263211121168666624
1268635766244212736
1245476639472926720
1261508065922146305
1253080015723520003
1253779785706242049
1244406873467453440
1247315955849420801
1240451742925389824
1256337401657479168
1268993531722391552
1238502542100680705
1238188702112727040
1239312697071513600
1240346546798866432
1240008255805349888
1261387300556038144
1240314413053140993
1245079639841619970
1247957225106059264
1246328271278444544
1248125792736837633
1259832946489507846
1243317196526411777
1253136276603039744
1237007060241285122
1243015294924124162
1238097099171827712
1250556298325712896
1238251323298119681
1258214126184214530
1250570590336901121
1259630149261295616
1247932431203631105
1236683818083459075
1245555294647668739
1241166963725893632
1237866710511697921
1238253765272223747
1263190603082412032
1264094020696805376
1253476044549443584
1246620672165466113
1241489517095178240
1266450995208491008
1243056528308858881
1241503713673371648
1238209292378898432
1241830614354915328
1253132338097041408
1238967581551161345
1244041996416630784
1239308159262457856
1239343357320523776
1261318718795235336
1243971038276280320
1259834423421267975
1245475867322503168
1245703951569186818
1243616455972622336
1250472775644409859
1238502375075143680
1247556054843621376
1257320906449276930
1243958797829197825
1238505989130711040
1254875212757086210
1261760661702361088
1241182631217094656
1244346489645584384
1266390210046124033
1253768346601807872
1262572079213355009
1239991187240615936
1253839139419586560
1247925561835417600
1240105286792171521
1240115919612854272
1238726312476332033
1260747765891477507
1241160606733881344
1259637939253899264
1260741114145001472
1239276541697122305
1239355254723866624
1239967619936964608
1263622170078523393
1260350529831448582
1237886270086340613
1241729249049862144
1261316183069831168
1247200823106404352
1254258606242816000
1248380370736693250
1246245795789017093
1237059538450186242
1250111698079322114
1236892560456421376
1263291895490510850
1237801795151441920
1247509951179894786
1247315115499597825
1266467808042459136
1239920720253079552
1240364624282652672
1250173238690242560
1246231606953562113
1252248442664923138
1254086698272579592
1252433328092770305
1238811864265641984
1237561727383822337
1240102836911910915
1256610464961683458
1253088489790271488
1240108850365313024
1257451721921626120
1254183076801900544
1244352650348355584
1237093922821849089
1245478050495475713
1260955729906634754
1256038669212934144
1257003350370869248
1245674047842570241
1263296232291590145
1242900681884717056
1240107773645459456
1238288488019005441
1260749457223639040
1242795519707136000
1247003528419110912
1245675059752001537
1251176770633469952
1256466527445905409
1242170417780932610
1235392006211244033
1245671341333704704
1260958674786193410
1235842865101565952
1239990931991851008
1237864814988292100
1257332917803630595
1240457953301254146
1265399223622594560
1241370002139181056
1240461667516977152
1240462425960468481
1237598831467876353
1255575846397415424
1251280575358316545
1238073117123067904
1245914459043840000
1237793763289776130
1267861401550241793
1248029567714881537
1248124226688647168
1237936139597680640
1265403962145910784
1240681688146923523
1237908843377508352
1252194284163530752
1237186292091240449
1260956928278216704
1243556263876644864
1235724796509302784
1242617094862184452
1263609375987384320
1240104997242601474
1251917688240128000
1262068787316056064
1249310824042237954
1251965019232669697
1250892646018498560
1243951300531847168
1247856434991312896
1260220858771148809
1252354598498529284
1263657336494870529
1237904634477301762
1237846715543109633
1250500926294687751
1254207614142910465
1241427782753607680
1253772276438196224
1238120083907440640
1240780521803636736
1247963605540040704
1253089302583492608
1246466372621578241
1250150175252905984
1249702083537727488
1241466701906132993
1240695624980291584
1245669800044527616
1239016752131878912
1243555552963080192
1244331379141169152
1264642175620403200
1249774707349561344
1264021011374071808
1245081580806098944
1242631940756262912
1245096714853175298
1243348023054200833
1251122660576133120
1238244444471689217
1252709176293208064
1238249801537511425
1256018558670299136
1238152125542068224
1243814890164219905
1252972120050524164
1259975167326871552
1251881210688630784
1243668887524110336
1254472027324534790
1260018621566185472
1250223098466623490
1265428945773555712
1238148602385465344
1243717761953460224
1260592912183648256
1238708597271531521
1244330764738744322
1249771647579504640
1261306819349065733
1237904916326141952
1245356495652315141
1262942321454309377
1253926027438379015
1246002212658130945
1253089327682162689
1257131015111184385
1253682762952867841
1241438328898981893
1250785754323640320
1244747107514241026
1243020007740669952
1239988294395392005
1244730156326912001
1245667968270209025
1244460600303988738
1248710475388465152
1243016647096430595
1244456503353851905
1246985065235484672
1263616760458117128
1262146402374877185
1241093836597792768
1240708922618433536
1237905147642040320
1238147463959048192
1254419651800395776
1238547752163799041
1241096497397104640
1244333477866029057
1238546728887803904
1237942238451077120
1251030404309684224
1249826752026697728
1244728782398705664
1249387213143420929
1253806146776793088
1253805743389605888
1237978514906689537
1244757189845110784
1253805512249884672
1243647648478851072
1257313247931142146
1244754239395512321
1244754160454709253
1257311583606149121
1237543443787681792
1245755185042841600
1256228477746937859
1238124106450698247
1237947179215368193
1256257436106649600
1249824595630108672
1238124721671032835
1238547138822336512
1248502681058127872
1238128221486346240
1261692145037082624
1261073769008730112
1238895816296632320
1254525794191196160
1248404381042532352
1239900789050507265
1239267898612318208
1242589777691439104
1246584638824419328
1248384347658309632
1236487669812617217
1237762070738636802
1253149633003438083
1250216698596057089
1235060031919247361
1262891570845507584
1241111478507204608
1248337540857430018
1238643718292299776
1253023376752300032
1267964536440553472
1251151107096670215
1252688219268714496
1251605955470438406
1245425409253986305
1246611680525791233
1245105573936238593
1237069037160431616
1237217835979427840
1245955309991899136
1247937541019324416
1256331829990141953
1245108584356036608
1246861102299766784
1246910717904728070
1267494475296800770
1241088029671878656
1256224898579562497
1240777045195419648
1254128310423924737
1242529079066152960
1238454646298923008
1263306367231823874
1242213054265413633
1240837239468257280
1238641960648237056
1238988637645049856
1251124455520133122
1249722785158619136
1255623601459351552
1240837427524063232
1253542898290679810
1238654895726587904
1249122535788220416
1242980903749439488
1246264029481500676
1243941128547622915
1246516312706134016
1235678041751179264
1249691407779942400
1244665837023158272
1239437515410604033
1244662746446086146
1239393096829292544
1244764562957537280
1240096907113852928
1253139899395391488
1239659112847282181
1238641358459437056
1245416211334041600
1258744529919905794
1254198134537768960
1262420619590684672
1244293270613590016
1238660382111100929
1238641663834091520
1246212895295365133
1247632096425721856
1239267087719100416
1252733257520607233
1238058901951541248
1246207602347794432
1241048932425187330
1238988222723571715
1265377364856496128
1239657268133560320
1238913692395130880
1240976857790476288
1244828068767621121
1237515832407625730
1258865157708460033
1235698085675728896
1253543665617666049
1264244910972174336
1245068153643655169
1238335082286338051
1249035709236883456
1238895422061473792
1236488203340636162
1240742183721787397
1239957742393024513
1258549875064504320
1254972593087475717
1259502797369704451
1266951793524776963
1237959480169693184
1240289192699019265
1235714630283976705
1247662232885850114
1254972458571984896
1246148369128419328
1244997171495047169
1240097951436816384
1240096758245572609
1253030813865664512
1245066888440197121
1249735582013460480
1257467145962676226
1246488005956841472
1250309763348353024
1257818172893179904
1253046607483768833
1246141204997210122
1249747220674445317
1237076708588539904
1237074837144612864
1261740350428909571
1245120071183130624
1242981429467688960
1253513228191059973
1256369991256924161
1253347324719501319
1238266937177567232
1238656907117621248
1250652392564994051
1245585541996802049
1248655849699938310
1246244985675993088
1258745588637667328
1243282140135067648
1242961130219139072
1251931756690735104
1264742578278354944
1250525200132632576
1258552303667167233
1255654472555982848
1243911905711804416
1238702598213054469
1239782389733134336
1260587492408872960
1258744682059837440
1237950403825651712
1236334620037140480
1244998971262562304
1247600369271590912
1244819597410385921
1253046050664804357
1241429606315503618
1246074707553599495
1237890847699382274
1261823872573325317
1260573475346972673
1251940737052114944
1242081759698673665
1247253698985603072
1241172369672036352
1252274639914450945
1240381673541210112
1240434019017191424
1245179862429532160
1244281054661234699
1244661403710980096
1236463919536857088
1245065366323122177
1258171087906463745
1253498742520508418
1238906335162273792
1243216523700744194
1240411424544837632
1248774257372364800
1252964612535758848
1241179178784833536
1236694624145735680
1241338320304521217
1246575766260891649
1258586410421907456
1253881480960331776
1242247801242898434
1240976606329368576
1239946582297960453
1240285742128984065
1238602820347023360
1238114414013923328
1237125846365691904
1254072871921442817
1253467701026197505
1236524125016821760
1253791086754979840
1240616442162294785
1240845005482311681
1248077905642450944
1245389559652929536
1253127879367385088
1238487773902000128
1244759089197936640
1238473286465384448
1260367284972818432
1263246710035247104
1261741695122706434
1256707326892896256
1247214905045868546
1254092002502807553
1253565893633691648
1249819037036470272
1247215347905650688
1244727859345797122
1256772850607742976
1241525437446025216
1264703666730090498
1235495526402904064
1236525525692116992
1244760836394147840
1237861263813705730
1236690031902785536
1238920530943594497
1242282578574372870
1237793271625273347
1263269999583490048
1248003990941503489
1235777019172073472
1252258581388374017
1250653222470995968
1244397510497464320
1251350276188958720
1247696537334870018
1247727349484773376
1235794566667616258
1263319056561565696
1238175088014290944
1238563962846728192
1237879986066829314
1238333120929243137
1256599962529312769
1240449433877106688
1253838052172144645
1238295479709880320
1246772650136879105
1248082205361836034
1236441858374422528
1248044969174040576
1239945117248577537
1235724793472626689
1247693280873025536
1256716994889412608
1245461585092431872
1237894241646346243
1239704852436901889
1258745159480741890
1238473105640542208
1258927555727380480
1265690623941718016
1253839196650795010
1261207264460967936
1260779514574979072
1239930198411231232
1247017958368403456
1238257359098707968
1254788287694139393
1236467310325448704
1240342317904678913
1238484455951499265
1250211209464274945
1238481175099797505
1244307457960071168
1253175436571316229
1238221520364654592
1246015642630672385
1235795497161355271
1240365672447627264
1247482009384964096
1236296420140789760
1254845265002954752
1237919089844056064
1245912984573980672
1265301447178149890
1235760250587942912
1253722987867455489
1246871366097231873
1253491015815557121
1237800969846558721
1262212669680934912
1252788793054240769
1254470963988623360
1247901233727197188
1247875171739824128
1256713320628809728
1248737105301262337
1239223797305098246
1244714245863780354
1245946437063430145
1243954591151996934
1253458591295500290
1243684990904225793
1264303487971663872
1253726895587250176
1239270233895915520
1253784759202795521
1250097667813900294
1240107434397413376
1240444485042966528
1244008919980224513
1242602813147865089
1265690381485826049
1235761583600488448
1256275198673711105
1238574458253840386
1243967325075681280
1235547124315586562
1268065276836315136
1251646110336253960
1236479954612662272
1252000060876849152
1238480738275569664
1248653207951126528
1239023066740490240
1244139834442219521
1254085007959703552
1254473408605110272
1247902606006997003
1244144074157772804
1238120059681173505
1238097916922744832
1239637528371552257
1251957320713531392
1245172119383625728
1247293360701730818
1251919023219990528
1237933785586364416
1265798944870694912
1257013818980306944
1238672277350174721
1241038366730153984
1245020495751180288
1244441668268376065
1245169052256882689
1240844950885015552
1257103135241273347
1245557154087501824
1259546450523852800
1252865734402650114
1266153849305399298
1240490378115141633
1241381347702312960
1247987122302152704
1245395603925811200
1238990550721630208
1262748297015357440
1254034205505277952
1238490550493278209
1239130398002745345
1247151345007616007
1257177117910958081
1239067534944391168
1261513519075336198
1245145250034745345
1253493530724634624
1247163574125920258
1244397335368445954
1253132648538533889
1241854362210553857
1244300101524299778
1250527523525419008
1253769162087739392
1239130399634337792
1238115731662725120
1245913473113980928
1247351499962888194
1238291301247758336
1250932597334478848
1254035835722186756
1238119098883567618
1239984993171935232
1240312241519542273
1247210756250058752
1239358246709792768
1243968316344958977
1245678906318794752
1243955183937183744
1240481872188067842
1239984425665875968
1243209435775823872
1246637323191595008
1238248455845396481
1251274905120727041
1259481813971398656
1238980343383949312
1239968325519564811
1237972429944827905
1255417694960132100
1246081990647898112
1245682272423968771
1237908122611548160
1245757513984659456
1237945995171778561
1242142358046568450
