1241154472065236992
1239368054246723591
1249855944281993216
1260204735803654145
1237698360364208129
1245415862154166278
1248462253159927808
1246258350490345473
1240942262676262913
1245132919829602316
1243707209080594433
1253714350101139456
1258793412792377345
1265813984265019392
1246182878314147841
1250657899287924736
1253715343064944641
1248338313888575488
1252944147650170880
1252665526335295488
1239778356809383937
1236378884024799232
1248596886623322113
1245741562614681600
1239267561755365376
1253891889172033537
1242571452047597568
1252322167309697025
1247378435984556033
1243872357468561410
1246071435656933381
1245426825842606083
1257931203442806784
1248641752573128705
1251894041861554176
1254124548938706944
1257079326727602183
1239323984249970689
1242766837332480000
1251992120472322051
1248464848402313218
1267099419784118274
1244371755118088199
1255711303378894849
1242585098882596869
1239744657405497344
1245541431130886145
1243707621397409797
1243707011008790528
1241805846461497348
1261891502810238977
1255240109512970241
1249030556169494528
1237412673513574406
1249029957256458242
1239599344652881922
1239744210573692928
1266545037392969728
1255242538639818752
1238204997730516993
1249044344369266688
1247037650290315264
1247169599239606273
1266144169690570752
1242981639980007431
1236658372788830208
1248583033378295811
1253674503437193216
1252043694804471808
1258874418421522433
1248246026093203462
1238940289357807621
1243985035314659329
1266072527203373058
1241048160740442112
1250559772983689223
1246243438800011267
1240871281039474688
1242533179082317825
1248435181700014084
1253857391323611137
1239333993092395008
1241597315661602816
1243701052190289923
1247280058592526337
1244791683717517317
1246938095301386241
1247672758915534851
1239200395265806336
1246615451108544512
1251854513490853894
1269802821857271809
1250630360506994688
1238698247637565440
1240062626677370881
1248641152259182592
1257837952908091396
1243506913473691648
1237442063353987073
1239958376362188803
1238559555061153794
1240380973134610433
1244050505262936075
1247548333498994688
1246163959541047303
1242276924153528321
1240339784972865536
1244327072002117633
1267658699260203008
1260582868423761926
1242582475479691264
1247549368640647168
1262127307403276290
1250790904337743873
1241878479685255182
1254944355254775808
1250554646890008576
1244795507114901510
1241211911120867333
1247669832809660419
1244673406630604800
1268578988022267905
1255546179833810945
1255878302079897601
1246950437133172737
1257707553821282304
1265018935621058561
1256324523965603840
1246215119232778240
1239739338117742593
1236875548514795521
1257639895956324353
1239405156745314306
1244452289936609280
1250903102900834305
1243585173360435207
1247877155758931971
1243257242394165251
1251266193400487936
1255594763828572162
1257902329925455872
1242665851553275905
1244829900378439684
1238336489081253888
1261613138530754560
1249052900627709952
1244115912355123200
1241034065052082176
1248734873747161088
1250814296134737921
1241046119494365185
1236103931303993347
1258944400706678784
1251474904249237506
1258837143817986048
1238610487811756032
1242543015270457346
1242530726060396545
1255694133982830592
1245109603949596672
1237484710097543168
1254970946374508545
1250657560337809408
1253387313331109888
1237568024598601728
1235718020917604354
1250869054287613954
1244029771002130433
1260670208160731142
1242210851244908544
1246308223776423942
1253003034067681281
1251519877816430593
1242108627772727296
1236697232025452544
1251153864402759681
1255693275765276674
1242492436565364737
1240989084849524736
1270065868005871619
1263873612076982273
1237565581538156544
1238985010310451201
1243201617610104834
1246805291590705152
1259915209482932224
1248281995471466496
1248303948160815108
1246124377382563840
1239294226141192192
1266575068521529346
1244829864147980288
1250095328583471109
1237433724712689670
1252507512835842048
1248647164387110913
1246208975965749248
1260618570876272641
1258580512098091014
1246480293676175377
1259622355221065729
1239255318309343232
1240428231251107843
1250235437429469193
1253893369392181251
1237515693534277632
1237453853823569920
1257684911797997568
1238514076210339845
1249029025714110464
1248605088358240256
1238655269036531712
1239660923759050752
1244388961558106112
1246210919379554305
1243223206070292483
1250938218037608451
1246752173121298434
1237720459837407233
1236052547707822081
1266340191494721538
1247485981889974273
1246961351471370244
1261656483319562240
1268575291913523200
1238307113266556929
1239742339784101892
1237841848065855488
1238079102634033153
1239628335228932096
1260599396825206785
1249410381535117317
1242445977451212805
1241086835872407554
1243270358544908288
1258015192673288193
1238984610543030283
1248732768739250178
1260930943595888642
1251381899760734210
1253722980951248901
1235686685473726468
1255266190446022659
1246503240017088512
1250235468387581954
1249813318921072640
1239495550057226241
1261294337549373442
1256601456464912385
1240747894468116481
1241109549182001155
1246154417428185091
1245046297746264064
1257544821868199937
1236700373878034432
1239197373538197504
1240887520172421121
1263278194301571073
1247515802875711488
1248715982228553730
1253886766551105536
1253678480799215616
1242570039724670976
1242103054075334662
1268211593717977088
1247378008140320771
1246509327021682688
1248440463167819777
1266539383525650434
1248074382402084865
1269395672383488001
1255546381890203648
1241358150311251970
1242155319935078400
1243273738235318285
1242554276930555904
1257832704206307329
1240822043593105410
1246485102705676289
1247243940669132805
1244200032879992832
1246851429257674753
1255243198940749827
1249375582837760000
1259182463173230592
1247607907048468480
1256009100040814592
1256009097285173255
1245037352000598021
1254123540107968516
1238913712708296712
1244436392479989764
1242502422234378240
1246810204618084352
1238742032912441346
1245109467525586944
1249765633694339072
1241745754638757889
1253816048941481984
1241896418740039680
1254152596530610188
1245768501547204621
1244371156909654023
1239401669688987653
1235621765117874177
1248273157103943681
1241879455049662464
1257794415852244992
1248954596069969920
1257684720609042435
1250557180182437894
1238957414877138952
1242983315805782017
1237471084573872130
1249080897980293123
1252208117359751180
1238593608825044994
1265360561149292546
1254431620704145411
1237564321736974336
1244466872474632193
1242777836399853568
1245934928539287557
1239945009434066951
1249723246297169920
1259888094444224512
1258830335535652866
1257712450125914113
1242226895753789440
1253071349901385730
1245536415708065799
1239599021423034370
1239524848633876480
1243331637603176450
1244009376962183168
1241730972648906752
1240049554965307394
1247967854533713920
1246589883201830913
1265813633549950976
1250806132777668610
1238878212823883779
1244983957550137344
1240834662026674178
1267553435467071488
1241822358547152896
1252718416294809601
1236409730114994176
1244994671266402304
1264918604589531137
1244623314317869057
1267156052170231808
1241896429959950336
1238557629292691456
1239648970177159171
1267276187266580481
1239999672623796224
1238521827040931840
1251495750950883333
1251270517929230336
1246584627474595840
1267553433848070146
1242717259585466368
1266142386519977986
1240271381532737539
1238987860402999296
1245928696667463681
1244373949070348289
1269030243173531648
1263088126278471682
1248226728641794048
1239188680226586624
1250135742740860928
1246872821608955905
1245445458635390976
1245131227381858305
1237181887124291584
1261047228413759495
1245817336805941248
1238983571299336193
1245046276556759040
1250817120566415370
1244495521181556736
1238304299442200576
1238989894317477889
1245270622671966208
1238819073447858177
1239260467375136768
1242110855405277186
1242712404619857921
1242594128879398913
1267442585494261762
1239256308555055105
1264957131213717504
1250444121493258240
1250133626186084352
1247367116807901185
1260393124800737282
1239663150875713536
1247584205577621505
1250957896122347520
1241085420382965766
1237741984816730112
1239387856734433280
1254570148503183360
1266080869455851521
1242572854098567169
1258788373373878279
1240168985557118976
1247642795378184192
1269845076978663424
1245047527172431875
1250971161774698496
1247232465477013516
1243840480581947393
1247370887260786689
1239661638007099399
1240053708072853506
1237926641978036225
1249734785380962305
1244434241225703425
1238239424988798981
1255238301705031680
1253054804970147842
1239743204494397440
1243838964596867073
1244632545880420353
1254555897130450947
1250443491722829829
1237804975708930049
1241190006397566976
1240676248680116226
1268627280097611776
1245425365121712129
1252312617273692162
1238203816547438592
1241707910171951105
1244830900992577543
1266106896571928587
1258819914464444417
1244364993665150979
1243452548897529857
1250818468066328576
1248986541638156289
1236052545291931648
1258226857134231552
1246105799857967104
1255240476527079425
1243581180794015754
1240310789342466048
1238559008438521857
1268007355402391552
1249744542665969664
1254778242990436352
1244602482958852096
1251597448566525952
1246451863978831872
1243936103377313794
1249224632756043779
1251660428075249667
1244360339824787457
1249762540374065154
1254841553996177409
1238140360066568193
1247180704057896960
1252605401750781952
1237068236157587458
1236005052910899201
1246862564111396871
1250969979077357570
1262133768778907648
1252643299896287234
1237565543483244544
1262108535325851650
1237570731245834240
1260198946166706177
1249369767183618048
1239974373106147331
1240292843681468419
1238265180750065665
1244792874874568706
1238142875113832450
1255157269769183233
1244671118172196866
1253051090704175111
1244056200939012098
1240800753192701955
1244829895588536321
1251612606865068032
1241823508910551040
1242303291050131458
1254834849472491527
1239661227208585217
1257838125344317442
1243736953146748931
1247660338771898375
1244791102445686785
1249908237350076420
1258794290068762626
1255856111019843584
1239347036081840128
1262813184974622723
1241811492573495300
1246241898018344960
1249718053002240000
1238321251162173441
1234917808615690245
1239396071778004993
1236263386448637954
1249724169283145730
1258944923195314176
1244691643435036672
1237857669882368001
1246272404848025600
1246517745522483205
1245066967373004801
1239959123296477189
1244701961771012104
1237455398845677568
1244431389245820928
1240836815269003264
1248661296314224645
1241871289377337348
1238867391976701952
1235677579752992770
1261824955907530754
1244294564774653953
1247515564823777280
1244388485164908545
1237835481171267587
1250800396429336583
1243050142904791040
1239348265738473475
1240098827698307074
1245164481807777803
1236008778551767040
1263665675215810560
1237808572169433088
1251582433335574528
1239962457726013442
1246513474110447616
1248038162062082051
1241015059561820161
1244636722853548038
1248752780891824128
1243005940573536257
1250143628066000897
1247880499697201153
1248272142292090881
1245847230361161728
1270478256207212544
1261293510717816835
1260314918596808706
1255280853250433024
1238642106538897413
1237134282734415876
1244392950462889985
1249042081173168128
1252607988877217792
1242257802460004360
1253934754963042304
1245596603102060545
1247335982581547008
1259113564100612096
1252263007574425608
1248230630279786496
1246927507456176129
1246243827154812929
1239326139119734789
1238204329909239824
1247278003849216000
1241014832809345030
1238868351771959296
1244455281083527169
1245734865326268418
1253816537737236485
1239978823996899329
1243307170684440577
1262416611933401089
1239267818140467200
1245732474598166528
1247570775961411590
1242422686023856130
1237112410944737281
1240054027624349698
1269138700178460673
1243738228793933825
1235416816048013314
1254023160997064704
1253577525353218048
1261339712079433728
1267491610205585408
1236004834643492869
1246109088620175363
1246472251739967489
1237457053976797192
1243909385958625282
1252235350941941761
1243442644329664512
1240514284960067584
1238983231338434561
1244703153607577601
1258102709602988033
1238449983281659905
1250436874335711237
1249462190253490184
1248459408595542017
1247242503386005504
1245590167064154118
1266495658044915713
1245935818230857729
1239053719280316416
1239562476594900992
1269323188141514752
1252630077067726848
1246480678079913987
1246521182662340614
1236089830452445185
1242336069892411392
1244367830620835840
1243983362240450560
1249384777859371008
1242824576272347142
1239688081005064199
1247630907680448519
1245164988383313920
1253383163977650179
1262448814125977608
1242524263086731270
1245521524343410690
1241119427178967046
1240414322733527047
1245728154125246465
1242499823544217600
1242975636005752839
1256957051722518529
1246825848050716674
1238659585826848769
1253757232795312136
1242252019353686017
1250106623416205312
1253317541298089985
1240137687920762885
1242822285112852481
1237454715002269697
1243975076480987139
1243354275566227457
1250094931798102017
1237219643510730752
1250479351038201857
1238944390137200641
1255892588835602437
1250143353930383368
1246497290266779651
1242451215339917314
1236488243207704581
1245061880407896066
1249030831059894272
1244202440834105347
1251241084367376392
1235660219511906311
1266883451053060097
1245449777065668608
1249063074658738176
1239261202770997248
1238307701328957442
1249043612085731339
1249796826057891841
1245931405743230981
1244375557535682560
1260413114937413633
1244325354166202376
1234983773629898752
1261051426794586113
1246480254375546885
1262813759359377411
1254480887321890816
1242419439305461760
1241510712817725447
1247298129621286912
1244467233092513799
1253042897483632640
1260410841335312392
1241806389825212416
1238155882116120582
1245043902744334336
1236375407391395841
1239294657328185345
1245119000377544705
1255231030790938626
1252276380471042049
1266692940497371141
1240330445147066368
1247397800704385024
1247019302949203970
1263281529712771072
1243714315036831745
1248349611615555596
1252058699889344513
1244433941123268608
1242655080110792704
1254477565798092805
1240838650834964480
1237477563393552386
1254586563775864834
1238215391173885953
1259956772745482242
1257713563029909507
1250558443733356544
1254014991923109888
1236484646151622656
1234904920769409024
1242439907605348353
1247242627000545281
1244829898059001856
1244271030006419457
1237322005092933632
1237888204059095041
1247622357507887109
1266497315772280834
1238138320384937984
1247573133445513217
1242822512330801154
1248442646353383424
1238241307077881860
1266784270481338368
1253717289599410176
1243330885941944320
1250475680783106048
1241872007802818561
1238939596060229632
1247140425141489665
1265348687557021697
1261539144838328320
1244578446430347265
1244826438685073414
1240096559431376899
1248299949902741506
1249529457276334083
1265358216118091777
1240421338592018433
1238828158947930116
1239973605758218242
1249796828192792577
1264237383412785154
1255158916654252033
1239580020584087552
1237958009520828416
1247278310561910786
1249045628296052736
1261664361950711816
1241737360158740480
1248299455075569672
1246810968480415744
1257680635507945479
1242086112467836932
1261413847438671872
1238743284673122304
1246552342280974337
1240772947402522625
1250229710304534528
1237152060967092226
1244031101951250433
1237563569043955720
1253339622827937793
1248602601387671553
1244807366048129024
1242779288627183619
1238718197861359621
1242280101326327808
1239999005683339264
1250987509389164545
1260155982291886081
1234898724515700737
1250993323147431937
1244464659543003137
1238465804745805827
1242855608971378689
1255298421122007041
1256244111750729730
1263479679253729281
1243035909446078464
1257808514686365700
1238262954270826497
1251233569202192384
1242499084633747458
1241388914881028096
1241285461676564480
1244704827495649281
1244790811050508289
1267430998687584258
1248300204362776576
1241868899756519426
1236086278497632256
1249426385153806339
1243651647198433281
1249721343723143168
1253021921995821057
1248676878854086659
1244657122287259648
1237916295976419328
1248993347965943810
1243047346184781824
1240423261122580481
1244363938202038273
1256738089478893569
1254829769570553856
1244790635141500929
1248679920101883910
1239104826799280128
1242647507450167296
1259111846147227648
1260009708766687232
1250393176575217666
1242557468460421120
1235940199982682114
1242533808467062785
1261297082436071429
1240762621026074625
1239322843868995584
1241889921671012355
1238908886331142144
1239334847811915776
1238172957417115653
1239640263896825859
1259556947382198278
1253349158028746752
1242279355000090626
1238878338351009793
1246479875919286273
1251505359979712512
1246212402137444352
1248449252663144454
1252205644582658048
1238660269288685569
1248816139745890305
1241720860743999489
1247968839083720708
1236365369864073218
1239621184976756740
1242667324227956741
1238662571047161856
1242325669792669698
1241087935849652232
1241126747044749313
1246946766127333376
1250910325752377344
1244646571263897604
1257359256568897539
1245178409891909633
1254610543748489218
1248100435614994434
1238676183245619200
1257122865587118080
1247503193333956610
1258850476205932545
1243171658879373312
1250086262045913090
1267995471403982850
1247972491450093569
1238260246797262850
1246156915689885699
1249811249090703364
1245539811513061376
1241981683840188421
1260934321617227777
1239748317728452618
1254466462091223041
1255888167644864520
1248323098362994690
1248861166656303104
1252270796262780928
1253512012073709570
1248301393330540544
1247382009204420608
1258197465209208834
1242546098838913025
1244809455876943872
1252021933950078976
1251157725066584066
1239198096975896582
1243283573907558408
1242278143731412992
1255276236856872962
1237113408618729474
1250822425941508100
1253519630066384896
1242254602931769344
1242226185507082246
1261416669471297538
1258489656024408066
1249420781425233926
1240469304958767106
1238169840927608832
1244813265957457927
1261644765331947521
1257293615946178560
1237117709780946944
1249796829157494785
1244038973363834886
1246793178977624065
1260604462735011840
1249837997006229505
1238531629318049792
1257423011247992832
1247644168085782529
1242577424862326784
1257177759777988613
1247298687732236288
1244017427756847105
1244678382949982209
1247390984050298882
1250832091727749122
1238895019848863744
1250619360164659202
1245885805408784385
1240600926089555969
1254113245809356802
1260253290178191360
1237075408492863490
1242658248597086208
1240270877666746371
1246102239678205954
1238868742983090177
1237455092015661056
1251022764296806402
1253204665241686017
1238910106479341568
1242276007027015686
1244670392276484096
1244324626018287617
1258896994183065602
1237895387261751297
1241527227390611456
1244274520917266432
1236394577843687430
1262802191942930433
1244379675541069824
1244607687268188160
1246873984496537600
1244666500591599618
1241202680867033095
1239667303534526465
1265979823907889154
1252379910330413058
1261349626692722688
1245895862997393409
1237763311372054533
1248448580433698817
1255276082430980096
1245728309524267008
1269312716545708032
1245033537465724929
1239712565325938689
1245117581532545029
1252665749476343810
1241563395209428993
1246859623728103425
1250964552738635779
1244816410565582848
1249043176935116802
1253317263043825669
1242927650160676866
1239324858707857414
1263509565997531141
1240128650718167040
1250474482386550785
1253659158617952258
1245419525627052033
1268008464841916418
1240463432903725056
1265349582130688007
1237080740954656777
1247115479686184961
1238982811681505282
1249744600937398272
1263104816500191232
1238516113786507264
1240824101738070016
1246516269593042950
1237145521254522886
1257468466321391616
1239540892681351172
1245451608223334400
1237914702791020550
1262700165149982732
1263638464026869760
1240721076163940354
1239214616804237313
1239327390121316353
1241717286656004099
1262904446939533314
1237535279751163905
1245070073125011462
1247173308702961667
1237143572543086593
1265337174075101184
1248526572950257665
1248784854642286592
1244113971579441157
1248868511562240001
1249051168850018304
1242167926507147267
1242818156986499074
1242596962005901312
1258523796027273218
1269005071574093826
1237043033763438592
1246242865010933760
1246243272143577089
1253013478887034880
1243906914523766784
1258199426432208898
1246201338574356481
1255991660166742017
1242491194791337986
1237929545598189569
1269998999752376330
1244364869803147268
1237891828440895488
1239753430803140609
1263471425622597633
1255506300299096067
1260259754506584069
1261775177836310529
1243631191967903750
1251995604051546113
1241885484323831809
1263441929519403015
1248280911990460417
1246152865825140736
1238263908760248321
1269324303134326784
1248065870024380418
1254483515095355393
1243273533578522625
1234980439309176832
1252310699910606848
1241269576102555650
1247622907901218821
1253429725541748737
1245140213090979842
1241031442467037184
1252567343701676034
1246145246951550977
1241867375315570688
1245201103907667969
1237823988744835074
1242245676270002177
1252309073095282688
1253372270137020416
1248222533587013634
1245807119137411073
1238985255127826433
1241937984812916736
1258434489166020613
1239304379020304387
1246872010040451072
1251309036403920896
1248610013725089794
1268949131285987329
1239001745549819904
1238213021505331206
1244264530395398146
1249007064598405120
1239330366810398724
1239546004531294209
1238678837153628160
1248098469434331137
1241715039184322563
1248357050767343616
1242136655361908737
1239660308077182976
1249735001366642688
1251342863159394307
1247915316337934337
1252743685730598914
1253720313004777474
1238424810230878209
1250821053246513152
1235704383997915136
1242152005453459462
1237228218446483456
1242517312500105219
1241208995093909504
1239542124124782593
1250782293763018752
1240596698914861058
1252316737888010245
1265835212543533057
1239661109029855232
1249034733436014592
1248722507575832582
1237131475016994816
1244816555520724993
1242434228161261571
1256410135087534088
1263474058143903746
1259564492947685376
1249038031555825664
1239662152992071692
1242779326413778945
1240423540328988674
1242339585071382530
1243249244884078592
1241881908457484289
1242149308146814977
1243500944131751937
1242132728692301827
1243743139631792130
1267181253759033344
1258548521008902147
1248670738732679171
1247629978352713734
1234976950315171841
1264961216360964096
1261292363147874306
1252685954537709568
1242750248625332225
1256111009804226560
1242336508276887552
1242134519026679808
1270053164381868039
1253741122108735488
1244394927813001217
1246609459746660358
1238590459158691842
1254608381144424449
1245386121091190785
1237697438938542080
1245535074939961345
1244605141778608128
1250582070377807872
1244080208879255552
1239879645870403590
1236468821868916739
1240151271211970562
1248275610956423169
1264026143600115714
1240821002571038725
1258208656048480256
1249720868827258881
1245870265931689985
1242587174849175553
1268176034157006863
1237322075871875072
1253740526702116864
1266496397328691209
1254547880565542912
1254596820182933504
1243907203985276930
1266692013736505345
1262562091908632576
1267595289738858496
1239745448904142850
1248647849446793216
1247407432839704576
1237786708722233345
1237854650855899138
1244294493010042880
1237894859320508421
1244012315638448128
1245020947092029444
1240766787429502976
1236126621809197056
1243383020658118659
1244290409871880195
1243363341835235329
1244661515812298753
1240419271483764737
1248300114902487040
1243170073130356736
1239596054829547524
1240334927855566850
1242983128916004865
1240834026807734272
1242200454387372035
1245714286095159297
1245532585683542017
1241718028682891265
1241880873303265282
1239552821000888320
1244829899153723395
1266189340964728832
1243624004151361536
1253312577683296257
1240012424192851968
1265780159799595008
1270144973455884290
1252731787215765506
1243391049382260737
1244052214567636993
1242951707274985472
1264548515495239681
1240096565311819776
1249744569304039426
1264907304371195905
1256676103097397248
1244294291691909123
1241420522967220230
1250475585173950469
1240632979631849472
1267465846982656003
1265345941533609984
1259656164993875968
1244057007268691968
1244018669275013120
1237216605161086977
1245087969947668481
1256073951295520768
1249918192732037123
1242472075597578241
1265385102584012807
1253541233605083136
1237043034656854017
1247920628759330816
1246527211261353984
1246193027997204481
1244982304931491840
1251202064308412418
1258307098284306432
1238683563513524225
1242537710117683200
1240001052323315712
1257518483388186625
1268251649329565697
1246808389293936640
1242267924804644864
1235076366657343488
1258528797374033920
1251151612036304896
1253523634028716033
1239908120291393536
1269396138412650497
1238937826789556225
1245735723849957379
1242579349972402177
1240723085302607872
1241306668828372992
1240641480789839873
1239778951783948288
1261898324937973761
1239390785809850374
1270289758581936129
1238173942361346048
1236113750517788673
1243257338561249281
1250869557482467329
1237043032727474178
1243223059898793985
1251581643032350721
1256398750827909120
1239999059978596356
1245120159511121921
1259868174411014144
1248351043072806913
1252029617050914825
1237831076216700930
1267632574559653896
1242958990327382016
1247327389320912896
1240068169672331265
1246503374557786112
1254429556930478082
1242098767240839171
1246182066959593477
1237910794018402305
1254061483400531973
1245748155448266760
1246823844687622144
1245800479214514177
1259452784853876736
1252669445694263296
1239995386712010754
1253455159121887234
1238998490887454722
1255295191394762754
1245827340711624705
1247193855130296324
1249742867129667585
1246131492310286336
1257703338340212737
1249719513769271296
1248006584053059584
1244553377465413632
1249033820382396421
1246494918601846784
1251308340933734402
1238956542298374146
1242548539617574916
1239740029288632322
1239368729659682821
1250796115324219393
1242491450505539584
1241563595860783105
1253343330190180355
1238493536103907329
1262127055753314305
1242627367325097985
1237781222463623171
1241128071450820608
1236333185937653762
1249037950534455296
1254255719962066948
1250201196448624640
1237912051688845312
1238266043342245893
1252308943000526849
1245897090972205061
1248962920857374720
1240607914513096705
1266573667330338818
1253446453592285185
1261797938726043648
1267628292456284160
1235941255575678976
1239946309114757120
1256014276982190080
1238942565367517185
1238156251831382018
1239397267469209600
1262380214614622215
1240825652581990400
1237923135804051456
1249257243360595970
1261660524909154305
1258480097360785408
1249214051978301440
1249770040041365509
1246519352146440193
1243596837510098944
1248984254207459330
1266471943999492106
1243981465676808192
1239658883062390784
1239659145910984704
1238185372963737608
1249369421640077312
1246499472181465088
1245386458959142926
1250990267504697353
1270467374387531777
1247609651442724865
1250629771274473473
1245177597576843272
1252800812348293121
1250233235289903110
1246296861452963840
1251686609738764291
1256830562318323712
1248766397850750976
1261052012235575299
1248030058842861572
1250439013497843712
1251187110775848967
1241433702082777089
1251710752643330049
1250686697026748423
1244777119152037891
1249207176935223296
1260343200176377862
1246194854335561736
1269406120478728193
1238535625608962048
1243055168201113601
1251209827528908800
1255956176434536451
1255199275023245315
1243250664991531008
1250484622846238722
1235725580437463040
1249141249413611521
1246109498885976065
1269447430677897216
1254756249427742720
1244064376019091456
1255261578875801603
1240365069420105729
1237823774097117185
1244315977053077506
1237120001066352646
1242846096558379008
1255198595558658050
1246153774734938113
1240463434489135104
1235589677266227200
1249862873934786560
1254404373834334209
1250961954086293506
1254834678172921859
1255991183672827904
1250194675157413889
1242853934886199297
1243270799538208770
1241854810405601281
1241010010898829312
1246873960144240640
1251601875742470145
1248464204090105857
1242855439945150466
1255986682945572864
1245894854577655811
1247352202668183552
1258533488514351104
1236088793469530112
1242547292676263937
1247467800442089473
1240851439779549185
1240641426268008448
1240767886093881344
1250457065228771329
1237116834320658432
1261657162553663490
1250520906247610372
1247563209021808645
1270467301666631684
1240415434924601347
1240089247983558656
1259979349203324933
1253305506153857033
1239397252398845954
1241867341971013632
1245052508260782080
1255556852957548549
1246100313288978432
1255112366842355712
1249188012451336193
1255278032182525953
1249006019054907392
1243215664908730368
1242860800190099456
1243733213631086594
1259919567968784390
1269358543595081728
1238871522061832195
1265773585399984128
1251393447065419778
1246183038423306247
1237121488412647425
1259891528547422208
1244632554017349632
1257862740280061953
1250923561730138112
1239297843954884615
1263086974451290113
1254255721056739342
1242658614025818112
1256235599532642309
1255803629057040385
1252339940001636352
1239777869452189696
1246459659386585094
1244770809132056583
1251696795299840002
1246141985611792386
1248720603072339968
1263907519208054787
1260985851657498624
1245341487921082371
1234919850855845892
1247187161146896386
1240439345087229952
1247188007117078528
1235285566218006529
1245375810862813184
1252063666276622338
1245521282172686336
1254830703294009347
1243326458791170049
1255481234748329989
1243391481416564739
1253793850864422914
1242335192850862080
1249394689981263873
1254013474008678401
1244836228027035650
1255192482498990081
1243257674583748616
1244120875114418178
1239069349874458626
1241463448392916993
1249832997421006849
1270451015238778881
1268345207868788736
1270321537799860224
1236056561019166720
1240088548801490951
1242850891763462145
1252664831473324033
1262015311479480320
1245883858920357888
1252981059710525444
1237858931671584771
1242854852683878400
1244693313669730305
1244777142749184001
1249931979115704324
1269272669310144513
1236740338615812097
1237745084923367424
1235257650193068039
1244981126201999364
1238623047982211081
1246227201768468485
1247322563644096513
1254544573747118080
1248071121737519104
1243216025161740288
1245440851003793408
1252963577272635392
1245443070662971393
1268158292691488768
1244633300767039490
1269005067111276551
1243220717803577353
1244295718644441090
1254609604169826305
1246817030042521605
1256063811607572481
1238260238807113728
1253331428835684352
1246866985352388610
1261868472205807616
1248670971583778816
1242938101699354626
1246275934887559168
1248253559709347840
1251914087262564358
1253065668297097223
1237760696202526721
1254061156207124480
1251159362002759680
1267468459224555522
1247670474978603008
1237874412000407553
1239508910823915520
1250457104953073664
1252010497886519299
1249850881060868097
1242193662387400707
1243301279209848832
1246282103215607814
1250708539791814656
1248101351919357952
1242927443377340416
1239604250684121096
1238879679907594241
1255634215401672704
1245824671553110022
1263172505021358081
1245613675253100545
1245347655343013888
1261408004303392773
1266091127230398464
1242984311713914880
1247714608200265729
1242963229644673026
1242219966344187904
1241117391586824198
1246843424873099269
1240999991109435392
1239712241739497478
1238900458888060929
1253318253423874049
1257515144902520832
1240790063757299719
1239245888641433601
1261384401448886273
1253067008213766145
1242286136765976579
1267575467755868160
1241873215967957000
1258042648549621760
1239787399552647170
1239971805705584641
1255892331527577601
1249886024253177856
1237041565039812608
1252753910122663936
1250132182984728578
1242851464176902144
1263856090346905601
1238155908464680963
1252338535421657090
1239830335959052293
1257092520804331520
1239418093773996032
1244810991478636545
1239381876659322881
1250101836708806657
1239246027716165634
1239769171652685825
1253883753845456899
1239366932652068865
1240383426760511491
1244659394383667203
1260296606521442305
1243158780793192450
1246649484098109440
1242846566597234688
1241712576599334913
1243704129995841537
1243704113562619909
1237726596792045571
1255902443608694789
1253875099175923713
1246906662855872512
1254481851613360129
1238276876730318853
1270036422758731778
1258757777176043521
1240066879768723457
1247561961056940039
1239761549318856705
1245825365823696897
1237400739066122242
1236145294947110912
1243409279941398529
1244068327858884608
1246049471278075905
1236480071562670080
1255132605768282112
1238871908885467136
1246156722814812165
1237109224230060033
1251173169035186176
1259509976051191810
1244309328443703296
1251882433336803332
1255933372758724614
1235722651605311488
1238256176850223104
1248360606748618752
1247891097616936961
1249438797814804480
1245028678767165440
1240033912396660740
1252772259925762048
1236053770112466946
1236668962273923072
1255269497025581057
1244821990160154624
1260706401942462465
1237912806416158727
1254922090219745281
1247354972158734338
1243903728039624705
1239774503514902528
1243342239314690052
1243345134831505408
1246847362837905414
1239390627487518720
1238013849909039105
1246612764161904641
1239155676288614404
1260404925588217857
1239161870386229248
1248196496929013762
1256239904767586304
1238518882136207363
1245454967521116171
1253721288356450305
1255683839927758849
1251533421169512455
1246814716233748480
1237477641340534789
1250523133729288199
1244762224843010049
1254476712726933504
1257347080974217222
1242617180480573440
1263955629208715265
1248609466099982338
1261732218717851654
1249164490744225795
1257266241993129984
1241141526350245888
1252328075506876416
1240820045242159105
1253491131591131139
1250101991612833792
1257879096203378693
1235607465485533189
1239209026828853249
1256307770820669440
1266404607644897281
1236427987492442113
1250941911965347840
1244257186253078530
1242790789962518535
1253460012627787778
1238171365221507073
1244041320617869314
1245897093211979776
1243385661471612930
1248608141119344647
1242157910983168005
1270384951167537152
1243899113927827458
1247565468950462465
1249788023123906562
1246872793603604483
1240103068928282626
1238490889896550400
1245390596715487232
1238611459128668167
1258383997874438144
1255654491703185408
1247694818878291968
1242636497477656577
1250132106128261128
1244996369611476992
1242656841504620545
1238291705822134277
1268958956640063488
1237526588104667140
1251170179842793473
1257751567870066688
1239377268537012230
1260928154752950272
1245414456546516994
1250612088701177857
1246457292398133254
1240588838822711302
1237916622146469894
1252295352054689795
1238872251887386625
1239363277303492608
1234905998332219394
1249591971225747456
1234916155619454976
1239667071744708610
1268172429181898752
1240031764275486726
1235464267215908865
1238494154310680577
1257653378122989568
1246638364985569281
1262903749170905089
1248451644183867392
1245418107541295110
1237124925716140041
1253341176347930626
1263303503059062786
1263482415697342464
1250678661428150272
1247727373719670784
1263146338226778112
1247156998686343169
1254813149699674119
1247731611506016256
1257323118172884997
1253128792165490688
1243342785475993603
1251829499223773184
1263209767159422977
1242134416052424710
1245767801576591362
1242135541887504397
1260696463048351747
1245911763654266882
1239656206450536449
1238668070316650498
1247698855942127616
1243295994449625089
1241857889834336257
1255148973729280009
1242916673629405193
1250590512517611521
1244652941967007744
1252245430500503554
1237895932470915077
1247583226576723975
1249253773169569793
1239387874967138306
1237911333938610176
1255147959211003907
1240493768098418688
1240788265063583747
1237922288340733958
1236035552467705857
1243073225820602370
1260784269208817664
1241548679732920320
1252428597068881922
1247216592347369473
1252228624255791104
1250169820357763072
1256007850704412674
1248621522907828224
1267879888943558657
1238924186883690497
1250207353854705665
1239024635087388674
1246907072131760136
1251249382718164997
1246099817446756352
1263552147758682116
1252338010508521474
1253455026288238592
1235263035356434434
1247510462377361408
1256366736410017792
1242269836304154625
1258804207009910787
1238283946938548226
1258432492828311556
1239950713972801538
1258133267926192135
1245711774923591680
1267267308172595200
1241872627817492480
1249017288105361409
1264306415444930560
1239712861074657283
1239246594505129984
1239253717448364032
1254941729272233985
1239695446810992640
1253746467103260674
1242932936841875463
1237872402148675585
1244403613331525633
1258811585566593024
1243369466479759362
1242907430100578307
1246576118087520256
1239907441040654336
1242907836851593216
1240083818708709377
1257668632617922562
1241022241405636608
1250614916148592640
1249744417751252993
1246941752768049154
1253063085226590215
1247682011264942080
1240588541186453505
1253098613611298819
1241570299411402757
1244835188460392454
1249548936802697216
1240791867664609281
1253062761355100160
1251015045028425729
1243212066984517635
1250129618461495300
1239726216824918016
1255517548344496128
1239928370441474048
1257067108657246215
1253283100949393412
1242286519173492741
1252635969892888579
1235321355123511296
1247613524790202369
1258768786322100224
1247343935590195200
1246814251785871366
1244609087255588866
1247359974985977857
1267300790152187906
1248703306299564035
1243792657136189440
1235927297728876545
1253724693577830400
1239694390634909700
1245467378386952210
1245881067480940544
1266601347761176577
1258492765974953985
1244698069700091907
1269817982823411718
1246456049894338562
1253135770304622593
1241957504235552768
1263494972717891584
1239588031327342592
1247603409924079618
1250600616499400705
1247698615465902083
1249368776031850496
1237918069386870787
1238474860281683969
1248719234844241920
1259903445554941960
1251181033132785669
1237901442310000640
1258786826241945601
1258482204906262533
1239316325597667329
1251204378364710912
1244837147061952518
1243903177046528001
1247270028401049602
1243340373403074560
1253827751418777600
1247294834949402631
1240904935031652352
1239588702122278913
1237911132213514245
1249142990905409537
1253492471306297344
1245027406995480576
1243217320736063489
1240702071390629892
1259993907724771333
1250465351067996160
1245455324083097603
1252613549630857219
1259942891184668673
1241116839200997376
1251190337462308864
1239590392632422400
1246276172108963840
1241627974602031104
1250177530256113670
1255270144198270977
1249032564968390656
1237755792268365830
1249237538356805633
1267483520898916353
1263131701900959745
1240213858066800641
1252763919346733056
1239207561854844928
1247228768323637248
1237322919472226304
1258217402560634881
1239236458122293249
1246055933014310918
1258683834499039233
1242459371398930432
1253510579433672707
1260041416979480578
1237370676203397121
1237879754633531395
1242656414021148673
1255154248922193921
1236493557025865731
1247322071241293824
1247712106167898115
1237711749916344321
1247713023684378625
1263209444718137344
1253497098261192706
1265691159600521225
1239509306820694016
1257702264023769088
1246446973412151297
1238900056209719297
1244091039037755392
1256321576506515456
1238503573534760961
1238937381761363973
1240678830852931584
1263155387106308096
1246571198160535552
1244775759526481921
1260755901067284480
1261404974837186560
1237871803646631939
1255184777801539588
1243212786840285184
1242215659230150662
1246176970544762883
1239230598222360578
1248771118116282369
1248030091755630593
1262168674464645120
1242733567660240897
1239713860694704130
1240344365710573575
1236790434573189122
1251691774743060481
1246815071596134400
1252254779612508160
1249851495580917761
1242084226834423808
1237038295080632321
1246590703095988225
1246292518267912193
1239366611456450560
1243715094028128257
1242697833276465157
1250491145488084996
1239790689837342720
1240991110694084614
1267810873164341248
1249427963747196929
1239008380141871104
1234950884242661377
1248304635942588419
1261103996766478343
1242906723221987329
1240288140360921088
1248294288271835138
1239020986382585857
1248951913044946945
1237913901100040192
1240447568007618561
1245312048743006208
1252296482801291264
1240717507528396800
1246223796631150592
1247379417141334017
1266150618852397057
1250879276192333824
1253845381907177475
1243959780416389122
1258592039005978624
1241238081900089344
1247294452663803904
1260970604825579522
1241458763292463108
1255952083380994052
1261134749239848960
1245691563642171392
1255902409198653440
1237101205001773056
1248356469260595200
1260633145222758403
1238614438229487617
1268510334991638528
1260415883484319752
1245906309167435776
1248087664613564420
1236443961167921152
1236669992172769282
1239466741396365312
1246229980104798215
1251171360874823680
1249471256711311360
1261376454002163717
1241346002482798597
1243688208766033922
1261067635011342338
1246256908777984002
1240452281017028608
1249512267005202432
1239344681382752256
1239526823425425411
1240440977967460352
1236073902641733634
1248211153844649984
1237917016650121217
1246097060308402177
1246146747115569153
1265449785294761987
1238889999648673795
1250162858241003530
1238603818893545472
1243342895362584584
1236138502498246657
1247328203703795712
1244534055833567234
1239503895212195840
1263153922283364352
1236673220687863810
1255516800693022726
1265071322662608896
1249000167602368512
1245834245748273152
1246674878532648960
1260767348228751361
1250853612848324609
1249863220799692801
1243007497037897728
1239275413387567110
1241848076081471495
1244653653975334913
1253067673103204353
1256718458580066304
1240287406605111299
1262137390023540741
1254538668364234753
1245464020439699456
1242254522661122050
1248777624924684290
1237420268206936065
1239922951878778882
1242098285210460161
1242155981561376780
1251393670588370944
1237401591487004673
1237911456462639105
1242841562557468672
1239531023077163011
1237859186161192960
1239670102192201730
1255205826853244930
1247692345602121730
1253487330641485824
1242619371387846662
1237887679796137984
1260895186894426116
1251544087288840195
1245753809416134656
1240449953073373186
1241916458894008320
1244989511005810695
1237378793582575616
1246192823310974977
1255880945581907968
1237918247040823296
1242252146088738817
1237411580406640642
1240387293279588352
1238622503305711616
1238366420569853952
1246145331017986049
1245786505102217218
1263665679527555073
1237325270274760706
1247476354846724096
1249155285660377088
1240426702951591938
1236442406876254209
1238932689115373568
1252994654150238208
1256140197571563521
1240489640433516544
1236054741861511168
1239954538284580871
1240085887838543875
1246814896559468544
1237870456515883016
1237922236000096256
1241946229094797312
1250075488313315328
1253341726804230144
1252987709775384578
1237869261181181952
1266158324027985920
1246462702182072321
1241858647032041474
1255896121152544768
1238598993581674496
1244405504308383746
1255938267679260678
1241581699290533889
1242872863989862400
1251293400403410944
1240623885327962113
1247535496248483841
1243212459936231432
1240348076776337411
1257759214635814913
1245149311391780864
1248648420316848128
1237398272492351488
1256429771329802240
1261896211856084993
1239793993438945281
1244277969473896450
1240968088402759682
1245710219008774144
1257863522987511810
1253392653720436737
1259658528920395778
1238542426261852162
1243063933860229121
1245810894141116417
1238180259834597377
1261018949757648904
1246407369665511430
1236318191825141761
1253770328561659906
1246490785043922944
1255182739562737665
1263175516120637442
1251294250077167618
1238630404715941889
1242290204846759937
1241948836110774272
1243030314479476737
1250998460603604992
1247699782325411843
1245747303182487552
1246866910152712194
1243933804944859136
1252754285420597248
1253106553999237122
1237957660848291841
1245486448264036363
1253765251675406339
1263327925945991169
1240071412603400192
1251888527270428675
1243000035668787207
1239319894384095235
1238803797364834304
1237868528910217216
1266437072631615488
1247711776931749888
1260385235335864320
1249243865300770821
1256614789016694784
1250166446447042561
1237426789934301192
1239700300971327489
1247444355868241921
1248783839448707073
1243028653770002432
1243005398636007425
1257766476351787010
1248665569899032578
1242286954835636226
1263576813030301697
1253474849944715270
1242898827750842370
1247539761356500992
1243574613533130757
1245749016601731076
1265109868266098689
1242291040440266753
1245351635553005568
1245167307485253640
1248450800981921792
1251265003354759168
1249698922878185473
1237352262474838018
1235613659541442566
1246272365094490113
1254976524954079232
1242726955868356608
1247912627545812992
1249165271601946624
1243369824966696960
1241151490015866880
1237654037039919104
1239722267665448961
1238311499799711744
1243373330272522242
1244386374893133825
1239343618768408577
1251335869933522944
1255582838147211264
1236092405998333952
1239773098418855936
1242510060502364160
1240860666568859654
1237518746496851968
1243637870713344004
1253777209396879360
1246542550518947840
1256786079878918145
1259533839829020673
1238619858201427979
1241160879594508289
1246250184394358785
1255189826107736065
1243230968611328004
1256542361330618375
1241942663064059905
1264241735498153985
1248484893148852226
1242074792934678529
1237187940041842688
1262797655262015490
1245478804035944448
1238925662892810240
1261015014686593024
1237934174327242753
1242124898107101186
1246907324062670855
1244352601250050049
1243426617508020226
1250611133578346498
1235780202795536385
1256764265983344642
1241928629082341376
1251138306433323008
1245877277050757122
1240369144664485888
1243766532318126080
1238177101372706816
1236902291556438016
1242408064218796038
1247317456990986240
1238572593973792770
1248555199289012225
1244488840280035328
1239071245334982664
1249308418038476800
1257724451577307137
1252978182703263744
1245514257380360197
1243721831347105792
1254136876971278339
1250061672192098304
1255519626911416321
1240425211444572161
1264282714477338624
1255148696917827589
1254188886693208064
1242480503296573440
1238917149198110720
1259488174327422976
1240248193033666561
1240673937576669186
1240387214955159557
1253109519934197761
1246276678407593984
1256308111863922688
1251170508789501952
1237092556791521280
1238160217931681800
1250855949860036609
1246406140671524864
1240364503239360520
1247555659786223622
1257049805521653761
1235604997724942336
1243563307887452162
1239634932403757058
1253748075366998016
1247853040205430784
1268150113999949825
1245547461017567234
1236057377968963584
1262139659313954817
1261455849442197505
1238501544145965057
1252366476314472448
1244311523994013696
1243203392723353604
1253136867480023042
1243947926319181824
1239835282146459649
1238248345975562243
1253161477114077185
1247697452272103425
1248589347387047936
1238563456539918337
1253284991934529536
1253106869335396354
1246176973568737281
1237922208875413504
1253114926417223681
1262162991266529284
1244351881427791908
1251317609993289731
1245834043884617728
1239290337715159040
1250168305975013381
1244383052089790465
1257385819578474496
1251187894435434500
1236358899541909505
1238851452866420736
1252766997328334853
1239218470828597248
1239718415046184961
1239917959679795200
1251546755856031753
1242094230299910144
1262377957303234565
1240360344578658304
1262214931556032512
1245685848668069888
1243990771495288833
1238626102752485377
1253477498735689736
1253319779244359682
1242962886093344776
1243009908074840073
1250571246343008257
1239719951684055040
1257455208847880200
1240440256698159104
1242122469785382912
1238115961074528257
1240391315206090755
1239934140839071745
1237380254789971969
1239435358485524480
1257085244223651841
1254530176505057281
1243678706524192773
1257627625457102849
1246976188381347841
1251321174673559552
1247957036568129537
1257607360551542784
1239980806317256706
1251941448636915713
1238848400696754176
1248487039290314753
1253456092950147072
1262905759865753600
1240480516589211648
1241028163670552577
1240698893706219521
1239724872873508867
1259334039200243714
1251205565855993857
1254530070963785729
1240708418056445958
1243227173617532932
1256166736736509952
1239016059459571714
1261002672238403588
1253875405909635072
1245563582328311809
1248151242355982336
1248057073805529088
1235559966901182464
1263193218063175680
1247982520387489794
1240928777984671744
1253764548269608963
1239726891793289225
1266375516208066560
1252997983794315265
1239313710864388099
1247954842053742592
1264391280810917888
1240344717587513346
1240390028699852801
1248166256097792006
1238118381972316161
1243638982208098310
1246883137247940608
1257516850721763329
1247724318470983680
1243924274307571712
1239168510615527424
1243934180829995009
1251265843889164289
1237090587217625088
1246817744361787400
1253475817281277953
1240491469040947201
1262726881113145344
1250175780749008898
1239675780763877377
1245791187870658561
1264571842565738496
1240406353635692544
1245840954105442306
1268681079034204160
1242633675801612290
1259577734369550337
1251188033782718467
1243527678961074176
1254982093777432576
1246833978226749441
1238626567464669189
1239048482100576256
1238342503532843013
1248291051246403585
1243182450341228544
1245675916283580422
1245564245816881153
1238604110850646016
1261239366044856320
1270038195045126145
1238560263445663744
1242605402921017351
1243346868375105538
1253108798656569344
1250099089770975239
1243637866267361282
1253460652246667264
1252995191876866048
1239043568326660096
1241931601690480640
1261451679406321666
1269771249611407361
1241760777830367232
1239948754112909312
1255952048815771650
1244445367019745280
1251669536396451840
1237804684448014337
1257478505467645960
1253135440351240192
1251900937431666697
1236073411476103169
1235929172385689600
1252683029136519168
1253802625419665417
1250160236415066112
1241908392488316928
1240408974341607424
1243012680589418498
1246893172258738177
1250215988659990530
1240056187418279937
1260969836685000704
1238861868413980674
1243559178058285062
1264627632781570053
1240016056552431616
1255505919204622336
1262942380673716229
1259606931972304897
1240916472454668293
1270003545903947776
1242477119399251969
1246971578212122627
1251921589253410824
1240073831911473155
1255207674100289538
1254875129252888576
1245251916701057024
1236450239667716097
1247855365737381890
1245155334467072001
1237198733927944192
1245485266904723456
1239674000516808705
1238208558656712704
1241835952395427842
1239343477894328320
1237237325442187264
1254804750853439490
1257107341897535495
1243637581100847106
1254904903350312960
1248131855544651776
1245413818748088325
1251246561444671493
1247985200518266880
1241167305586941953
1239766843667210241
1240454987144200192
1254082149252304898
1243948480529403904
1256934795894022145
1253113031904681986
1247201590534119429
1247771962421608450
1243521689398530049
1242119860190150656
1240371637247266816
1242292205718515712
1239025403219472385
1249485726372298755
1253135072699580418
1260367198889095168
1246231850667950081
1250564815107612675
1258114616716034048
1254793423388901383
1245411090340687873
1240030300996067331
1248056941525467137
1246325208669093888
1250041726477185025
1235732381363064832
1250538833852194816
1240249359960326145
1248128208790335492
1269641555238936581
1263248223738703874
1236334724840394754
1237868744405217280
1243295571546443776
1249013838793641984
1255874099194335233
1245484845406531584
1240122193230663682
1242836386908180482
1260915284174680066
1250948056247345152
1262923963333775360
1248485149626363904
1243044333508591624
1243529561406611457
1252727754367414274
1249112448738582533
1237354446482440192
1241410859248869377
1237162052399104002
1242641786847272962
1243156365570379776
1243690177190596609
1263670656824213509
1236902739558510592
1253476226590748672
1256449957831348230
1238483159014150145
1240621932099309568
1245487957697597440
1236094517146681355
1243311270943772680
1251604036400435205
1251604532171333632
1259493347384754176
1247593634641428481
1236309896196390912
1249170645050707968
1239923995698515969
1237161322938327041
1241365455266353152
1245394648975245312
1237093745994207232
1241184639714238466
1270223850559635456
1237195189975990273
1252048812501274624
1250761226721939456
1251397463501611008
1236311454304866306
1255883297240088580
1243970831287554048
1235560572269342721
1263099549608001536
1240248496504090624
1245487928706568192
1253865472879202307
1248546940826062848
1238180473676972034
1240324752272654337
1237598418375065602
1253765028647493636
1268292508091547648
1239028256155807744
1253112963914969096
1242291148841984000
1254772938026319872
1243685034336411649
1242888202668642312
1266048692852854785
1245456601290543112
1248129587730690048
1251257343372922880
1243008391775227904
1239288746513661953
1235201336586756096
1253764972129267712
1236316652704272384
1259582908060360704
1255183229444816899
1250158717615722497
1237848458616115200
1261143072412446721
1258403655302119424
1252069136852750337
1242286713319223296
1241906663453491203
1253772246868545539
1244304823949852677
1243155204486430720
1246735745148166145
1245703936230785024
1263657079367176192
1254792499597541377
1238252457635000321
1241849184480899073
1243560381559246848
1242644169916547073
1237846448072343552
1236114970129006598
1264300773074186247
1237388531217174528
1247903463922487297
1244349877087350784
1261020388722606082
1244821387052711936
1257736680196489219
1245021472076292098
1251280823506145281
1247554782723747840
1240655141625364480
1246908531942526978
1260627967308423168
1237057616976777218
1245170328877379591
1248711478892548097
1254974351285329921
1252584827976658946
1246469715591073793
1243688178973802501
1241412301309333504
1254977676932263937
1239072822770761729
1248665653097246727
1245856684305559553
1242329732546531328
1237796740817960961
1251180757390852096
1245250048922980352
1249169974943518720
1239432607617646593
1241586883571994624
1249705078686191616
1247165069038772229
1242637303874572288
1265253535937171458
1256210166699167744
1237206342370295814
1253137578905292801
1253137348428267520
1263616261243785216
1236745342957346817
1238177144024584194
1244719561854922753
1237798686601752576
1237905121415254016
1247995485308190721
1245811020582576128
1246230675835011074
1260990808859312129
1243018079577276417
1242897588501778438
1253084816460976132
1260219811994492929
1238849147433881600
1242169431880601608
1253501812331724801
1265660708936658944
1255448178318544899
1246231562208894976
1239892621776035846
1240478190335856642
1244355076996632579
1242306410936971264
1244355550873255938
1241348408083963911
1241377707352522753
1263854948896444418
1259687402622390273
1243531173575503872
1255490289432739841
1238526477106323456
1254815839997624323
1241026554324533248
1238628927838568455
1247575973966512129
1240783416846581760
1247557515254075392
1244458207189381121
1248056910651068417
1240484774378078208
1244459603489959936
1244382126474215435
1240350108199333888
1239171315996790785
1244715542268776450
1241909696963006464
1238190212955672581
1237867051428896774
1254259168665645059
1241089457442430976
1245504069487247360
1245504778232356869
1243004413465296898
1240461075763605505
1249874342114197505
1251296604478373889
1246567079488245760
1243970715507986435
1243924041683161088
1246172383402168320
1243316116153339904
1267427940020748288
1260711835562541058
1239279326744502272
1241169279451631617
1251256060113047557
1237844876256890882
1244403933185019909
1238246233132711937
1260748699015274499
1268184812717838337
1260329872993419264
1255493149994164226
1247766969643716616
1243315964562886656
1247005752281235463
1251300590820474883
1237916483625287681
1238976163793510404
1235395556425568256
1253763463282900999
1257447567320920064
1245788887072608256
1254171821567590400
1244400118469623808
1244480923208384514
1261027101903400960
1244874691648643073
1269438605891698689
1243917580903026688
1238117391739092992
1238177629443948551
1252358685763895298
1243027743261982721
1253092392254812162
1243989943434821632
1262920876162416642
1235252106296266752
1238209116021145616
1242308898016591872
1238210991718117382
1247889324118401025
1257052430803570689
1245997353208885248
1259848310061510657
1252018909999509504
1240706333713842179
1241485548809859072
1244713411851825152
1243318001669214208
1238704559616405504
1260437088706666498
1241726720404848640
1238840482060533761
1236358722227703808
1244387164936437762
1247497067146219520
1252977089059475458
1245681910162108416
1244489705552576512
1241971839670210560
1239722410351394816
1250850180276137988
1253503629400707074
1267429246231875585
1243947840185008129
1248024681770373120
1250156647407931393
1238980974626705411
1239341954330243072
1239279478813143044
1244458210423160832
1246597769000882176
1250886985306300424
1240490395924148225
1246889809261535235
1236352135769600000
1238962991661568000
1247907142486589441
1242601098176860161
1246468557858209792
1240111128874831877
1238991199186362368
1255015386417778694
1237236238354169856
1240479509285134340
1245671781840666627
1259630110195494915
1254089218965622785
1239800714232291328
1261303767812669440
1267508021728628738
1245412484820938752
1239805204876402688
1267234908323414017
1262748493241659393
1246832219617988608
1264950471753707522
1242566062316584960
1253765962765082624
1250497783636860929
1249391082602971136
1239019936342855680
1247896429395193858
1261012433071673346
1239499997281910791
1239005452626726912
1240457448546336768
1261121690232373248
1252291482515640321
1252972193312657409
1240408466130448386
1264665356272107523
1256049014845431808
1246921880478658568
1239991292760936449
1239479098675773442
1240353131172675586
1250415127498756097
1260350825316192258
1255570489277403137
1247234872109867008
1253134745187299329
1238538646086696960
1237905181989384193
1243719845419659265
1256775553685901312
1239222132309188609
1246416599122358274
1242995851515113473
1242635033485217792
1240482565070487559
1264195844078739458
1238196320151748615
1260559738217082882
1243927245036584964
1240479090290962434
1252357379154341895
1251276771456155648
1238146759525834760
1245397273233801216
1239892718060527618
1262336493626052610
1259154446996602881
1241863791576580096
1250544632024481798
1252288353258606594
1243953371415031808
1236431458992041984
1265344673842946048
1250385184135852038
1247907431386165251
1242697839194640384
1265339409022562310
1240113620463296512
1238860516812079106
1260331232858124288
1249785118685835271
1248810426323927041
1238960240533667841
1248080353857806336
1241966768051998720
1245295150160584704
1254818233045127169
1251641666525675520
1254504339776946176
1244621199994388486
1243352059367358465
1239352677806596097
1241146024191832070
1253137028134420480
1244617631270830082
1249785657788108800
1240783006157148163
1250417129267978242
1245488968839430146
1238070017863880706
1244458202261065730
1237937433225854976
1244351324151525377
1250497899106107394
1255953042328948742
1243747753680928773
1257743646171987974
1242992546361552897
1246750347663728641
1247308117488041984
1237732105423138816
1237940309293703169
1246871653465952258
1238962992907255809
1249782961484038145
1244329708986269697
1237906731705020416
1249784755731791874
1255576194415804417
1244334176083546112
1243933806018670592
1243017168586969088
1245183843981811712
1237971655940587521
1251275571935526919
1243751009542864896
1239888860118728704
1243754008394768386
1237986767376191490
1243353061227200514
1270043280877604865
1239282887700164611
1250222928383393793
1243313778642554890
1246745904989831168
1241443362043056129
1242909825161404416
1236726467830206468
1262375008774561792
1240705801112543242
1242177386516488193
1257358334916780032
1258031721389449216
1250018683369504768
1266375925039427586
1250219182718943235
1244733575238426626
1252965085565370371
1240709227984945158
1244458209244590080
1238165797387853824
1237910272930611207
1237908254052831232
1263594309363699713
1236302748804616197
1239968932645109761
1243349355458965504
1259220547235446785
1237206008600178688
1253091590631051265
1252131331749920769
1239182364871360513
1237908753250430976
1237909328767705088
1253810282935263232
1265659956809945088
1249784601993715718
1249776205571727361
1238965060090974209
1247752682804150283
1267558019740717060
1256016604959252480
1238815307227160581
1248563479880978434
1246236876761161731
1249784095359610880
1237732595716284422
1258461660853030912
1241442271012233216
1243542393103814663
1239969188900290567
1253854427590639617
1259976897628377088
1243646305253105665
1252583433039228928
1238977898268233734
1238978901860376576
1239426178789842945
1242139317583122433
1248330632847134726
1239278635502231552
1237544981075640322
1253806074525777920
1243241963551367168
1247240737458196481
1239423816629129216
1242260770144034817
1259976008108847105
1236065175217860608
1253730009489031168
1238545587559170048
1242261331778187270
1237544496511901696
1237945265040039938
1269608928607961088
1244752257083674629
1251642080318930945
1251444440171937792
1236066658013282304
1244155378822262784
1245468918984122369
1257343221522464768
1256623960374075397
1236063294533795840
1265283230514786304
1238128720604532737
1238125089469730828
1246110754048290817
1237544241540161539
1256754272567537667
1237545738927624193
1234924200294584320
1237943673070874625
1248334566374477826
1248333445048213506
1269951583317561347
1248332859703730183
1243247595910242311
1238546963139878912
1260728531514003457
1242143437278896128
1261721521720041472
1246116922770497536
1264457646498856960
1250914411415568392
1255278721759678467
1246857753404084224
1246342288613179393
1245534470666686466
1258867826711986183
1246315934551343106
1237586552256991232
1237570094001082368
1235653365419388931
1245422341883957254
1241731037220274176
1243886530466381824
1245781505768599552
1243379748840943616
1243341960447963136
1243360146203406337
1247659247774687238
1241794508913704960
1250139131541360640
1237078891103125504
1240969359436242944
1263570630135500801
1247647556378611712
1256380451071176713
1239361766615846912
1250834983759089665
1253047253423534081
1239585414379384832
1244437370545594373
1256375139073212418
1246998098909499392
1245427173504233472
1264559965496369153
1246266731473108992
1256410506287603713
1248733897162199045
1242341925862203398
1242445606758633475
1240185039582879750
1238988352763953153
1249368642845921280
1241778363494207490
1261864864357769217
1238264184783208449
1246502883169832960
1246340259308331008
1249691293258784771
1237438693071302656
1254163659263225863
1243878562748411904
1254158527435870212
1234909758580252672
1256912561829748736
1246263631404204032
1242524446562430978
1253741829926924294
1240289041716842504
1241883450635886593
1241016810050326528
1259267556961071104
1251378564567449601
1244451984196976640
1260212221264695296
1257374451475394567
1236837058892763136
1249055025202167810
1241733552590458880
1245744711467438080
1262451641439211523
1242653082112217089
1238761058325729280
1239561993205489665
1242227911157055490
1237768724125569024
1242761358107709441
1243308165090938881
1240989444963999744
1238530950507659265
1237570129522610179
1246141866984255488
1239535540657172481
1235385899887874048
1242198872555995136
1239685599747022849
1249048461246377984
1269151870498549761
1246147679169716224
1238895381213306880
1262787264289136641
1249908594948087813
1247247805707685889
1240130903977926658
1239742558206599168
1264353832458428417
1241853361760030720
1244575445334573057
1253754265828569088
1242115158589296651
1251383622319341569
1251127427465650176
1259858275778154500
1245086223053606914
1255733520183541762
1254486796349706241
1252641948609007616
1264548152541052928
1239003061592481792
1244605917250846721
1246123261974511618
1242533858790256640
1240082568667631616
1237837729200615424
1236485286298861568
1240143200792326144
1253639681343881217
1243511778794967042
1245781134136483840
1243252583583580162
1239599012333981697
1245727239473422336
1255982867940814851
1242546960512491520
1241030013329092608
1242983124046352385
1259926706892267521
1242543586345877511
1239372762642333697
1243127719648530433
1252041267892170752
1244067388322127873
1260362254953873408
1238241912601169920
1252022036312084480
1237468833650114560
1247586963714199553
1255690454114471936
1254114016336756742
1245523393375604736
1252607076293054464
1235628484812103680
1248757593008410626
1238431644660441089
1250554607832576000
1255780836345098243
1240377437072039936
1253540744444481537
1239252272992878592
1237835510967676928
1238952268256468993
1238701588514058240
1244818036558835718
1241722559554600960
1260319617337171968
1242078190237102080
1256367538520436736
1257073928943665155
1256349145507471370
1240599882383187970
1238301421474373632
1245099980009897987
1240525430068838401
1244580395989061638
1241794693219913731
1240093315518943233
1267473171202150400
1250391956343136256
1247413058680602624
1246940887688634369
1260606929279188992
1237111260132638722
1240337143630790666
1238663089530318849
1237928224203694080
1240302863521394689
1246557826266411009
1237145485770731523
1244421880410443782
1237764798097612802
1246125709958971394
1246064913975476224
1251127884061782017
1245712164599541761
1238608835238973440
1249039945626529794
1245934616294199296
1240640408138452993
1239396938853814272
1251570878992826370
1244725387269230592
1236812167493480448
1245710857172066306
1245041936681091073
1249407195462197248
1249234442792701952
1260201011714686978
1246059419869360130
1267946092060192768
1240885928421404673
1247876948744900608
1238795895048744962
1242818236502159361
1242748046825398273
1237395603455225856
1239331555480424448
1262222504283836422
1253155168050438145
1242527220054319106
1245223917524000768
1240512771567112192
1257829828230885382
1238519410425561089
1240412690817966082
1238529846139068418
1252322857331326976
1236471533335384065
1249658408564899840
1265965453429612545
1242824834020716544
1237146597110276096
1251574506730201099
1265322307226083330
1239004444374827008
1247734115824291841
1242860096041951235
1251997667024125953
1251575064262324226
1237725915964149760
1258514071256592384
1253890187979100161
1255640849272225798
1243973198523351040
1241779111581933568
1260216479368314880
1246926582964523017
1257032408588845057
1245729306921361408
1266164070958465025
1243136480723288064
1244297112940142597
1236136288530714624
1265738160744599561
1243304429895516161
1242195307317862400
1238655361382563841
1238754830040150017
1247528433329963010
1236842379396685831
1249006103737913344
1255611394709508099
1248077003380662274
1242490691080642561
1258570610835443713
1260624409724944384
1262430311922774017
1238611942488539136
1237224472492552192
1248654089111601153
1236809284731703297
1244420690733862920
1252303023101132802
1242164329023246336
1259797177855074304
1255676256005300224
1247944700012703748
1236679930039226369
1246869297076592641
1253544210231410688
1242586420042137601
1239036083129679872
1241189716160102402
1247463833712672769
1238671710792159238
1237049387626397697
1236374420685537285
1249838034285182976
1249839133100519424
1237528406322888705
1239664204203900931
1257818827196416000
1253140851536035847
1245178133030068224
1242932650450567170
1256635191558320130
1253537690974371842
1245099877043929089
1245137791840903169
1240513518954217473
1242672116652277760
1263089784114810882
1243871405214662657
1240286403772153857
1237932686968336384
1236101761657643009
1242131470002642946
1248593733827866624
1248971543063023616
1242146352185966596
1238308700517011459
1256220476889841664
1257294752044724225
1256374838912057344
1250992646249680896
1245391406237089797
1238108326875009024
1245323817263734785
1239656784064897026
1254486841438461953
1239734895544500224
1243715751837667328
1245910369262018561
1254543556804513793
1239775962625183744
1241297824484073473
1250900166539972609
1238111925571072001
1239481715028090882
1260322964429471755
1248261573384245255
1242534705456693249
1239682264860102659
1236464140094517248
1238043765195116545
1254923924456046592
1268627734130982912
1240714906443415553
1252043428428419086
1254922029318451202
1263456417274617859
1239037181886332929
1242644640488140802
1248063987155177472
1242230489693458435
1240216276796157953
1247714680442888192
1248180815936262146
1240085216548585473
1260284691946655746
1255529649221840897
1255635751825559557
1240761627298930689
1248099970374402048
1252561626080911362
1242903269355261953
1243621202532450304
1240322856640225283
1246667809536512000
1242888140815302656
1244310936464154624
1255223056856907791
1241313333514510336
1249788796218064898
1240501866179571713
1270007851566718976
1240666051672752133
1254958199591108609
1235960800659017728
1246060548866932736
1251858688635277313
1253125221101559808
1236404397103558656
1249484846730182657
1240504113177247744
1255902705207447552
1245926129271103492
1238905837848014848
1237539162481254401
1240470056427040768
1246871746805932035
1245648635804536834
1263605455294812161
1260216093395898369
1248108733894402049
1236958456080465920
1268960038061735941
1248625990399483904
1247135011360378880
1263545147482091520
1243578924443021314
1242439169013682177
1238412470995337217
1242622539366572032
1248452207487463424
1254807857343717376
1253487576675160064
1242669277863448576
1242892455013384192
1238591389757313030
1250641825653829633
1250646759833063425
1243677705859727364
1244768790027677697
1246062032409047042
1240788256092049409
1258581165805625350
1240502621682753537
1252065299114987528
1235197323321450497
1241868224720965632
1248630469442383872
1240500314022858754
1240626709143175170
1242287107571437569
1251690164319068161
1252560414170402816
1246017867809726464
1253068771947876353
1236753173899022336
1239708371470749705
1255266080001593345
1251105334380371968
1244821137563025408
1240502378585079808
1246766555918204929
1237499769678938113
1247886937660092418
1240673966567690241
1248093550379753473
1235542803293208576
1240070339436122123
1243172516711092225
1250865253623234562
1270473347852316673
1243008106742808578
1260645099211382785
1239387696025473025
1270146230979629056
1246547482940788736
1255689148599545862
1240025085823586304
1244039304453685249
1239382007848873989
1243138210211004417
1243709396867153921
1240697513704738816
1240451512649822210
1253527255793483777
1250459852457103362
1235783854042025984
1241141682856431616
1240260290043957249
1258777773742620672
1263954963421704197
1240027745427619840
1237482183897616386
1258327401366462464
1251550550392541185
1240106082690838529
1240242750110543878
1252217525460492288
1240537380802699264
1243342090433638405
1236817127857958912
1253472960670826497
1268179691833372680
1267831684461850624
1242918073398673408
1246450977747632130
1255220609069527041
1247150602469232640
1260053354182574080
1245557008499118082
1245796031536775168
1257107895608541186
1257725798460592129
1252279686442426380
1237756887753527296
1241804821272854528
1258178228440707073
1263244486638960641
1247317139415093249
1254938286705041409
1245218142441418753
1266223306505695232
1244474281549082625
1249905239974653953
1248511107850960897
1259953555265421312
1246776967548076032
1241186912859193358
1260789670700605442
1245150904220823563
1253491162092130304
1251780700988149760
1243374388759728128
1242237980846120961
1248744422780657671
1253468081831067648
1243965820172189697
1244238047841001472
1255188340485341187
1239275229651906560
1240686976988135429
1236684643493195776
1259492888901062656
1246248243228336129
1238519709529751553
1235732856619466755
1248744144547254274
1240322454301691909
1263806251852533761
1235066974209740800
1246290737710485504
1239320103109431297
1242906907888812036
1241722870142820354
1238981136413609984
1244615215792209921
1251958969981173764
1239015685726109696
1237935025859018752
1241580929308667904
1245808449205788672
1254183487915122692
1242791322437726208
1250076015659008000
1237186410442096640
1236301549762220039
1250064281606946816
1246271891159031809
1237882357153009666
1242456319245910021
1254858444605059072
1269736040119623680
1251431873353592836
1249666847827468288
1262496189708152838
1268675801404313601
1251219904335921158
1239344629658587142
1235425945525334016
1249161945296617472
1238791982862008320
1243964400622600195
1252014762696888320
1237596822828249088
1237709038714052614
1235762401968099329
1241259659689955329
1238253944561950721
1241505838692474882
1247575674459762688
1240103126843219969
1241933911497805824
1238569169437822979
1248105953255403526
1238430983336198145
1245808143201959938
1245334556078718976
1244502768603275265
1265251990445178891
1241135000600403969
1254992461161783296
1241766183990427650
1249345680612737027
1255924323996569606
1239990710537015305
1240019973462020097
1253354745328271362
1255585326543835137
1237379842389098499
1236789877594828802
1238992469234192385
1258052607580536833
1250945221359046657
1256970797970796546
1240460022561353729
1248122420071981056
1252076863608049664
1263928761638141959
1237377009241559042
1246086839192125440
1245927505002934272
1260226278302666754
1265846738998394881
1242562225350619136
1245145891301994510
1239717656300838917
1240406719030796295
1242898097069535239
1237375503159320582
1246617335332589568
1240650498962796546
1243041915395858436
1240459536546267136
1238842778601369600
1253771723058659329
1239013633516019714
1236348440122216448
1236711012025368579
1245398471068303370
1239310788831125510
1238072696967245825
1257431576008409091
1246544973660594177
1266759793366237185
1238482243334668289
1254854403435253762
1254230237665202176
1255606539852877828
1245860050511392769
1246621619641929729
1237917202193448961
1261146673172054017
1239592385698508800
1237201519470149632
1261091329922269185
1240456722034102273
1254141307909484545
1260224596986429445
1245668058284335104
1245291214418710534
1243992140058943489
1239357501486833665
1240455259149008896
1244719982027694080
1250042603845885953
1243718557256613888
1246416549474381824
1242311793055334402
1242813187822620675
1252291554494087171
1253133657889521669
1264302375759753217
1234999327908515840
1239714653099483138
1238538331224518657
1251176494153510915
1243951773498425344
1239941335387439106
1243972775712301056
1247774637192175618
1264651828710572034
1244299053078364161
1243758124739198976
1261872206562447360
1242640258925240320
1262279755803607042
1251880467156041728
1264643099596328961
1254894663632408576
1249778975372726273
1267347743128924160
1240705717184552960
1238147216604356611
1247235142608977927
1235968912413646850
1251218876555296768
1258400525143494656
1239502388366540801
1249316145527754752
1262151312369729536
1257311190218272768
1241273530941145090
1240484536204525574
1238961401625894912
1241438666960056320
1241081297264676878
1243645302852202496
1254415880576028672
1245471831202697217
1254215055249375232
1242260305276801026
1249194846818091015
1237942422631522304
1238549236901437450
1238127393157591040
1249825272469348355
1256730257111035904
1243247489865654272
