1246859669374676992
1240051156900089859
1257688390235049984
1244327754537021440
1253713493880115200
1245051361621917697
1255292330485170179
1252402608754458625
1259929683191349248
1242614267683262470
1246108445134278656
1238895992172396544
1253812571389546496
1238202083490349068
1247257509599068161
1241528650866057217
1254440686314762240
1248037355816091649
1237851461574246400
1244358162930716672
1245802734634307584
1241821780353994754
1244371452729663493
1245721161532674048
1246392587256238081
1249643286823948288
1245032837650227200
1240609197626097664
1267257079963832320
1244856192222052355
1245439339238240257
1265992556376096768
1245444299107467272
1250481370855505921
1242555493731762177
1262415732522061824
1263970094331420673
1243307247020761090
1245433792505970689
1250748300866846722
1250923980388777984
1263204810423181313
1254105829688647683
1253364870256431104
1243498822132793344
1249260315017166849
1253054009600024579
1269405248076079104
1259299327618494465
1238949629716320260
1251594745757028353
1239266122811281408
1251311215210528768
1244672223039885315
1263001898845683712
1269244531473412096
1253516958445834240
1244674150934986752
1241034441474138112
1248269205318832128
1255318908711645185
1244122719098208257
1245415463976407041
1241601659190591495
1240377193915715587
1246476916355407873
1246422837218377729
1265080093384343553
1235369657797881856
1246950706151555073
1238216368463458304
1246913630286864385
1246501290110222337
1243587292549316609
1263119654249213953
1248923099657129985
1260616121230729224
1244635105227706371
1264156300033830913
1250225665909108738
1237584508167139331
1239346385436041216
1237852081047744516
1250108112306126859
1246810534361653248
1263971278010056710
1246937583634001921
1237222125146169351
1252566142180302848
1253429710995943436
1249754965461041160
1254870902631804928
1269628566716776452
1253076649920409601
1250423661414080512
1245421619989839874
1246183457979535360
1235671326934863872
1238895053508091912
1248337913009639425
1242208290173587458
1242879118129102854
1239742185655939072
1238939240798523394
1242928905666912260
1236486639213588483
1254971860770586627
1256296811339427842
1247634400654831618
1249468830147100673
1237138387674501120
1238026980987146240
1257824351434551296
1242452175458045954
1239204185851256833
1236699466033487873
1247548909712441344
1241082633955749888
1252092611927642117
1247567964360056834
1240774668036059140
1252235598925987844
1265377619815661570
1252718722525138946
1243355139970404352
1245035500962013184
1242425105432616960
1238759341747994624
1249752351566692354
1240052896638611457
1251604132395388928
1240334966380167168
1262168850109468672
1243461994532999173
1250207264348286977
1254107455849738241
1245888641672585219
1240772323084558337
1254505081401151491
1246507458421555201
1267955905234186240
1245884640096894976
1244205707257417733
1245105741075185665
1238105896246489088
1245439215439163396
1238152480522985472
1255256005228793863
1251154744187301889
1239600084788162560
1264274484900454400
1251899255591223299
1253811155728052224
1236974418846519297
1248245109843357696
1245324530081554432
1261345458028457994
1245103957992767490
1242415614569910272
1254116841745797129
1237513746618056704
1248397563050340356
1245051943346679808
1245127194927661056
1257782562514178055
1237926733640355842
1262784702722736130
1250140388301701125
1236699472635342848
1248277210785611776
1247878455515058176
1265362228489990145
1246478601802915847
1258298606064472064
1241009741301714945
1248659446928195584
1238878397213835264
1260212969646043136
1269325547869536262
1246939649853009929
1241465448434106370
1237572633392078854
1266426664260698112
1258753923860627458
1246213038811774976
1237081884125024263
1237146107710517248
1240065604268240898
1244570220846632962
1239186686434820096
1253551324672770048
1242324315397373952
1260587093924995073
1242985204274388992
1262403181688033281
1265336007332954113
1250353967747330049
1253817454712819718
1242524656587980801
1244431745241559040
1236484635921702912
1237573985866362881
1268249522536316931
1242941668741046275
1238057311693934593
1258408027478163456
1246438803272802305
1243365151379558401
1258501953845370882
1243324753764638720
1249418022542086146
1241818903791140867
1236430099328774145
1235756600931086337
1242136372930117634
1257249409127063553
1240732086815817730
1244368125786820608
1257390835705970695
1242528184874213378
1255367194650836992
1258200281571045376
1245174974232567810
1241619061022371840
1241619710011215872
1255535950668718080
1241804066843512832
1251563916628557826
1236015499051511808
1252298285479493632
1245543286955216898
1237850471127109634
1255977444668039168
1237852343778988037
1247340229310234624
1254460930592780288
1240987449016438791
1237834129762369539
1244430605225508865
1258917838687023106
1235898805976993792
1245449865926230016
1237131508365885440
1242778518112604165
1259867978004389891
1238086822925869056
1241705871593201665
1268596206952787968
1252201369311854593
1239883584430911488
1237215091990376449
1237111063528775682
1261343669161885701
1235435723966353408
1256111317313781760
1261667723068583936
1237412705675489280
1245135127623151619
1259356805907582976
1266224448438439942
1260393786091454472
1243888020060811264
1242086242487058435
1248244642325254145
1247882941641961472
1257643587413606401
1245277748999999489
1249746171620478976
1244977527816413185
1267127759882596353
1239689449845424130
1239558529884852225
1265616531813273603
1242550340337250305
1237928341321191431
1260289535499538432
1241739248518205440
1243367875265486850
1241675832344678400
1270284906879475717
1235748658534133766
1255981074158702593
1261546889658470400
1249461327015432197
1235672683242598400
1236396270043922433
1243424424692338688
1244673362032549890
1268953924511424516
1240724311113175040
1240064777168314368
1241200026837270530
1243157784847437824
1268900872609726468
1238033296594022405
1249766855322951680
1241030268309340164
1249514273027522561
1267945725050212355
1240410718115160064
1237261418455539712
1242580030175281157
1249822287240577025
1236287959453839362
1258370759673745410
1258802389852848135
1250817011162243073
1265178740994293761
1245446479801614336
1265357727859191810
1250104964770418691
1249000924728696832
1263026883521728513
1247640741549129728
1250269130252410886
1238437395655274497
1242590008302809090
1238519185065627648
1249032280611438592
1246486408275124231
1263996263344803840
1239187803667398656
1252647438852198402
1238322999138410497
1239657078295322624
1248245355864440832
1238276687743328257
1238271880706035712
1257684220736163840
1263565191935131649
1243630761934282753
1241539364557070339
1241523713436246016
1248322210252705792
1256348655960948736
1250087509700366339
1247121101097963520
1265198459092598784
1258796733368279042
1241806898686496768
1242650396176388096
1247290070756884480
1248726520211943427
1250793177671499778
1242526673792270339
1239956991847682048
1261400866491375618
1264957526463991808
1260626876722302977
1245741995173216259
1263507867908354048
1250579014864994305
1248657146130071553
1237248906951643136
1248242083011473419
1243264612298080259
1270305658244599812
1257093723210612738
1263861948711608321
1251309248971264010
1261065778679427072
1252668357398212610
1247111621832556544
1243128371699163137
1248305240434192391
1250146748481392643
1267895222144512000
1247611796661379072
1246953976383356929
1245343984169504770
1243500322645053441
1244949675062562818
1239645908368863232
1239598391585357827
1254527118547050496
1248266015051571201
1260949069146529792
1245933354236739584
1243200351672696832
1256299604573917191
1258898826364104704
1265613866702118912
1238664193353691138
1236454962969919490
1235706595331305473
1242823681212125187
1262457791308083202
1243623126879162368
1248647392762777600
1250107553314492416
1254389933344784385
1250834889399775239
1265277093664960512
1246463902424203267
1244633426109575169
1244916233788690432
1240821146972565508
1236473970746167297
1236653870388072448
1243697011515367424
1238134449134592003
1237890135590461442
1237406071599304704
1241814139145719814
1241254003226349569
1255608866613665792
1249366583367077888
1237570795796197378
1237056413681291264
1238457390237966336
1238863847273959424
1246851594983018500
1243490925105549312
1243329849223262209
1245326591284187136
1239349865408270338
1237083235076759552
1265889994612367361
1242719409476640771
1255528561441718273
1254461822830292995
1241759934808760331
1259091600858382337
1243940821499629568
1236699469774807043
1241329511553216512
1264968655718305799
1258418864120979456
1255841916891136000
1248404952055033857
1261668029701787648
1245720826328100868
1265015447428177920
1237519621554569218
1244420557225033730
1252644968373551106
1243265371228057600
1253644075603046400
1248305092836708358
1247501464014127105
1239870867028541440
1249340914994118658
1242275298114244608
1236282669568348166
1236289521072865280
1238643553250705410
1247685310919708673
1242213846321954817
1244589527773196288
1246962258477015040
1242928602913660929
1235897920102248450
1255105446525964295
1266348857643937799
1250746245720805377
1243984962908565506
1252568787502718977
1241086169980571648
1245805508298182658
1238029587872993280
1241782960585613316
1260580473551630337
1257058263511810048
1249858305373212673
1263509721278971904
1258991311392251905
1241698748285190147
1257323539314573317
1239686477547745281
1240395191795712001
1242925376369762305
1240755571038523393
1259921637983629312
1252269212254560258
1240769163502723074
1239263044292706304
1241474554595348481
1248345795319009306
1244960288178388992
1248768801728069639
1265628686562271232
1242982740871589888
1238660817039613952
1242656712085114880
1267334872084987904
1255481205270724609
1245131445816958977
1255165278805200900
1267971688240734208
1248036202386804742
1246195817876197376
1247490377390702598
1259918213145600001
1251161851397763077
1240802946906042379
1257360151042043906
1243844526474739714
1242947765807833094
1249732038401429506
1238898279099838464
1249027122150158336
1236699450413907968
1254555690108149763
1238024600312782848
1243974484505374720
1257862725390274567
1247118935197126656
1245724711000080385
1265058504173371393
1242668098555166723
1242161757176635394
1252648885832634376
1244911323017809922
1247656333924618241
1251304578299068419
1239571627697942537
1251453992674242560
1249024366194479105
1244589338371010561
1238701505429061632
1241700198906236928
1252931819290284038
1265053128778567681
1241901275719106561
1242443212029071360
1251687900464513026
1235704037313515526
1265053043835523073
1241892013835980801
1256638993757802497
1255524186707111937
1238801051559624704
1244680407133622272
1245062601278722048
1235676041315840021
1245783744029634560
1260618547044237313
1244656039263383554
1245764581823299587
1243161996721356802
1236291991572566016
1253318781155397632
1244317670872416258
1255230662015160324
1262152888299794433
1254144084568088579
1244323488292376576
1258452094870261761
1250023555359739904
1248302963954798592
1243269422015447043
1241719375880691712
1236812746735456256
1252054005125189634
1248950357138575363
1261467965829988352
1237724498117496832
1238863692130893824
1240716877573357569
1245392005292797952
1247943367666872323
1242094065937776642
1239525738639998976
1250443440120365056
1241415520253026304
1237441645211197441
1241534159857860613
1249357549868113921
1238584921997955074
1237367677984915456
1255661819575894016
1247917870350303233
1253004204899213314
1237812238582497285
1247700509391310849
1255663411771432962
1265682163686608896
1245869126414811142
1243630578387353603
1258880398282588162
1242988080979681281
1252867560573296645
1268542154928001027
1243456871836549123
1242864030966059009
1243602673066270720
1236283930967506946
1240468214930423808
1238280495139618818
1247631825410969607
1249788271154118656
1243628261915209729
1238762002987745282
1236377400369438722
1257653986565423104
1240069349312024578
1252649229190926343
1242959974499790853
1237833731794231296
1246612522104487938
1243367743501541376
1260192609974267908
1258851284771356674
1262961748488990721
1240806439628791808
1266911802073456640
1258105121071824899
1244762395777662976
1249743359763255301
1239649440727814145
1242879507356409856
1258081227820740610
1258569131332378626
1246781745657196545
1240745848553734145
1238592824398024704
1252633372498804739
1240214578979627012
1259952077708632067
1250523855862607874
1237917676338663425
1241612510295441414
1263417599955787777
1255841733344145408
1264001128640983042
1264918454215286786
1250866695440404481
1257404784010821633
1234901393724538882
1239887840588201986
1247049959813283842
1247232247872270341
1245153483722022913
1245136199855099904
1249405807529254916
1244760885362597888
1258953079090790400
1243977057643704320
1267264737513005058
1241123293530411008
1245103096801431555
1243873180139257856
1239258591082819591
1247940797699325953
1243730155824168960
1238440685126266881
1257361820958052352
1258025530055688192
1242650176751362048
1238664550825840641
1254811658079305730
1245527816457850880
1242620738340782080
1249024936661966851
1255839674846842880
1236397345086025731
1236425853241884674
1255659424934440960
1256196705667690496
1239162125374894080
1258217605409705984
1266303738219687937
1237540019864096768
1245139669085499394
1243256790919381000
1239775025886101504
1247880124357316608
1251674696619343872
1266371564498382849
1258378611809189890
1258169237006356484
1262363699601379329
1237914791018184705
1248305324316131328
1243893460324814848
1238566241218048000
1237398322387857419
1259456732138536961
1240130920583245825
1242953577364152321
1239650850672443393
1244264350589820929
1258377981766053889
1240431598820036610
1238106828292186112
1245716077268647936
1255557335390531587
1241803413375115265
1263234260820992007
1240327269882748929
1242079120353382401
1239644827857358849
1253371877021626369
1260235451237007360
1263030179393347585
1262235174357667840
1250860041168699392
1252033740563456004
1237919832009519105
1257484706536476674
1240222669095698434
1243294391390871555
1257656339586744323
1258149661824684033
1250523085322825731
1238232160676519936
1251110607845285888
1240326748417462272
1241136752695394312
1240827133330698240
1253171390229987328
1251112262628257793
1246432821159362560
1235770674347741184
1258324688771649536
1252577901003890690
1247225541675155469
1259945977277972487
1246799192498081792
1236607325168959489
1251855306772135936
1257541508603019264
1250744827416924160
1266063004581482500
1244588586185494530
1241773131326541824
1245383318197108736
1257617287860928512
1253012523344900098
1239645028189974528
1240386913065938946
1248064051428589572
1245443112429903874
1240791270756319236
1244554598959984641
1251982409580589062
1250837051026612224
1255838094961541120
1258171530837712904
1262838164089196545
1253365956203732992
1236081116597178370
1251507165329633280
1238609750113300480
1240810198421377025
1248615102305030145
1266067466674999298
1236333087132352512
1266198769604931584
1246871794650316804
1248628544000966657
1253067170256478213
1240424230250057728
1263662965636698112
1249020858057850882
1253488544854704130
1247135927547420673
1247156738014543872
1239708574273679360
1239067076603543554
1239562437436768260
1259886678086483968
1260690742684585990
1251199672494014465
1237404339658010626
1237766284684800001
1240357942911737857
1265890213651517445
1241868222917476355
1252587617348173824
1241502861361643525
1237138964244553729
1253063675876909064
1240307622391222272
1258149218302267395
1260176757384261632
1244239223693217792
1257693268206325760
1247791143141531653
1260406959314030592
1251169875424395265
1242240032502620166
1253484110430994438
1237112816173187073
1242236589549461505
1238923030082052096
1250591020334690304
1262502013415407616
1239251531700019200
1245869800259063808
1240718761717575685
1237913956527804416
1255173835818766338
1260296044707041280
1248072317999210504
1263230353117937664
1254811129462865921
1251914783282135041
1242882977350090752
1241414610340794370
1259537406706974725
1258214751492079622
1239287417993154560
1259658645945626624
1248370606812409856
1243998904531681280
1254919471275413505
1265801637177823233
1249669573827104769
1249326386801717250
1248548802744680448
1261688135118917632
1238232082125635584
1244002210738028544
1248969059519082497
1242106644953206784
1244280416703590401
1244405746302943236
1244002931898224640
1235721649586126848
1244764779203506183
1246248515979874304
1245386358807498752
1242146220660924417
1239380575103975425
1247725996343779328
1248419717297000450
1240210777673531392
1238189781848395776
1243499961666490369
1264005294528565249
1258490641295826950
1265699773899816961
1246135752993497091
1244306244136992768
1245400306009231361
1238283145746792448
1237118723158421505
1241510301650034689
1248195224125480961
1259382455980654593
1252242938907811840
1257467922970284033
1257697371712114689
1260187008661684225
1250678091078414336
1246035207314116609
1253128421892411394
1260494914024022016
1256705535912656898
1251104505409798144
1237370493889626113
1246123106994970628
1235597048604487680
1258177618211454976
1239021008486633473
1247083469278195712
1242934293325918214
1261424695703789570
1246881276155629573
1240430672596082689
1250207083812786176
1248031924414709764
1243111128714162176
1238601754285137920
1241932095179685888
1239941803710660608
1248801865166356480
1251192539132149760
1245568678428422147
1246170979912560641
1237508969612140549
1250493955101331464
1239324243218792452
1265789196435890182
1243264339215351809
1243106927120388096
1253762399301222400
1236647198185660416
1235599326086344704
1253513673060110336
1237498558577815552
1247901197920419841
1246624949734907904
1248629342613245952
1238269728562589701
1238444153580609537
1258152403574145024
1247212157038727168
1256778498024357889
1236481447671848960
1252246528594411522
1243177458452611073
1239695783743705088
1236082665910042624
1266380343399022593
1237920594018144259
1240344654136193028
1253141369369042949
1248416677936521216
1245883013227044870
1238189239919149058
1239323964226371584
1257292238205444096
1245833994232455168
1252558501701877761
1255274069882277889
1251858150241828865
1242221337898344451
1249005622047264768
1235723362346950656
1238490457883258880
1238315033144238085
1269711402358489090
1255834288521719808
1245354274734985216
1264449798926749696
1265821476390871040
1238916653116723201
1254812681481203712
1240074575066644483
1256255820456775682
1266071445848891392
1250522912731398145
1243972796541173762
1240073184457695233
1259382497244262400
1249870190650822659
1251548609486761986
1242231910362906624
1240077104051564550
1244036388435169282
1240703532329730049
1261089941511159808
1249143849194307587
1247097160522498051
1238668395014488065
1244706818925846528
1253432987024125957
1260642587511226369
1254806644514488320
1250865599686889472
1261018736733179905
1259907419574059008
1260407150683308032
1265788036991913986
1238224987187744769
1260542232404295680
1240619797857042436
1238645820423110656
1242621768663261191
1249823012578263041
1266096885116416000
1244766177265672193
1236741208644386820
1247137687611617280
1248021561803771906
1242146778402734080
1252336228889841664
1237403678702800897
1243904695304957952
1242240238732431366
1266077259913453575
1255679085231120385
1253664718377680897
1243501032296120325
1242484938005454849
1263165358187388928
1269939433815629825
1245403714371956738
1239670362000044050
1258473259001135105
1245025261776703492
1241683041258536960
1247956880112128005
1237606268690288642
1250087207982989319
1248582450789470212
1235072012420345856
1254012909346328576
1253834618907889667
1247708713173028866
1251193219339243521
1247209367839150081
1238874807980130304
1248290961073082373
1248067765614923776
1247690122340032513
1240032090877460484
1254009563189260289
1247293658900160512
1265692938123784200
1246776281611612160
1248949370361393152
1237922867108556802
1267916067126611971
1262847716578734082
1253821067539472385
1244236621790220289
1258439831451025411
1246099059565305858
1242217634801819651
1262063016742473729
1245000609226305537
1243561827755311104
1247702904598941700
1253371429665603584
1249786590504923136
1245258941501669376
1257672064535797762
1247593973201481730
1245028787479289862
1247656452082327552
1265748628745969665
1248555173724766208
1243373238748614659
1263229338893377536
1244533911834812417
1242269789072109570
1257939904614600706
1248580736707366913
1263316904355213316
1267485297417293830
1262831910264410112
1251979287277772800
1255190274902495237
1261276071594536960
1238313073896763392
1241905076547002368
1249400922012352518
1258162179443957761
1247539657002237955
1260327142719664134
1261973324491448323
1248584635778555905
1259379155441012738
1250461505772019715
1241924930595360775
1244102288232329216
1242811047251148801
1243231719907565569
1236447855679868929
1257400452880236546
1239176062594166785
1258345413582741504
1255110199578431488
1238832194048733184
1241115056722583552
1247688970261102593
1245883093317287936
1259513056972939267
1244684385150009344
1237383252274528257
1248970952379109376
1235978455675740160
1243014197815975939
1244338060348870656
1250640838306213889
1238927624602345473
1247593411420524544
1244238274824220673
1241135910584037376
1248588043491172352
1251194762490785794
1258921804300722185
1243967512703877120
1262398127069429760
1251555577802690562
1238620088925925377
1250410900399554561
1259939148296794112
1258787270032863232
1240652586782543877
1248665506338537472
1255462287277723648
1241134680788946949
1241158430787866625
1243149679312932865
1239547779225190400
1259831808063164416
1237861747488247809
1237863188156174337
1257335761789222912
1245702161486544898
1251988670728540161
1246445711522181120
1245150339390636034
1269086477692043264
1267508329015848961
1244968515804815360
1240657474732130307
1237187746130690048
1238179375130034181
1256042397458464773
1246037938133176320
1267511538757353473
1253720421272354821
1246135750850154496
1239007254134894594
1237844170326204416
1264854165177667584
1243349404620337154
1259595894275571718
1265828766401658881
1261478625209016320
1238599995793825792
1257346895762071553
1239167753833062400
1242611061246828544
1247901496496107520
1245854898161217536
1256278445568528388
1263607785088061442
1253903548703801345
1242077133536735232
1243692704711786496
1250160775102189568
1239218314821488640
1251972695786426373
1249024160166264833
1240694212095430657
1251215896389042177
1235244543471235072
1244715224478908416
1240238614115745796
1259836109649055746
1238118472791535617
1239165913037000706
1250169794395090944
1264534181293559810
1261491015510261761
1240650701186924552
1240651116007903233
1240083316554043393
1238253693901967365
1239675255830065169
1258429495872311297
1239889636673150982
1238538876576321537
1262838568092864512
1256701039136378885
1251244788453715968
1238178510335873026
1241862205110398978
1259902459327250432
1265249505575948290
1240682623049007107
1239315967768920064
1249668623540486145
1263682898256891905
1237689160426717185
1237057845738291200
1253491329696501761
1255310376507510787
1243963525690806272
1258853068738834432
1247957877018550272
1240250101064437761
1238843646159597568
1250434129847451651
1248802262887149568
1265799547894276102
1255200782384795648
1243671216533233666
1242017060168835072
1241407277158092800
1253775794666713092
1243556895501234176
1243656939629838336
1240646515103879169
1248642401415114755
1246765911496941569
1258048316585230337
1251890663890829312
1256307392943230977
1253089418937761795
1258807959997554688
1259086283361734657
1237238094341996544
1246286313218809857
1259289839138148352
1240403619490549760
1242636072053542913
1238119299748777985
1253471062605651968
1247953707779702786
1252049262973726720
1243951173431951363
1252838972599885830
1255954378005139462
1247984485112709120
1253868402185310208
1247960345320263680
1245081156002947079
1247210529166364675
1269080876685590529
1252681193704820737
1264650380983635973
1242914400618635265
1242636885987647488
1248665922891583494
1241040301533343745
1241041504472350720
1263929974056255488
1262249647269183491
1248666088910487553
1238093111076757505
1243715022217412617
1252762355433340928
1243348192357474305
1270397241509982208
1258940892821495808
1235560393336123393
1241515228325720064
1257944969152737281
1251277893726015488
1253462329238392836
1242638972838383617
1244991775078572032
1236729113307742211
1261364140897177602
1244302345019764736
1255053845861982209
1239671514238246913
1252694954993999873
1253837086211309569
1237204075458048001
1239854017620185088
1250548850714173440
1237207721604235264
1237095873307463686
1265749187389460480
1243968718490800128
1262073109571608576
1240325896957018113
1256694695947898880
1256719585086144515
1250899239401553921
1242566827642957824
1254097623201570818
1244733524260814848
1236306863790198785
1247507673857343489
1250466658013065216
1255364792770052096
1250878296625160199
1239028264116596736
1259280487488643072
1244713115301875713
1250166505213394944
1251601684679266311
1245520358867906560
1252713462003793921
1243688069464801281
1243527146313842693
1244005305190690817
1254795374956556300
1238206681013723137
1249320573643239425
1239223995188285440
1255872142593470468
1236060045583896576
1251948972069052420
1252941036789342209
1255577930421469185
1249626410299412481
1240816986042634243
1261013651307343872
1237848209751326722
1267800913751822336
1247960841514876930
1247993904181514244
1263809746521460736
1259003932141146114
1268257769322315776
1242612330573201408
1236353774370906112
1253327817569234944
1241482145274740737
1246283386924269570
1254979841486618624
1250169365770711041
1240685014259556353
1247934199203532800
1248553992373833729
1251182410529673216
1260133236891693056
1247089107022512128
1237842867646648322
1262867075493756928
1250975759285575687
1243175332896743425
1254804203333189632
1250785942169882624
1258857672042065922
1262574072321527808
1252656144163704832
1237233423082754048
1248545644932931584
1260491896859869185
1251951002237964288
1247206545768800256
1238860500294873088
1238245838876483586
1258737844279037953
1242064962274635776
1256291977064321027
1251178546833358849
1240655084234694664
1246082154301468672
1245284660483100677
1260376818726703105
1250975187237036032
1240102804833869830
1238975299917881345
1248665279854510083
1253701286903590913
1249623484260589569
1262444906120871936
1258782042474663936
1240656408644849666
1245709099926519809
1239177125107773443
1243228914052448256
1259873999435239429
1241845971954339847
1246430606105423874
1243753813795897344
1243680809933996032
1266027432454348801
1244749093387284485
1239965207574622216
1255744454054555648
1249782870606065665
1238992733970317318
1245170652723675136
1243990495300370432
1241074224938139648
1240405974948761600
1260746618447572999
1253088431938375680
1246829161693564929
1238195631199584260
1235295728563556355
1249880340933619714
1247332309021442048
1264854289647915017
1261242708296970240
1257283046753124357
1249976189491589122
1262837741156552704
1267477731857633281
1235809638316036102
1252709046903332870
1252045900161200134
1238860609921392640
1250843536582488066
1254853327457640448
1261301733558534150
1263669998561746944
1238847091918716929
1237490563752038400
1239893883695386626
1258345954895331328
1256422156826816515
1239564563869323264
1247161875579768833
1265802808420335616
1240564140353126403
1238990633781559297
1246569148928462850
1244305094092480516
1245079262455046148
1244398549636386825
1261127695351644162
1252532001879572480
1244713273309777924
1236795361680928771
1242994532347772929
1250790209953959936
1241424364932907020
1234946083522011137
1238177147195400196
1253135864248635393
1253133722553061378
1239770578548142081
1250884878880649217
1247896865175007233
1252694375240552449
1253321616047529984
1257737212252299264
1246918936249225233
1252365150268477443
1266390880958758913
1259947033487646721
1238161117177876481
1241148085566398466
1238963004475146241
1239698380860928000
1243541845709389825
1240313126991663105
1242994852394143746
1237909495965265920
1254030675348459520
1243917878728015874
1239937882233716738
1258427137889091585
1237733820427878404
1243953363068256256
1243664988654493697
1249088675234885634
1239182286718984193
1255587268439552001
1247895244101697536
1254896986823831555
1270046775722852355
1244617074380615683
1266534857821298688
1238144969505939458
1238580428837138433
1252291846447026176
1248557717465305088
1247304567446032384
1239309647196106756
1237909156352458754
1244745553407365121
1237909290960158720
1261304630006464513
1264726615369670656
1241072018088394757
1251972515704045581
1261304277798133760
1262326939769098240
1249091739559833601
1243952913652813825
1244400077159960577
1243349703179276289
1240562644639154176
1243311559352496134
1247239041566859265
1249317558794190848
1237904745437769731
1237910351259279362
1261308428435296262
1253624921583951877
1241071230754656257
1239985694375895044
1240312329436364802
1237908168098922496
1250783645578780674
1260592851072823296
1243348168789626886
1240786555888951296
1245183370633580546
1245185343147704321
1239971131362177024
1246080595815542784
1247241311817793537
1259147972274683905
1242802214336413699
1257337099730202625
1243588240239742978
1237846099852845056
1242797152730075136
1252892342291435520
1238980213909917696
1261084885223182336
1242997101883203584
1245470551818285060
1251457225090043906
1256260056653410305
1252581681585930242
1237941427285430273
1245471161443549184
1250388301485408257
1238551551691689984
1234970900417564672
1256620460810416137
1247831622247952384
1241750723878096896
1237544863425421312
1238400706010329088
1249829674273968129
1246111420133056521
1238124873026805761
1243244076549525506
1236857278130786306
1261697392958754817
1266504513856339968
1242143688337305600
1241780360364654592
1238642688934772736
1239493577140559872
1249379509926797313
1260946020105687050
1237133042998796295
1249886802086957056
1241534878514118658
1238220005726183426
1239403695424626688
1252751103059472384
1238170331992469504
1235527275157655553
1256183593791115265
1238943039973920771
1236699818996760576
1258704350446305280
1262158159545761793
1254239847889412096
1241811687625445376
1255714766397505537
1243702447144566785
1259108862055067650
1260671596483796994
1248660708260274178
1240271980852588553
1243907943122251778
1250442076547731457
1255641596873375749
1243455484058898433
1243030076083646464
1253416543691522049
1256298548695568391
1253271009861328896
1240820428454662144
1258500890069217281
1235005813565149185
1241779911758680065
1250495478522937352
1238277346290999296
1244283236517380096
1260378989845188608
1243261366972100614
1262368667691606017
1246227572016513025
1249733811249782784
1245004556142030848
1246842986228600837
1245876871054622720
1250191405512904705
1253535152401252354
1252804675633647617
1246871070201782272
1240422546043961345
1238088932228816897
1260925442120433670
1265921715072315394
1266068182034460672
1250981337558892545
1244072934781652996
1260369129363685377
1247851261652807680
1243054716344586240
1252449957111627777
1239225479527387138
1259949548753113093
1263117423512825856
1241851874774593539
1269112280236666881
1254910722666041346
1253534232154169346
1249023501861863430
1255181372534251524
1239020047324057601
1252433222933176321
1243659664212066305
1255180161730953216
1259947760524169217
1263117762085470216
1250786840338194434
1252973282846027776
1260954421015523328
1243016858489573377
1261061865511190528
1251296968191737859
1250116443619971073
1239018918716616704
1252019735455240193
1254896569507250176
1243351503630368768
1250846383445282816
1241095904175763464
1242177698878730241
1261720121011245062
1253054009600024579
1246859669374676992
1239266122811281408
1242614267683262470
1244327754537021440
1252566142180302848
1245415463976407041
1235671326934863872
1249754965461041160
1250108112306126859
1238895992172396544
1238216368463458304
1260616121230729224
1263119654249213953
1253713493880115200
1255292330485170179
1245421619989839874
1245439339238240257
1240609197626097664
1239346385436041216
1246422837218377729
1251594745757028353
1244856192222052355
1245802734634307584
1252402608754458625
1243498822132793344
1241034441474138112
1257688390235049984
1244672223039885315
1244635105227706371
1246810534361653248
1238202083490349068
1245051361621917697
1240377193915715587
1251311215210528768
1240051156900089859
1250748300866846722
1245721161532674048
1253812571389546496
1263970094331420673
1250923980388777984
1248269205318832128
1249643286823948288
1238949629716320260
1250423661414080512
1246392587256238081
1246913630286864385
1237584508167139331
1248337913009639425
1245032837650227200
1259929683191349248
1253429710995943436
1243307247020761090
1269244531473412096
1246108445134278656
1255318908711645185
1237852081047744516
1237851461574246400
1254440686314762240
1259299327618494465
1244358162930716672
1264156300033830913
1269405248076079104
1246501290110222337
1244122719098208257
1267257079963832320
1253364870256431104
1238895053508091912
1253516958445834240
1263204810423181313
1246183457979535360
1241821780353994754
1254105829688647683
1242555493731762177
1244371452729663493
1263001898845683712
1250481370855505921
1246950706151555073
1254870902631804928
1253076649920409601
1245433792505970689
1247257509599068161
1248037355816091649
1243587292549316609
1244674150934986752
1248923099657129985
1235369657797881856
1263971278010056710
1265080093384343553
1241601659190591495
1249260315017166849
1241528650866057217
1262415732522061824
1245444299107467272
1269628566716776452
1265992556376096768
1246476916355407873
1246937583634001921
1237222125146169351
1250225665909108738
1264274484900454400
1242524656587980801
1239204185851256833
1238152480522985472
1238759341747994624
1265377619815661570
1245051943346679808
1254107455849738241
1242425105432616960
1237926733640355842
1245035500962013184
1236699466033487873
1265336007332954113
1242985204274388992
1248659446928195584
1242928905666912260
1237138387674501120
1240334966380167168
1236699472635342848
1267955905234186240
1245324530081554432
1269325547869536262
1247548909712441344
1246478601802915847
1255256005228793863
1266426664260698112
1245439215439163396
1260212969646043136
1247878455515058176
1249468830147100673
1250140388301701125
1261345458028457994
1265362228489990145
1248397563050340356
1245888641672585219
1247567964360056834
1256296811339427842
1239742185655939072
1239186686434820096
1257782562514178055
1251899255591223299
1242452175458045954
1246507458421555201
1250353967747330049
1237572633392078854
1240772323084558337
1237081884125024263
1243355139970404352
1242879118129102854
1238105896246489088
1253551324672770048
1241465448434106370
1238026980987146240
1238878397213835264
1254971860770586627
1239600084788162560
1248245109843357696
1262168850109468672
1244205707257417733
1240774668036059140
1241009741301714945
1260587093924995073
1242415614569910272
1242208290173587458
1245103957992767490
1253817454712819718
1252092611927642117
1242324315397373952
1262784702722736130
1247634400654831618
1245884640096894976
1257824351434551296
1251154744187301889
1258298606064472064
1246213038811774976
1252718722525138946
1245127194927661056
1252235598925987844
1238939240798523394
1244431745241559040
1254505081401151491
1262403181688033281
1250207264348286977
1245105741075185665
1254116841745797129
1240052896638611457
1236974418846519297
1236486639213588483
1246939649853009929
1237513746618056704
1258753923860627458
1237146107710517248
1240065604268240898
1251604132395388928
1249752351566692354
1241082633955749888
1243461994532999173
1248277210785611776
1253811155728052224
1244570220846632962
1235898805976993792
1259356805907582976
1249746171620478976
1249766855322951680
1240410718115160064
1240064777168314368
1238086822925869056
1252201369311854593
1260289535499538432
1242941668741046275
1268953924511424516
1255367194650836992
1249514273027522561
1237852343778988037
1258200281571045376
1257390835705970695
1247882941641961472
1249418022542086146
1239883584430911488
1248244642325254145
1244977527816413185
1242550340337250305
1249461327015432197
1241675832344678400
1235748658534133766
1239689449845424130
1245449865926230016
1236430099328774145
1267945725050212355
1238033296594022405
1237131508365885440
1241818903791140867
1235672683242598400
1244673362032549890
1266224448438439942
1243157784847437824
1244430605225508865
1241705871593201665
1236396270043922433
1239558529884852225
1240987449016438791
1268249522536316931
1255981074158702593
1247340229310234624
1241619710011215872
1261343669161885701
1237215091990376449
1259867978004389891
1258408027478163456
1237850471127109634
1238057311693934593
1242528184874213378
1245543286955216898
1265616531813273603
1260393786091454472
1240732086815817730
1242136372930117634
1256111317313781760
1235756600931086337
1267127759882596353
1257643587413606401
1241200026837270530
1237834129762369539
1258917838687023106
1255977444668039168
1245277748999999489
1255535950668718080
1241739248518205440
1241804066843512832
1243324753764638720
1261546889658470400
1237111063528775682
1251563916628557826
1245174974232567810
1241030268309340164
1257249409127063553
1243365151379558401
1237928341321191431
1242086242487058435
1243424424692338688
1237573985866362881
1252298285479493632
1270284906879475717
1246438803272802305
1243367875265486850
1245135127623151619
1242778518112604165
1258501953845370882
1254460930592780288
1235435723966353408
1240724311113175040
1261667723068583936
1237412705675489280
1268900872609726468
1236015499051511808
1244368125786820608
1241619061022371840
1268596206952787968
1243888020060811264
1236484635921702912
1262457791308083202
1246486408275124231
1248305240434192391
1243264612298080259
1240821146972565508
1242823681212125187
1237248906951643136
1239598391585357827
1238519185065627648
1245741995173216259
1243200351672696832
1257093723210612738
1239187803667398656
1265277093664960512
1248245355864440832
1249000924728696832
1241806898686496768
1256348655960948736
1250107553314492416
1243623126879162368
1248647392762777600
1242590008302809090
1263026883521728513
1247121101097963520
1250087509700366339
1243500322645053441
1242580030175281157
1256299604573917191
1247111621832556544
1241539364557070339
1241523713436246016
1243697011515367424
1242650396176388096
1242526673792270339
1258370759673745410
1261400866491375618
1245446479801614336
1243630761934282753
1263996263344803840
1261065778679427072
1263861948711608321
1250834889399775239
1267895222144512000
1248266015051571201
1244916233788690432
1252668357398212610
1247290070756884480
1260626876722302977
1248657146130071553
1258796733368279042
1264957526463991808
1243128371699163137
1238437395655274497
1260949069146529792
1237261418455539712
1250817011162243073
1249822287240577025
1246953976383356929
1250146748481392643
1247640741549129728
1238664193353691138
1247611796661379072
1263507867908354048
1239956991847682048
1250104964770418691
1245933354236739584
1239657078295322624
1270305658244599812
1265198459092598784
1257684220736163840
1236653870388072448
1250269130252410886
1265178740994293761
1263565191935131649
1244949675062562818
1239645908368863232
1250793177671499778
1265357727859191810
1254389933344784385
1244633426109575169
1248322210252705792
1238322999138410497
1248726520211943427
1250579014864994305
1236454962969919490
1245343984169504770
1251309248971264010
1265613866702118912
1238271880706035712
1254527118547050496
1236287959453839362
1248242083011473419
1252647438852198402
1249032280611438592
1236473970746167297
1246463902424203267
1258898826364104704
1258802389852848135
1238276687743328257
1235706595331305473
1241698748285190147
1239263044292706304
1265015447428177920
1248404952055033857
1238457390237966336
1235897920102248450
1248345795319009306
1241782960585613316
1241474554595348481
1245326591284187136
1265628686562271232
1249732038401429506
1252644968373551106
1239349865408270338
1242982740871589888
1238134449134592003
1255608866613665792
1238660817039613952
1263509721278971904
1241814139145719814
1241086169980571648
1243844526474739714
1248036202386804742
1251161851397763077
1237083235076759552
1246962258477015040
1242925376369762305
1243329849223262209
1255165278805200900
1244589527773196288
1245720826328100868
1237570795796197378
1245131445816958977
1267971688240734208
1244960288178388992
1259921637983629312
1265889994612367361
1238898279099838464
1242947765807833094
1257058263511810048
1267334872084987904
1246851594983018500
1247685310919708673
1255481205270724609
1258418864120979456
1238643553250705410
1247490377390702598
1244420557225033730
1253644075603046400
1254461822830292995
1238029587872993280
1239686477547745281
1259918213145600001
1248768801728069639
1249340914994118658
1242213846321954817
1238863847273959424
1250746245720805377
1242719409476640771
1240395191795712001
1236699469774807043
1249366583367077888
1246195817876197376
1241759934808760331
1241329511553216512
1242928602913660929
1249858305373212673
1252269212254560258
1255105446525964295
1240755571038523393
1243940821499629568
1259091600858382337
1242275298114244608
1236282669568348166
1248305092836708358
1247501464014127105
1240769163502723074
1255528561441718273
1245805508298182658
1241254003226349569
1240802946906042379
1252568787502718977
1237056413681291264
1243265371228057600
1237406071599304704
1266348857643937799
1264968655718305799
1236289521072865280
1257323539314573317
1258991311392251905
1260580473551630337
1257360151042043906
1239870867028541440
1255841916891136000
1237519621554569218
1237890135590461442
1243984962908565506
1242656712085114880
1261668029701787648
1243490925105549312
1254555690108149763
1249788271154118656
1242161757176635394
1243456871836549123
1262152888299794433
1242094065937776642
1252867560573296645
1236377400369438722
1251304578299068419
1256638993757802497
1239571627697942537
1244911323017809922
1253004204899213314
1245783744029634560
1250443440120365056
1238863692130893824
1247917870350303233
1247631825410969607
1235676041315840021
1246612522104487938
1237441645211197441
1255663411771432962
1237812238582497285
1241415520253026304
1237367677984915456
1239525738639998976
1251453992674242560
1252649229190926343
1253318781155397632
1257862725390274567
1252648885832634376
1243161996721356802
1243630578387353603
1255661819575894016
1241534159857860613
1243602673066270720
1245724711000080385
1247656333924618241
1238801051559624704
1247700509391310849
1238024600312782848
1265682163686608896
1241901275719106561
1237833731794231296
1245062601278722048
1241892013835980801
1238701505429061632
1238280495139618818
1244323488292376576
1238584921997955074
1268542154928001027
1249357549868113921
1245392005292797952
1236812746735456256
1244656039263383554
1252054005125189634
1243974484505374720
1242959974499790853
1258452094870261761
1260618547044237313
1236283930967506946
1245869126414811142
1257653986565423104
1240069349312024578
1265053128778567681
1236291991572566016
1243269422015447043
1255230662015160324
1242864030966059009
1250023555359739904
1242443212029071360
1252931819290284038
1261467965829988352
1247118935197126656
1254144084568088579
1236699450413907968
1258880398282588162
1249027122150158336
1243628261915209729
1240468214930423808
1241700198906236928
1255524186707111937
1238762002987745282
1242988080979681281
1251687900464513026
1244680407133622272
1240716877573357569
1244589338371010561
1249024366194479105
1242668098555166723
1245764581823299587
1265053043835523073
1265058504173371393
1247943367666872323
1237724498117496832
1241719375880691712
1248950357138575363
1244317670872416258
1248302963954798592
1235704037313515526
1266371564498382849
1257404784010821633
1242620738340782080
1253371877021626369
1262961748488990721
1258025530055688192
1243873180139257856
1245527816457850880
1245153483722022913
1245139669085499394
1258169237006356484
1266303738219687937
1238664550825840641
1244264350589820929
1242953577364152321
1255557335390531587
1240214578979627012
1264001128640983042
1258081227820740610
1242650176751362048
1262363699601379329
1242879507356409856
1237540019864096768
1236397345086025731
1260192609974267908
1240431598820036610
1257361820958052352
1240745848553734145
1238106828292186112
1257484706536476674
1259456732138536961
1239649440727814145
1243367743501541376
1237917676338663425
1252633372498804739
1258378611809189890
1250860041168699392
1251674696619343872
1237914791018184705
1237919832009519105
1239258591082819591
1241612510295441414
1240130920583245825
1266911802073456640
1240327269882748929
1236425853241884674
1243977057643704320
1256196705667690496
1238592824398024704
1242079120353382401
1247940797699325953
1258569131332378626
1258953079090790400
1241803413375115265
1248305324316131328
1249405807529254916
1246781745657196545
1259952077708632067
1238566241218048000
1239775025886101504
1239162125374894080
1234901393724538882
1262235174357667840
1258105121071824899
1239644827857358849
1263030179393347585
1245103096801431555
1239887840588201986
1245136199855099904
1267264737513005058
1258851284771356674
1249743359763255301
1260235451237007360
1238440685126266881
1263417599955787777
1243730155824168960
1244760885362597888
1237398322387857419
1247049959813283842
1240806439628791808
1258217605409705984
1255659424934440960
1255841733344145408
1250866695440404481
1243256790919381000
1254811658079305730
1258377981766053889
1247232247872270341
1244762395777662976
1252033740563456004
1264918454215286786
1245716077268647936
1263234260820992007
1239650850672443393
1255839674846842880
1250523855862607874
1249024936661966851
1241123293530411008
1247880124357316608
1243893460324814848
1237766284684800001
1247156738014543872
1241773131326541824
1251112262628257793
1237913956527804416
1257656339586744323
1250591020334690304
1247225541675155469
1258149218302267395
1251914783282135041
1245383318197108736
1242882977350090752
1243294391390871555
1260406959314030592
1237404339658010626
1253365956203732992
1250837051026612224
1251169875424395265
1240307622391222272
1237112816173187073
1244554598959984641
1258324688771649536
1249020858057850882
1240222669095698434
1253488544854704130
1260176757384261632
1240791270756319236
1248628544000966657
1259886678086483968
1236607325168959489
1238232160676519936
1266198769604931584
1257693268206325760
1237138964244553729
1262502013415407616
1247135927547420673
1253171390229987328
1240810198421377025
1246799192498081792
1253067170256478213
1257617287860928512
1248615102305030145
1259945977277972487
1239645028189974528
1241136752695394312
1245443112429903874
1255838094961541120
1253484110430994438
1240386913065938946
1245869800259063808
1248072317999210504
1235770674347741184
1260690742684585990
1248064051428589572
1257541508603019264
1240718761717575685
1251199672494014465
1262838164089196545
1253012523344900098
1251855306772135936
1251982409580589062
1240827133330698240
1239067076603543554
1246871794650316804
1255173835818766338
1240357942911737857
1258149661824684033
1238609750113300480
1263662965636698112
1239251531700019200
1236081116597178370
1250523085322825731
1241868222917476355
1252587617348173824
1236333087132352512
1254811129462865921
1250744827416924160
1239562437436768260
1240424230250057728
1239708574273679360
1242236589549461505
1247791143141531653
1266067466674999298
1258171530837712904
1263230353117937664
1251507165329633280
1244239223693217792
1238923030082052096
1260296044707041280
1252577901003890690
1244588586185494530
1242240032502620166
1241502861361643525
1265890213651517445
1266063004581482500
1246432821159362560
1241414610340794370
1253063675876909064
1240326748417462272
1251110607845285888
1237370493889626113
1252246528594411522
1248370606812409856
1248416677936521216
1248419717297000450
1257467922970284033
1253128421892411394
1235597048604487680
1236082665910042624
1238269728562589701
1247083469278195712
1265789196435890182
1240430672596082689
1246123106994970628
1239324243218792452
1244002931898224640
1242934293325918214
1235721649586126848
1248969059519082497
1250493955101331464
1251104505409798144
1249326386801717250
1244764779203506183
1241932095179685888
1245386358807498752
1243177458452611073
1242146220660924417
1238601754285137920
1248548802744680448
1259658645945626624
1246170979912560641
1257697371712114689
1243106927120388096
1246624949734907904
1244306244136992768
1239941803710660608
1243111128714162176
1236481447671848960
1259537406706974725
1256778498024357889
1245568678428422147
1243264339215351809
1237920594018144259
1243998904531681280
1258152403574145024
1239021008486633473
1244002210738028544
1246881276155629573
1250207083812786176
1250678091078414336
1247725996343779328
1256705535912656898
1259382455980654593
1246035207314116609
1261688135118917632
1264005294528565249
1238232082125635584
1236647198185660416
1239287417993154560
1265699773899816961
1247901197920419841
1245400306009231361
1244280416703590401
1258214751492079622
1254919471275413505
1238189781848395776
1249669573827104769
1240344654136193028
1244405746302943236
1253762399301222400
1248801865166356480
1258490641295826950
1251192539132149760
1253513673060110336
1252242938907811840
1241510301650034689
1246135752993497091
1260187008661684225
1235599326086344704
1243499961666490369
1242106644953206784
1258177618211454976
1265801637177823233
1238444153580609537
1237498558577815552
1237508969612140549
1248629342613245952
1266380343399022593
1239380575103975425
1248031924414709764
1248195224125480961
1239695783743705088
1246248515979874304
1261424695703789570
1238283145746792448
1240210777673531392
1253141369369042949
1237118723158421505
1260494914024022016
1247212157038727168
1243904695304957952
1260407150683308032
1249143849194307587
1254012909346328576
1247209367839150081
1240073184457695233
1241683041258536960
1249823012578263041
1238189239919149058
1269711402358489090
1244766177265672193
1267916067126611971
1258473259001135105
1243501032296120325
1243972796541173762
1248021561803771906
1260542232404295680
1247293658900160512
1236741208644386820
1238224987187744769
1253664718377680897
1256255820456775682
1264449798926749696
1238645820423110656
1261018736733179905
1247097160522498051
1242231910362906624
1265821476390871040
1237922867108556802
1240703532329730049
1255679085231120385
1249005622047264768
1238490457883258880
1244706818925846528
1240077104051564550
1249870190650822659
1248949370361393152
1261089941511159808
1248067765614923776
1260642587511226369
1254812681481203712
1253821067539472385
1265692938123784200
1254009563189260289
1254806644514488320
1250865599686889472
1251193219339243521
1258439831451025411
1245833994232455168
1237606268690288642
1259382497244262400
1255834288521719808
1247956880112128005
1247137687611617280
1248290961073082373
1262847716578734082
1253432987024125957
1242240238732431366
1238916653116723201
1263165358187388928
1252336228889841664
1266077259913453575
1247708713173028866
1244236621790220289
1238668395014488065
1240032090877460484
1238315033144238085
1245883013227044870
1251548609486761986
1245354274734985216
1240074575066644483
1252558501701877761
1240619797857042436
1245403714371956738
1253834618907889667
1242621768663261191
1245025261776703492
1242146778402734080
1266071445848891392
1248582450789470212
1255274069882277889
1247690122340032513
1269939433815629825
1238874807980130304
1246776281611612160
1235072012420345856
1237403678702800897
1235723362346950656
1257292238205444096
1242484938005454849
1265788036991913986
1250522912731398145
1259907419574059008
1239323964226371584
1266096885116416000
1239670362000044050
1244036388435169282
1251858150241828865
1242221337898344451
1250087207982989319
1245883093317287936
1258921804300722185
1245150339390636034
1237863188156174337
1247688970261102593
1258345413582741504
1241924930595360775
1247593973201481730
1237383252274528257
1238927624602345473
1244238274824220673
1248555173724766208
1243373238748614659
1250410900399554561
1242269789072109570
1262831910264410112
1243561827755311104
1237187746130690048
1263316904355213316
1251979287277772800
1241134680788946949
1243231719907565569
1237861747488247809
1253720421272354821
1246445711522181120
1246099059565305858
1259513056972939267
1255462287277723648
1241905076547002368
1244533911834812417
1235978455675740160
1267508329015848961
1243967512703877120
1246037938133176320
1258162179443957761
1238832194048733184
1260327142719664134
1239007254134894594
1257672064535797762
1236447855679868929
1238179375130034181
1250640838306213889
1243149679312932865
1251555577802690562
1247656452082327552
1238313073896763392
1261276071594536960
1238620088925925377
1241158430787866625
1257939904614600706
1248588043491172352
1267485297417293830
1242811047251148801
1249400922012352518
1245000609226305537
1244684385150009344
1263229338893377536
1247593411420524544
1244102288232329216
1241115056722583552
1245702161486544898
1247539657002237955
1248584635778555905
1250461505772019715
1251988670728540161
1249786590504923136
1259939148296794112
1256042397458464773
1257335761789222912
1240657474732130307
1261973324491448323
1239176062594166785
1241135910584037376
1251194762490785794
1253371429665603584
1246135750850154496
1248665506338537472
1239547779225190400
1244338060348870656
1262398127069429760
1262063016742473729
1265748628745969665
1243014197815975939
1244968515804815360
1267511538757353473
1240652586782543877
1255110199578431488
1255190274902495237
1258787270032863232
1248580736707366913
1248970952379109376
1247702904598941700
1269086477692043264
1259831808063164416
1245028787479289862
1245258941501669376
1257400452880236546
1242217634801819651
1259379155441012738
1237844170326204416
1251890663890829312
1256307392943230977
1237057845738291200
1258807959997554688
1240682623049007107
1248802262887149568
1265799547894276102
1255954378005139462
1242077133536735232
1239218314821488640
1261491015510261761
1265249505575948290
1255310376507510787
1263607785088061442
1256278445568528388
1261478625209016320
1237689160426717185
1245081156002947079
1259902459327250432
1262838568092864512
1240651116007903233
1242017060168835072
1250160775102189568
1253491329696501761
1244715224478908416
1243951173431951363
1239889636673150982
1242636885987647488
1264854165177667584
1239675255830065169
1237238094341996544
1259836109649055746
1240403619490549760
1239167753833062400
1253775794666713092
1242611061246828544
1242636072053542913
1264534181293559810
1240650701186924552
1269080876685590529
1240238614115745796
1238253693901967365
1256701039136378885
1255200782384795648
1243963525690806272
1240250101064437761
1259595894275571718
1248642401415114755
1252681193704820737
1247960345320263680
1253471062605651968
1258429495872311297
1251972695786426373
1247953707779702786
1253903548703801345
1239165913037000706
1246765911496941569
1258048316585230337
1259086283361734657
1258853068738834432
1253868402185310208
1246286313218809857
1240083316554043393
1245854898161217536
1250434129847451651
1238538876576321537
1243349404620337154
1252838972599885830
1265828766401658881
1240694212095430657
1264650380983635973
1243656939629838336
1263682898256891905
1241862205110398978
1238119299748777985
1241407277158092800
1243556895501234176
1259289839138148352
1257346895762071553
1253089418937761795
1247901496496107520
1250169794395090944
1239315967768920064
1251215896389042177
1251244788453715968
1249024160166264833
1235244543471235072
1238118472791535617
1238843646159597568
1243692704711786496
1242914400618635265
1247210529166364675
1243671216533233666
1249668623540486145
1240646515103879169
1247984485112709120
1238178510335873026
1252049262973726720
1238599995793825792
1247957877018550272
1255872142593470468
1244005305190690817
1237233423082754048
1247507673857343489
1261013651307343872
1239671514238246913
1248545644932931584
1250166505213394944
1241040301533343745
1236060045583896576
1251277893726015488
1252713462003793921
1239854017620185088
1236306863790198785
1236729113307742211
1250785942169882624
1250466658013065216
1270397241509982208
1243175332896743425
1260491896859869185
1244991775078572032
1253837086211309569
1256719585086144515
1242638972838383617
1261364140897177602
1251182410529673216
1237848209751326722
1254979841486618624
1251948972069052420
1243688069464801281
1240816986042634243
1256694695947898880
1237207721604235264
1263929974056255488
1241482145274740737
1268257769322315776
1237204075458048001
1242566827642957824
1249626410299412481
1235560393336123393
1242612330573201408
1248665922891583494
1252656144163704832
1245520358867906560
1254804203333189632
1241515228325720064
1243527146313842693
1257944969152737281
1258857672042065922
1250169365770711041
1246283386924269570
1252762355433340928
1243348192357474305
1249320573643239425
1265749187389460480
1237095873307463686
1254097623201570818
1253462329238392836
1247934199203532800
1267800913751822336
1247089107022512128
1250878296625160199
1239028264116596736
1238206681013723137
1243715022217412617
1248553992373833729
1262574072321527808
1240325896957018113
1243968718490800128
1236353774370906112
1253327817569234944
1239223995188285440
1252694954993999873
1254795374956556300
1255053845861982209
1260133236891693056
1240685014259556353
1250899239401553921
1248666088910487553
1247993904181514244
1247960841514876930
1255364792770052096
1244713115301875713
1237842867646648322
1241041504472350720
1262249647269183491
1250975759285575687
1258940892821495808
1262867075493756928
1252941036789342209
1250548850714173440
1259280487488643072
1244733524260814848
1262073109571608576
1251601684679266311
1244302345019764736
1238093111076757505
1255577930421469185
1263809746521460736
1259003932141146114
1267477731857633281
1239177125107773443
1253321616047529984
1245079262455046148
1247161875579768833
1261242708296970240
1259947033487646721
1261127695351644162
1246569148928462850
1258737844279037953
1241845971954339847
1238992733970317318
1243680809933996032
1258782042474663936
1247206545768800256
1247896865175007233
1237490563752038400
1244713273309777924
1244749093387284485
1238245838876483586
1258345954895331328
1266027432454348801
1235809638316036102
1238195631199584260
1257283046753124357
1239965207574622216
1248665279854510083
1252709046903332870
1242994532347772929
1253701286903590913
1241424364932907020
1249782870606065665
1250843536582488066
1245284660483100677
1246829161693564929
1238161117177876481
1236795361680928771
1238860609921392640
1253133722553061378
1239893883695386626
1253135864248635393
1241074224938139648
1239564563869323264
1238975299917881345
1247332309021442048
1240656408644849666
1235295728563556355
1243753813795897344
1244305094092480516
1243228914052448256
1245170652723675136
1260376818726703105
1256422156826816515
1261301733558534150
1252694375240552449
1240564140353126403
1254853327457640448
1245709099926519809
1246918936249225233
1238963004475146241
1265802808420335616
1241148085566398466
1246430606105423874
1246082154301468672
1244398549636386825
1262444906120871936
1253088431938375680
1252365150268477443
1240102804833869830
1259873999435239429
1238990633781559297
1250790209953959936
1243541845709389825
1255744454054555648
1251951002237964288
1238177147195400196
1250884878880649217
1251178546833358849
1249623484260589569
1242064962274635776
1238847091918716929
1263669998561746944
1239698380860928000
1238860500294873088
1252045900161200134
1250975187237036032
1252532001879572480
1260746618447572999
1243990495300370432
1249976189491589122
1256291977064321027
1240655084234694664
1234946083522011137
1262837741156552704
1266390880958758913
1264854289647915017
1240405974948761600
1239770578548142081
1257737212252299264
1249880340933619714
1249088675234885634
1237910351259279362
1242997101883203584
1241750723878096896
1244745553407365121
1239937882233716738
1240562644639154176
1245471161443549184
1238400706010329088
1253624921583951877
1261304630006464513
1266504513856339968
1256260056653410305
1249886802086957056
1259147972274683905
1255587268439552001
1240313126991663105
1241071230754656257
1243244076549525506
1247304567446032384
1241780360364654592
1247241311817793537
1254030675348459520
1237909156352458754
1239309647196106756
1249379509926797313
1241534878514118658
1266534857821298688
1239493577140559872
1244617074380615683
1237904745437769731
1245183370633580546
1243349703179276289
1246111420133056521
1247895244101697536
1249317558794190848
1261697392958754817
1242797152730075136
1239985694375895044
1238220005726183426
1242143688337305600
1237909290960158720
1261084885223182336
1237733820427878404
1237133042998796295
1237544863425421312
1238551551691689984
1237941427285430273
1237846099852845056
1239971131362177024
1254896986823831555
1239403695424626688
1242994852394143746
1247239041566859265
1248557717465305088
1244400077159960577
1249829674273968129
1261308428435296262
1249091739559833601
1250388301485408257
1243952913652813825
1256620460810416137
1238642688934772736
1261304277798133760
1243953363068256256
1246080595815542784
1262326939769098240
1243348168789626886
1237908168098922496
1239182286718984193
1237909495965265920
1270046775722852355
1252892342291435520
1257337099730202625
1236857278130786306
1240786555888951296
1252581681585930242
1240312329436364802
1247831622247952384
1245185343147704321
1238580428837138433
1243917878728015874
1245470551818285060
1241072018088394757
1243664988654493697
1243588240239742978
1264726615369670656
1243311559352496134
1260946020105687050
1251972515704045581
1251457225090043906
1258427137889091585
1238980213909917696
1250783645578780674
1260592851072823296
1252291846447026176
1238124873026805761
1234970900417564672
1238144969505939458
1242802214336413699
1245876871054622720
1238088932228816897
1253534232154169346
1258704350446305280
1239020047324057601
1251296968191737859
1243659664212066305
1240271980852588553
1239225479527387138
1260925442120433670
1238943039973920771
1259947760524169217
1252433222933176321
1263117762085470216
1260954421015523328
1243261366972100614
1243351503630368768
1238277346290999296
1253416543691522049
1250116443619971073
1256298548695568391
1239018918716616704
1259108862055067650
1241811687625445376
1236699818996760576
1258500890069217281
1265921715072315394
1250981337558892545
1259949548753113093
1243054716344586240
1254239847889412096
1266068182034460672
1243702447144566785
1235005813565149185
1250191405512904705
1252804675633647617
1260369129363685377
1263117423512825856
1242177698878730241
1249733811249782784
1260378989845188608
1252973282846027776
1247851261652807680
1262368667691606017
1254910722666041346
1250442076547731457
1241779911758680065
1252449957111627777
1250786840338194434
1240422546043961345
1244283236517380096
1246227572016513025
1255641596873375749
1254896569507250176
1240820428454662144
1248660708260274178
1246842986228600837
1253271009861328896
1241095904175763464
1235527275157655553
1244072934781652996
1252019735455240193
1243455484058898433
1261061865511190528
1255181372534251524
1246871070201782272
1241851874774593539
1249023501861863430
1250495478522937352
1261720121011245062
1243030076083646464
1243907943122251778
1250846383445282816
1252751103059472384
1245004556142030848
1262158159545761793
1260671596483796994
1256183593791115265
1238170331992469504
1253535152401252354
1255714766397505537
