1235534940768358400
1238301904209424385
1249334896499318784
1241778213698797569
1243363045818036225
1252602677621657601
1257441673254223873
1238914291505528834
1245492467958505474
1248228668440223745
1245493235293790214
1243354748390178818
1240971354377240577
1237766400023953413
1237850846676660225
1237761911443329024
1242535242633752578
1237571181751881730
1241551490952638469
1235689075761389570
1239003317117878278
1238323038812323840
1250969715931058176
1239409392254140423
1238269464426184704
1252385001523404801
1257375144412143619
1252942846740631552
1238556883314782208
1239492575746297857
1269296362174025728
1252672302262759424
1249695544160763906
1242442368026062849
1254611515535228928
1244465529567555585
1250966225791987712
1243362593739137024
1246163633169719296
1245342300433235968
1245451552330047488
1247278231096565766
1236696687999139840
1251711688572878849
1244030662983770112
1239741842759069702
1244629261648101382
1237570203480756226
1248040741311569922
1235270129279213576
1245957278978768897
1247221898288812039
1255278928773742594
1246168586072330241
1258371057179820034
1246025398435172352
1249052047976038402
1256946636942651394
1247568672790646785
1246579989077807110
1237856774046093312
1236393024340574220
1255275524827611137
1235176055641706496
1236391177043279872
1246151460204744704
1239596059044839425
1252700695725252608
1245125840993685508
1244637626851885062
1250577177554362372
1246485501097500672
1243359580605702147
1240834315635904513
1242454120986021891
1243278416343896072
1237072198927556610
1248661011177123844
1238454118517223426
1243428313600798720
1235085933600534530
1238866167470731265
1252645061550051328
1238658212360003584
1244011083758698497
1238513665915138049
1244273180765753345
1240129795591192583
1261955591947370496
1240885482537521155
1248745325264855040
1239598688630181891
1240126502420832257
1240301583264595971
1240798762995458049
1251166163712839680
1262719413888974849
1238236669704310789
1261784947670556672
1236922325049769986
1248660891182288900
1247224664599998466
1246498707442368512
1241215364421300224
1240733949493678080
1255239890331205633
1246533492344852481
1243741658610630656
1253073191959957504
1244110535563542528
1255163208555466755
1241670667734573056
1255567051009265665
1240979087088332802
1263420203968401409
1245738986863296514
1247011204100431873
1246911032381124610
1253262625124896769
1245116873982783490
1239594705937215489
1244254665765720064
1236413049000648704
1256668288454705154
1244981291466047489
1240381884066148352
1238750327832182784
1252021283828752385
1247660376474431488
1247120889931579392
1250372755993899009
1236129398191017985
1238654599055257601
1243262242801451009
1253384814616608768
1242426322103799810
1240738592365916170
1246608750116352005
1258098013039398913
1241108638196006913
1234977741717401600
1245441224485601282
1262578856277544967
1255823139541524481
1239743023338131456
1241837668977250304
1245305198203080704
1237120966842634241
1253040454259691522
1241047972009443329
1238972442296672259
1245722286658859012
1246820202496565248
1242529006953672707
1246238324093837317
1235162228992749568
1245720921966628865
1251163965142503425
1239257186162876422
1248385803798999040
1242190111321841664
1262003786161274882
1243330904338112515
1247628052705796100
1266145329386266624
1255966669857529857
1240199820947722241
1253041954683830273
1244942802041081856
1248189109627228161
1245110731055542272
1244831198037397504
1253859849139564555
1238263169618935810
1239064609094500352
1239345799793979394
1245083074066411521
1251713266302300160
1246960888483123201
1253582764688969728
1235704026106171392
1238264086699429890
1238989459938566144
1242527442314702848
1244259030576619520
1249768392573272065
1238275070969200640
1239535200603967488
1242383616346333184
1254874812167655424
1240572980708737024
1243301488325275650
1246854665930768389
1250444138387894272
1253316360530276353
1240304834827497475
1246474998442799106
1238219116693127176
1257299915509772289
1255316944141631490
1235691796862128128
1241123064827559936
1241707934444392450
1239690818044211208
1241817846042316806
1240754489805672450
1256006394970624002
1250106884419465216
1260395555919888384
1241537680648867842
1246579655441858563
1255963911192485890
1249449829815771137
1240752575202447362
1246578255811002375
1264549047953690624
1246179626872963081
1243366545440432130
1243491084199755776
1246186191780810753
1239662142019813377
1239631757453996032
1265360090888011777
1242665423805562881
1247515359604887553
1269931659119472642
1237153069437255680
1241743923145564162
1247641022865321985
1247567155442352129
1249054435029942284
1259498936307507201
1243327148951289857
1238824463103385601
1247567715885342725
1263121592051290114
1246804650147315713
1241478806478761991
1265266355596656640
1237716517908873216
1256199512575692801
1241895881386967041
1253385473621450759
1259293946875990016
1242034515226353664
1239553865579737094
1240465374841319425
1264976602208886786
1240984130558529538
1244019192690507776
1257682184007110659
1240306615871512576
1236046752622534663
1245135456100122624
1246558740704366600
1255471486627872771
1246506129141780481
1240958398771998720
1236963382303043584
1258822517776670720
1235632285875146758
1242504196601131013
1236203383754801152
1244761582082686976
1245088246675255301
1238085877215178752
1247249208131944456
1247188332335058944
1237950918890577920
1236559769508478979
1252944096706035714
1263884213318754304
1243380686385344513
1241121260958031879
1239742609750462470
1247671227751239680
1238744179670429697
1239393504171786240
1249795420353634305
1252565248898478080
1248838309666795523
1250815153991491584
1246995556880338945
1249525185193168907
1239904228988071938
1260904916358496258
1269659904744226816
1241011641363374083
1254431072709939201
1263518874504396807
1247300634140905472
1242193868130566144
1236759518270423042
1237841961865736193
1241035465551118336
1247375732688420864
1241035695118004232
1242137899296055299
1243853907987763205
1264955205302525953
1242807847425052672
1257536676638994433
1254440583709556737
1257642915763048448
1265320576970887175
1241837992899227656
1238511559925784579
1255628097929580550
1241985039593857025
1243331550734962688
1237929406426947584
1236266458168123393
1237179648808587265
1244792461836390401
1239410343945871360
1267575603064176642
1248959688697397249
1236325430476574720
1237592411410292745
1253382552418750464
1247545608484859904
1241894802712657920
1247670452174061572
1238296756292591616
1246477004771295244
1252722867713777673
1240117838960001024
1248389449659998210
1245132220702044161
1247621699111014400
1253250632590508033
1249458509172875265
1253141341464334337
1238269091359662080
1239553901281632257
1248224143394451458
1241034345898483712
1257796118840213510
1244175919037677568
1244627291872923648
1252598665967001600
1257525596189536261
1255509652437114886
1239539344093990916
1240945523709927426
1238724891651780608
1242818129190936576
1240942986197942273
1238621218913337344
1247879721473490945
1244951996966330370
1240836818234417152
1259640814432649217
1259866967063879682
1245891818606268422
1238308854993244161
1258917166524567552
1237153932104945664
1244296820785844224
1253892891732332544
1236576123502202880
1242553800700891136
1253862848817659908
1240958755585605633
1253313497305358340
1238968884507574276
1244273383086477312
1239668030495494144
1247583724025380866
1238589795565211649
1244862147999522816
1241461243212374018
1267435894316949506
1267153577140682752
1238589040565334017
1246146842464784384
1237952271629127681
1252931915277119489
1242556735832940544
1252305586194186251
1245177277152813056
1262583605064318976
1246205237049909248
1254173054441226242
1251543538128560135
1247220429166653442
1253812752545693697
1242387062717906944
1245437905922908160
1238140275672965122
1240636909287849984
1238143193960665095
1246516578058993664
1251157484871417865
1239264730100805632
1240311134755979264
1236501991301492736
1255280818999693319
1244541838834503682
1246483099438985218
1247013469829898240
1236099379045568513
1250908876419084288
1245030213261688833
1261862805147394050
1244426510720696325
1257404307806326784
1246809472418357248
1245331120557821952
1248317705633046529
1247881152951734272
1237571018618580992
1242548748632248320
1246184650336284674
1243602684504150016
1239577806406901760
1238198649223594001
1246127901457727489
1240949372298375168
1237836930072678403
1236961701129584640
1238987803129675787
1237836323320410116
1250267133784842240
1255469664248967168
1247644375183654912
1241981481486032904
1245158471126986758
1249835109311750145
1248269692554358784
1262945101170556939
1256055765560963078
1262046463468736518
1250812238254026754
1244495681705951234
1262466063985491970
1249380583018565632
1242975117275267080
1257362921023250439
1240747089677688840
1242941165709807617
1247249205074288640
1235684483342401536
1242255073226493952
1250816720450867200
1259955204058906624
1237570553336086528
1260721448236220419
1259667500746149888
1246808086171521025
1246811463148277761
1241816026137989127
1236100951750184960
1241048656616329218
1242419847025381377
1239403411034038274
1239503935615926274
1238782507685904386
1239348578012848129
1248273387052564481
1236374880070885382
1239349977119367169
1248989798691471360
1236628302628098049
1251005006586748928
1241856785897717770
1246094430324633601
1243938636837593088
1238217401763868673
1241197765801066496
1236653833721430016
1266855088326422528
1238057323903492096
1247642357496938499
1267972074074705920
1243868162044637184
1258419386660147200
1238824668456464384
1245611428716797952
1253863262346719232
1236414853746753536
1237573231499808769
1269804900231364608
1262536200235225091
1242275536413564931
1252402433889693709
1249498963121704962
1241044411896774656
1260209290889003008
1245447232658321408
1264547749825064960
1243234731535327234
1237726514038390785
1248260097379360769
1237761127318269957
1242443475825631232
1265734471090929671
1251088281426690049
1245131414120603648
1242979159514759168
1247630203490381826
1247945612680744960
1245612517822324737
1235673552239685646
1243283498460463105
1239577897511378945
1262546659025838081
1239689673506684928
1264557732239212545
1238984765589590018
1246089471231213568
1237415356970475520
1242584266413936640
1245743306618941440
1242823043942100992
1237968319573090304
1257821547210747904
1237175474226331649
1250806672794308609
1248698642602627073
1251703011128246272
1241814414241693697
1243910302812471296
1251516368488468482
1257808998537052162
1234932519746883585
1254871335441965058
1242906972661395457
1237566221446332416
1254644368767619072
1259117915376418816
1253801058641592322
1261740082781917184
1256974885085159425
1238589988121477122
1248361539977064450
1239743670234079232
1251660889922703360
1237764856931123200
1267555230406885377
1235748520663097344
1247167370663100418
1250210112901459971
1242743489709965312
1244829295060680704
1246400378964492288
1242248802913878019
1241189426677547008
1236973207279845376
1237214872783421440
1245803748884127754
1244024449231396864
1248604626443698177
1244393939936870401
1246561726683852802
1240509482742005761
1241110249685295104
1241735657632006144
1260898145061548032
1239753172052213761
1251520595034017793
1248260475604869121
1240638507648978946
1263850618223034369
1241046005023412224
1240823956552196097
1246485860092129282
1235592177410920450
1260666666695917573
1248477834642776065
1252302367384616960
1237453876971913216
1238942553518604291
1238080075687477248
1252465596949766144
1261399839746732034
1264703314790354946
1240241654554132480
1235387116017856513
1246507123271483395
1238955761998462977
1243486880806711306
1239324746765959175
1258084457027899394
1248993248812634113
1256007140856250368
1246473394553589767
1243333008414986242
1263879816069165056
1255338067625422848
1245193871702863872
1241535209650216962
1243884334882447362
1250224371895095301
1244953890736480259
1247629380437905410
1252383368701829120
1244625595914387456
1242198784928550912
1267610829375102976
1248014257578336256
1236609136114221057
1250814906049462272
1241820210568597506
1260607873647853568
1245106681190559744
1255665660396527616
1244439972813340685
1244977717432455171
1247680434198192133
1261044241519738880
1239908203774836741
1240721685659045888
1244804304701095937
1249495408361029632
1237114152256241668
1256324660137881600
1262468663631851520
1268238726234284032
1257642259006324738
1241753480253054976
1249112476857151489
1236638363358281729
1243630825545089024
1238510684037681152
1239858761214418945
1266324232683864065
1249885522912260099
1252463839632818176
1252466136261820417
1235303641566916609
1244254531422167040
1239756394460590082
1241932200515375104
1241818972640681987
1262103137227325440
1265006245653684229
1238510347163754496
1239751930827681792
1236543578974945285
1255864009657667584
1253718971892805632
1257826304134651904
1260319575209582593
1262412446469365763
1242546921610371074
1265398161536942080
1262076977160302592
1257804133404303360
1256974189724082178
1242545657010884609
1239686380973948933
1242086871813029892
1242679598149746689
1246124841612324865
1256243063099478021
1236635230456422400
1250137475525357571
1245329844763836416
1240760651053703173
1241712485335515137
1244454799099256833
1238242646822436868
1267578874629623809
1244572354975498240
1270069008944041986
1243655165112090631
1255592795965923328
1262982512952967168
1242536040151363584
1249040104271892484
1237438711568179215
1253657190184947718
1241732516387708928
1244317082684186625
1252802664074633227
1237154957515788288
1248988456577097728
1250782555248484354
1237929919176421384
1238199558527684614
1248297456691040256
1236249440064806913
1262584231672381448
1239540447816671238
1240096305487269888
1243355477372579840
1263865211133612036
1239536098101075968
1237174372474826752
1270679588373495810
1268504221827108867
1240386127867138048
1236802881254236160
1243859478782640128
1239654062720716802
1246851184624893955
1256631176082731009
1239262093385310210
1257137069916372993
1246423565152518144
1239733991470661632
1239390644797349893
1264198713611825155
1241461303602032641
1247621598548459520
1246163175256383494
1242548861945724938
1244432369622417410
1255265166905704448
1237476326128435203
1247368461535281159
1250782144403832833
1238466727463264258
1239843795585433602
1238610726731866112
1238883472049147905
1256964721917468673
1258746996527169542
1236085547954774016
1246949607566909441
1242928619904737280
1238968596086300673
1237836665869262851
1246582315029012480
1250812566378512389
1239323212745510920
1256007264185483269
1251740272473538561
1242576951740686337
1259663952289697799
1244559361374064640
1250551364616364032
1266832139678617601
1250031705395781632
1246499592041951232
1242884766577221632
1253607480640311296
1240267563713560577
1238276268338094080
1248461130642550785
1246263760400068617
1253385966125015046
1235719106055172096
1240513206881267715
1240977772345987072
1244742530698264578
1242546916065521666
1264553085621473280
1248315175972847616
1246238303084568577
1244427678884790283
1246614393972023302
1241355390731902976
1235937278389874688
1255465201333395457
1245199080323678208
1262032160439128064
1245729101983465476
1253383883686633472
1244843463457288194
1242594404734566400
1251701126489149440
1244206848070356992
1235707617676341248
1245730707189772290
1236391654162038787
1260256328200716288
1240571010971242496
1259108352644337665
1250550925028196355
1241713931611254784
1240515818703773697
1244624411464019973
1244832785128476675
1237746437762490370
1237574756599091200
1243511933468196864
1243740167556468738
1241540017094381568
1238949004236541959
1237571409708122112
1266684092885667840
1243265398402932737
1237569776467099648
1242536651437551617
1267993639881490434
1259760389102940160
1238913374093742083
1247645582887399426
1242280114026668032
1238910655085887488
1237347744085348352
1239615131409092610
1247826794935390208
1243595751655198728
1242832942889603072
1262563517149990914
1250233874006884354
1246376519737491456
1240341416276082692
1262417738275926020
1242545974049980416
1255961356026679298
1247519134339997696
1250001027820068864
1242225290358730752
1253141884270260226
1255160088240820229
1255160363684855809
1247658712816328705
1235188110369181696
1240637870081282048
1260737228571099137
1245805304186576896
1237592367361716224
1243597747174944770
1245732068736319488
1237019510202339334
1240063634019147778
1245662334036697088
1246242305562075138
1249926912669093888
1238081123516907520
1257297541986693120
1257522257678786560
1268931770206093312
1243273681150894083
1248217606009630728
1246578746083225606
1236781538332868610
1237473554351951874
1247642945341267968
1242536098427023360
1266084855508545538
1243303180022226950
1246222593969008642
1239749033566121987
1257057659326550016
1261652878919426054
1242646013787193352
1235048463445839872
1245174542546411521
1255963047589527554
1255115941454778370
1238554945068118021
1253363914903097346
1256946662494416896
1245200174810640384
1248478009209679872
1239613586739249153
1236384666934018048
1240632086555512832
1257378517337153543
1255496958162219008
1242927902477422593
1247464326232977409
1247523438236856323
1235299015345999879
1238436875586732032
1245140077120012291
1237927791594819584
1265410006578606082
1237346837809561602
1259924748852756483
1255111111860531201
1254573808415055872
1247334968440893443
1252399753125441537
1246063316184727554
1251306010494582785
1255115234525753345
1246199760845000709
1244432707779772416
1250801723247124480
1238272585806340098
1238030925663014912
1248831267111669761
1248751052465352704
1247490865423159298
1248946899694096384
1240420279026933763
1259871860440944640
1241694583161061377
1237932125388787719
1238413183511080960
1238554667484880898
1245369716161630210
1239561151354212352
1244809578635759616
1247633527870455810
1236396329041092608
1240123077192830982
1237581828485083136
1240053184258813954
1238507256867676164
1237484127412248577
1245124309288390657
1254712098426359814
1242772344734711808
1237057461347061762
1241902831013068800
1238199508321910787
1256146740962607104
1255514256180752396
1240636746116804608
1237863465823301634
1244979491736358918
1239576701941800961
1240572964933951489
1249447213144649733
1237763674183544832
1267945487728025609
1244321626621128705
1263223877750214656
1242951091815415810
1246706228883066880
1248206573392068608
1262181765495631873
1238453791122509824
1246150893797548034
1240746959272579074
1250659350806478849
1245371170687418370
1243596781071544320
1244591764691976192
1248648166586626050
1244116864889950208
1235187798447140866
1235681381906345990
1239600014541848578
1251268047974916096
1236496658344611842
1240990673366659073
1267989945475575809
1253382159668260868
1242978864416129024
1239329239494799365
1236090574731710469
1243168944132947968
1238131692147281922
1237470525183741952
1237213361571536896
1249175835199897601
1241919451966189570
1245138907135705094
1241785536550928386
1243330605330370560
1237086661592449024
1237950059347693568
1251160916755804162
1247014903178764290
1250235904704368641
1240775414349533185
1239037093550186496
1238638848046960640
1246506301548527624
1247167278455476224
1250583430271827969
1237576219706535937
1245042330480119811
1235366315776503808
1243285549152157696
1237835421381464065
1237415556464205824
1236756503845056512
1236980725951447040
1248830653099016194
1238533102256996352
1251153487175446540
1242380914690228225
1242381169141977089
1238878291890765824
1262457733825118211
1262895088943935488
1239002790103519232
1242560506927382529
1247118722210422789
1245103061095325703
1244029582661074946
1242785526677209089
1256921790590451714
1255666010717401097
1235941053825536004
1253751001787650049
1244960218699743234
1247918041125588992
1245583856062717952
1241899715672838144
1249496376293109760
1239383506574327809
1239657182251155457
1235361251036971015
1240833877607960576
1249465147804049408
1248603689209626630
1251606182017544194
1238497990236667904
1245824728314466304
1245098651296436230
1250959589673238529
1247915513210122241
1242435890653298688
1244411021273501696
1240778610446868485
1250420702676520961
1250194614063108099
1254219154254704640
1251137400589496321
1237181749291110401
1245709818847006720
1240419939523100673
1248978267111075841
1239754537650585608
1244691324718047234
1254758245660532740
1244380630038822913
1236279985738059777
1241026413848866817
1255681831938252801
1257843908438102017
1236106200607006720
1240763808353845248
1255192324323389442
1245100049157275648
1264367986367819778
1242793180795482115
1249397102947508225
1241873995387076610
1245712835541372928
1237896788486418433
1259568395386847232
1245738956521701379
1239609091275870208
1240148987497328640
1246799675480473604
1238800903005704194
1240118143361724416
1239395053006700544
1243365561922273280
1251129940633882624
1239883394248556545
1255709561622855682
1236616084654039041
1267938995952123905
1250456077533163523
1245532600418131968
1242884752547426309
1246950484889362432
1246127887369068544
1237855706964881415
1250026452839550976
1255638590056472578
1245179092745490432
1248174003509964800
1239526141632958464
1241903162883297280
1240441307761389569
1260211749254574080
1249496783409070080
1250658256101523456
1240411804964184064
1238648538512461826
1246862796261818369
1242981301025746946
1260587863676268548
1242623284308516864
1246130718759157760
1240715574335995912
1251703645189660673
1241719758090838024
1248654843612364803
1253122377157873665
1238436309179523075
1246523798351986695
1255236162928676864
1241562041984352257
1244393761347641344
1255961383528730624
1246476720745656321
1248829671841685506
1237764113528500224
1250935267952930817
1245889272927961090
1242668919757975552
1243278152387964928
1240268163159293952
1264369633987084289
1242107173997621249
1241800230133207040
1242198973219209216
1245119214748413953
1243485136802512896
1239643428570439685
1250967429909491714
1246088376677273602
1242863806746853376
1246433447230480386
1238592609611898880
1237891597221543942
1260175566369677318
1244059260494983173
1245784260298059778
1250578278773067776
1237930806217146368
1242487280742342657
1268504483451068416
1237896796157833223
1246030715730505728
1258352413402112000
1267972569677914112
1259206211049795585
1248843729739358209
1243981066077167618
1245402183908175872
1239158702512508929
1241515900823572480
1255162042882969600
1254391242877739010
1235724466728120321
1250058090742984706
1260239083516956673
1238878430608965633
1267599206493159424
1266219991361376256
1245807556741611520
1244316857194156032
1251511259750678528
1246202716843540480
1260190794801197059
1246131552305676290
1251156151724503043
1248975210147086336
1253031572019851264
1247600932260585473
1250494587707232256
1246027854699208705
1237932558349938689
1241904199119536129
1242039526878515200
1250902784020557826
1255662270341922826
1243675114203500547
1248078736139923457
1258522614823129089
1244679711403528193
1238135880033935360
1241014685727588355
1256393788911730688
1238476053984743426
1257492712799916032
1261357971457499142
1245136882461179905
1255148706698948612
1236394621665673217
1235234325274275840
1235234697233518593
1236286852837113856
1235086716878249984
1259955818470014981
1239642603949305856
1237340227125104640
1239957977890725893
1238454764578504705
1237916634574196738
1247761867784589317
1239003819112951808
1240764807609008130
1246956366884986880
1235187386692358145
1242200611904512005
1263504193098338306
1259364612018966529
1241131300259532808
1239522796453142528
1237521846100090880
1268174416762060806
1242284100691660801
1237342424759963650
1239602249938210822
1260393492469202947
1244823863730606087
1240270889108848640
1247499483426041857
1244834807684583424
1244224022059143170
1248975168652939264
1264734182774919175
1242551656899842048
1250212961060339714
1249028155798687744
1245069955038617601
1248005857914138624
1262960985326977024
1244413474651987968
1245071367982198786
1257660024530382849
1248618267070980096
1242869048087625730
1243519167875166208
1242114223582445571
1247638219610619904
1240284055884771330
1252310438588698625
1261779786147520514
1244723839411552261
1240086240046784513
1245013522817441793
1247636598092713984
1239393075849498625
1254758825175003136
1237213239202779137
1237919044025663489
1237210482584489985
1240640504112562176
1247714341237018626
1241431750607241216
1258206159993004032
1239397688673787904
1235009482117218305
1244370280639856644
1245180026003341312
1242843615287787521
1253513496387629056
1246037813625315328
1248849353751625729
1240205639005147136
1237815356288360449
1251089237061120001
1257482060631072769
1255470401473347584
1240037044207996932
1247920011043377153
1262458595435782154
1237119134888058880
1253658859366944769
1236679014783373319
1248594619559968768
1240074459131908099
1236086816714960896
1246507077893337088
1243725787922075648
1241558857270296581
1265734960423583744
1235335943932039168
1264962016004931584
1234977210848595972
1258220893681209344
1240429543934119937
1268676160692592641
1245378535969165315
1236979261942136832
1235582992871043073
1237475493215158278
1249429038956810241
1235728712848543750
1238924623376416768
1240471540942110723
1254863228011720707
1239002348082606080
1248304188221788160
1258573366488858626
1246550422585774083
1270671120753197056
1242187007801114624
1237476355517952000
1246517437538893825
1235660233340596225
1242952504658272257
1259957033916399622
1242076504835739648
1245805666700267523
1268167450811654145
1246065331698835456
1238442797696516098
1238442979825778691
1237455726760656896
1256240401217990657
1263122507542016003
1236325153082167297
1245729447111770116
1254440862970515456
1267885717671329794
1244072054774784000
1252981294037950468
1248995363450695680
1242253717874905091
1237416323778588672
1239753287492087817
1252420731029225472
1245894357661728769
1240090228179730434
1245329074479943681
1239735970741866496
1256672997596938242
1253305483580055552
1240338401469046787
1238560670150463489
1238561954857353216
1260642295118008326
1246451113257295875
1236760961173905409
1266167775623614464
1262893863162785792
1248982179067113474
1243305241354919937
1268939930753007619
1253644115448860674
1253031164954185730
1253105239575662592
1238491736822947841
1236632829590675456
1257275379720622080
1250088412775940098
1241571313304698882
1237536192633008130
1237164480791969799
1243999926897557506
1260784761938890752
1255170304944623616
1265358892663558146
1237778488897257473
1250553549819437056
1252773448759357441
1245467182697414663
1266036607267807236
1244740396657369092
1241141464933023744
1243239093867360256
1236978120458227712
1241858162363453443
1239225672473722889
1250843224895303680
1242785483740020739
1246821567943901185
1245490628454240260
1250551354675863552
1255935718628745216
1240765062790500352
1256205000897753088
1253341890671493120
1238265938128056322
1250124686631088131
1247008235091111939
1240400265506938881
1268609990711001088
1246803254622773252
1238904586158723073
1240433231406813185
1242188910790414338
1236074975355965442
1243543965305057281
1250725853920743426
1237896880694022145
1251148169057931264
1270137550015995906
1236245182795993088
1248207624958554112
1244739626058866691
1239249424460795904
1242537919337955328
1242465758795288576
1239208557360418817
1244661096532803587
1240827616388669440
1249431654780764160
1242783310444728321
1265779561498845185
1241339934914555906
1243153667404029954
1252389307597221893
1248299670625009665
1252799403963887619
1242859257046892544
1251867405795680257
1247634276574781443
1255238802202931201
1239345109763788802
1238260500279984132
1241354052778315779
1260345702607212544
1236510885264289794
1247355218297344000
1235661743939936256
1236084423948451841
1240776152379207681
1252337922403192833
1247518390668922881
1237169751329308672
1263478033148715008
1254923182252920838
1251183226175000576
1238567096180781057
1249683086922723328
1246078495530328064
1242233333796438018
1241772232713670658
1263247638863937536
1238672926892863489
1242883822699626496
1243902332154281984
1242138297872330755
1248324370084311045
1247473939741380612
1237508566317060097
1255267463673020417
1238836215459254273
1244768841814757382
1244455107632267276
1252701996236365827
1235335251586682882
1242238886002266112
1243911890050433024
1246457648532393984
1246187574420484098
1247925489743859712
1251878022946394112
1244820570782523392
1240675823646052357
1242216829013102593
1240021656594243586
1253063853488865282
1240507108233183232
1255491790423105537
1256215787293093891
1240493818895622144
1238185889785937921
1247652331065352192
1260675949898674180
1246077410321338368
1244775258206416896
1242615677720186890
1245464347696119810
1251172891875520514
1270491653002969090
1253648720933027840
1237392009414856708
1255068100325769221
1248727657593933826
1258929094642843654
1260587936887853058
1245806314363772928
1237548555457323008
1266481832872329218
1236687834649632770
1240092809086074885
1268636903026446338
1238605377777868801
1242246385250045957
1247650754497822720
1261427132187635712
1245877848260464648
1247649893675646977
1262031944436645888
1241799092801613824
1242633634944823296
1252633299505287168
1247188373825105920
1240379677862223878
1252039008705806337
1238619180603146242
1243360258627534850
1243659266109702144
1238798635619491840
1237893524034424834
1260308024226439170
1257068022105354240
1241862392356765696
1252338132822917123
1247238840735207431
1258728914664525825
1251853935553523712
1237554967726051329
1260756003349463042
1261135245052727296
1246056662718431238
1259953610496053249
1251144334038257665
1238561441713655809
1247563879279968257
1254762257306857472
1237057161341140999
1242961766918828032
1246170232638640139
1255900717845528578
1240086231544999945
1243661750798553089
1240005851710205953
1240767256361078792
1238906549235601408
1240005049583046657
1240363150916104197
1251187441186332678
1252224572461666304
1251603577723932672
1243562258380337153
1253452170944483328
1238413509601492992
1237710522251870209
1255838384821501953
1237918493368037376
1237902097766584321
1238413735594778624
1247323388277899264
1245874346301718530
1246228520948436992
1254412484804476928
1245173610110730240
1250489058960330757
1243675049757999104
1259202598453870592
1243659773284945920
1260538950558658560
1250240343074799617
1246228704608608259
1250094034132987905
1237879205406232577
1248685171207016460
1255636016645488641
1241934373433364480
1254578891341119488
1239397845972725762
1251603145232470016
1243678020336001026
1238090707690274816
1246587608874041344
1248595952019128322
1240227256687038465
1248765811394740224
1251535554556112898
1247598087704641538
1240788119181500418
1241112074538844163
1255498336901218307
1242848532358365185
1251672990124855298
1238174739274911745
1252535447944912897
1244761581063413760
1240017284325945349
1263229006880681986
1240016269694373888
1253498614254579713
1253802666611871747
1237349444972171265
1251085900056006656
1239483550791073792
1251687357016879107
1253098293875347459
1235725581037080577
1244741595322294274
1253389436831834113
1243662339972435968
1250606764342607874
1250634039654039552
1240678911203311616
1247194718884282368
1253013722152525829
1267394367146414080
1239516460399149056
1240043805908361216
1248696301782474753
1238412295677587456
1253038045214932993
1260536834138025986
1249853657874563074
1258131960603475973
1242653124290019328
1239316586114297856
1242658895845306368
1238303663728320512
1237919822715006990
1244973140582727680
1241177437679112193
1246904353530806276
1247717279715950593
1239328811117928448
1247318019015094273
1244771669090107405
1240237468047347712
1241307109532237824
1239332727968747520
1253127563419009024
1247184530026516482
1238495490318241799
1239365109685923846
1237360337571270657
1254744361281171456
1249032511856017410
1242196267645755394
1253437325868032002
1247564147421782018
1253449340909207554
1242932471743811585
1256318213803163649
1247702843685027842
1255906848500264960
1241853597186428931
1246884149203546113
1244736666763485191
1249118325847871488
1243296339489886210
1246433209036005376
1241570708335071232
1237481462078865408
1263605531584925696
1237909183154065409
1238446559701938178
1241929884806656000
1239841157007446019
1240895472820195328
1262906607756861440
1249478581698416640
1237759332508368896
1246909500088516610
1268222281051967490
1259242490105860096
1240681763032256518
1255188019293884416
1243566842003755010
1248355372856991748
1258439175805841408
1237548690660679680
1246014483178434561
1245763732543811586
1241848636239159298
1252243854125944832
1237896882749206530
1252589715397775368
1245824698224496640
1240228350959984641
1256066156210913280
1239548205173542914
1237548470459744263
1237920760406118402
1236093311838031872
1238529493519695872
1238590499809906690
1241930010874851329
1244310851974238209
1235179324585775105
1243212614697734146
1246573334944456705
1242917549051953155
1263797603592015873
1257349166075953152
1242231284463800329
1247016065051381765
1247876572549394432
1242054831474384898
1255450889495760897
1237920128806858753
1260317915011833856
1253499022003888128
1237916684901593091
1250596722612547588
1238923364011577344
1245477525079363584
1242249682514063368
1244487056480493570
1251958809532280835
1239544546024923137
1237421022846095367
1252573584339415041
1238924066330943492
1247885876941602816
1261418102299987968
1240676634220474368
1253725654614528000
1241173042140676096
1239517391413022720
1258083783225425920
1259717115487059969
1242235327424671744
1259949880761556992
1238562738848305152
1239950649816682496
1241899814788440064
1248666774540861440
1238564788843806723
1238184151217569793
1266857164917936128
1237925988018913280
1245042401628114945
1268498415316598784
1258726114480074752
1245388774680465410
1246572325073551365
1240729506656239616
1242602487565123584
1240730589176705024
1262904887190437892
1238415243631636480
1251686590180724736
1244000271312850945
1237535108329926656
1247214436210925574
1237918719755587588
1238802828757434370
1258167532051140609
1238929009242705920
1255633108826828801
1252767122381516800
1237593811905212419
1242190186311753730
1241221235352260609
1242875884270428163
1242604176057737222
1247560015168364548
1236140067065933824
1258804535268642818
1240680479625555974
1252986265114415105
1238292007719546880
1254090266803408899
1237927078873497601
1237367886542508032
1258726766442622977
1266489944668856322
1243678118906417153
1246176114768318466
1246013396379631617
1254916730167713793
1247618744966418434
1268032965877137409
1241921787807567872
1238880033348947968
1243535064216076288
1250596784411467786
1250522276212224006
1238280805358678016
1242907244557217793
1246543247360626690
1245466826286473216
1255686431055515654
1247289643600621571
1240678240248725505
1254979573793644546
1242187438367412227
1251827022361493506
1240370667125714945
1240019973642297350
1245840237093322752
1248702327185424388
1239289842212777989
1248088208631648256
1242901520762507268
1237452858926268419
1237729060685479936
1251600302752632832
1256235019338690560
1243661990121390081
1249698717432766464
1239697724754268160
1240771130723651585
1236748068558712833
1236748706709409797
1247889782606200833
1265432730046812161
1241853693634510849
1246055897140539397
1250933821790355456
1269318178292654082
1255989280528306177
1261388233218428934
1264226471502995461
1241933274768912385
1241447156369756162
1252637990784040967
1236277079337033730
1234997691840528385
1255023139978960896
1247981417738514433
1247137987244306432
1252332817306001409
1239661356267319297
1252918241854476290
1252226411252920321
1243569563712794624
1239240071729078273
1239736100610080769
1238282305157894144
1239383621041115138
1264703234863763456
1262141629202399237
1249506777416323074
1249506935294083074
1240476260754743297
1248761834137665537
1246055452141551616
1240035988107395079
1244777726713659393
1251170252882423808
1241494016132251652
1248764355677732865
1242626323987783683
1239208448170000386
1247560017970188295
1255674984724381696
1241496852371066881
1241341193251889152
1259875366849646598
1260962395482177536
1243002752688685057
1258355332025397249
1253145372014383104
1243212255342272513
1247566071772708864
1236716986119446531
1238836512629960705
1237913879159681024
1246909164036730880
1242353451180449793
1247839534370508800
1269666115623452675
1238566249120108544
1243125545740754944
1259453877226737664
1259282455938375680
1242954909173133313
1242394530466402309
1255680783873986563
1235578668212269057
1243543994606419971
1240814657448947712
1245090776687751172
1239729060575621122
1252800775161511936
1242268272780808204
1251199004140077058
1251199054450745344
1253454130892410880
1238924108353675264
1251193272850100224
1249683595721150464
1252226599866503169
1250205138679222273
1238435820018774016
1237918561919787008
1252415551676116993
1260632170802171906
1243969029548773377
1236401581731561473
1245097655279276038
1239284818967486466
1237187958471614464
1243900657440088064
1253335230166913025
1238626810981687297
1244298559643701248
1240033605369331712
1242853399294619651
1243027114196074496
1253336874090770432
1237505503330291714
1259831996752289801
1257751955893518337
1250874751993679872
1243678456598212614
1237549940043157505
1254410518531629056
1252175381274275845
1260646511093809152
1250186859210321935
1243150670724837377
1243385514863951874
1258715249139757062
1246170420434403331
1240498126701703168
1252775080205017088
1255838260854697989
1250173920285806593
1238428277951299584
1245380844212170754
1248135589096050690
1248023049355563008
1239253376052977670
1252122825999122433
1257735658677862402
1235762893062385664
1244381091642949633
1239736662969679872
1240033185314082818
1248362478242799616
1242221149049761793
1245143639057145858
1245143932440379394
1258354630725156865
1239622903110545409
1251682258618105856
1243971066923532292
1242624330007183360
1243998698230763520
1253448197625831426
1239591156255805442
1241525377912225792
1262642265568219137
1239165075526684672
1258539280399400960
1243530813288992780
1242078025610661905
1239450328631775233
1252758342554079232
1248087432127488002
1270677391103479810
1242902563575521286
1239793896672108549
1246014779199807488
1246439754494869505
1252590494451974144
1246905754352848896
1270386994246451201
1242170188776300544
1237191281631207424
1250493565173719041
1251107086588657665
1246589911676960770
1244736576833425409
1262366207463702532
1250767581952253954
1256643315220525056
1257800394610216962
1260385205950590981
1244774833637949445
1235542207634931712
1247852074290855936
1246199368165834756
1239246742144593921
1253536422629462016
1249037277428428801
1251909371338141698
1252008830801715201
1247148526934654976
1238837441320103936
1243657812179390466
1238618422331801602
1246256287907827712
1251130831520833537
1256134573831880704
1263242165209227264
1244043934210416640
1266846967419867138
1253347598339112961
1240473189563727873
1236279000034672641
1237159402949554176
1253798403961769984
1249701810127941632
1238560497911443456
1240678832019038210
1247158655272783872
1253102589966716930
1236272350670315520
1237919379725127680
1250640895684288513
1252005975911018497
1239163788055764993
1247605324351234051
1253828411325403138
1241491150357377024
1252226490311290880
1247601077886889985
1249167024003133443
1260565477413306369
1250890389701222400
1254061260091592705
1240505850965491712
1246176043280609285
1260973639580684289
1242289201066004480
1255621881102831622
1249473292785930240
1256070310660640774
1253491912377618433
1252561931061407744
1242163770467762178
1247129561680183298
1255020317002674177
1258587974268342272
1236054846110945281
1250363450712186881
1235840078976397312
1241711083762704385
1242048255757889537
1256265467641110531
1258543167432843264
1246865977893101570
1237858250378240007
1236082202766643200
1265245756522364928
1248209492732456960
1245013945678692352
1269761736866922497
1256618781952086016
1253775631411748864
1250765100321050624
1249155249815855106
1246138771160141825
1240678143742091264
1264409561257193474
1252264848420941824
1246892450444128258
1243711682859487234
1254007576091557889
1253529752746500102
1237924789987278849
1259151601354379268
1242127171084320770
1244493236812623874
1248774009149370370
1241670990226247681
1252935243436371968
1258131461028352000
1240622879521345536
1245835059334184960
1261306886495899649
1240762408391577601
1252176909972234240
1243487369191395328
1242608425672028165
1255215147553079296
1242482969647996929
1240250035864043520
1243677477647446016
1239316386901614592
1244471868968624133
1243683099046748160
1243296471656599554
1259987935228764166
1240731830699130888
1241861406443679744
1239511348230402049
1259949420336107524
1235521431066357761
1250065213044543492
1238535458692501504
1254891084506959872
1237700049922150400
1239162255368994822
1240406436271751173
1247704988425560065
1237193276974866437
1240072449317842945
1239479962501091330
1267476681654239232
1243675868997828608
1241847155809308674
1241849444640993289
1253694495822172160
1248586240972201984
1238428647066910722
1240718213140414465
1245880864204107776
1239921907241234432
1257735100009197568
1237881789718220806
1251969609470824451
1251491148708839425
1252981451978674178
1239134412631146496
1236278610945871872
1244384058710384642
1239337566358380546
1240896796861378560
1248949487856422912
1239072018684882944
1266837997313568768
1250096460730941447
1236742909027893253
1246011609211981824
1243527804823785474
1242890194552008704
1238053060687073280
1253057473180831751
1254927461546065921
1248370773481283585
1241924751582539782
1246042417788264448
1262959007909777408
1246280636681371648
1242633737554272258
1254069734934491138
1246252848352038912
1255187954626166784
1250865599502331906
1257433029569581056
1245825440054489099
1237865208921460736
1241856846161469445
1261997253025304577
1239526633402437632
1239222430272491520
1266820859148349446
1235960813590110210
1263227233331748866
1254891872784392192
1252963727630110720
1263683924766740480
1254921021783773185
1244565205650214914
1261011220229840896
1238581697727344640
1240896649100177408
1243944478039293953
1246444431529689088
1259824650265276417
1245914438642716673
1236776955506196480
1238253852375289856
1240182365466615809
1250893580882894850
1252756272799195139
1237039094405959680
1258936196459307010
1241925355910369281
1245646616616251393
1241494866300940296
1251172954584514560
1243672873333600256
1247138267155365888
1243947135932006401
1241181440722665472
1252991453908865027
1245857496318668808
1255917522488000513
1248412292431015941
1261515117897883650
1263276368130965506
1245858510568472576
1255903297258631171
1236717470427369473
1267086637634334720
1237883724257091585
1243926442993422339
1242390912745029632
1250051874142720005
1236791550690103297
1248057307096891393
1250055953925443584
1238528801073758208
1240345090146607107
1246635434333163520
1240448712536739841
1244512773502984192
1237759533168111616
1256272019538219016
1241906728297533440
1240111649362755585
1239721360743714816
1238846978492162048
1254879576037175296
1240452447954513921
1237187800446967809
1242168941306359809
1253461622187872257
1239705800903401476
1263836955827150848
1238644866357301248
1240028357540163589
1254854243497816066
1250160529907294209
1237427272942051330
1258858455206703265
1246457399784943618
1243685783439015936
1247543519901818880
1261283732239142912
1245284840934694913
1265947695044272129
1253318284772081665
1248826388590874624
1250241388316418048
1241335636445081600
1242897532029722624
1251649614152859652
1239589861046222848
1245147727815675909
1245844725049016320
1258389845489192960
1259936944068444160
1247553964540858368
1243005219337908224
1250058463092367360
1260228004669730817
1246281601090236416
1267060097668329474
1236687203008479232
1255886244770390023
1238628752231456768
1241864153935024129
1238931717873963008
1240702755993337857
1246232203903762432
1243322442657017858
1247211835167817734
1240355702616530944
1250064940225957901
1265286481767043074
1247859709819920385
1252979241597186048
1241116533457408001
1251182809693270016
1239684265324969985
1242046531517272068
1239683129385902083
1245927111254147073
1253872853629521921
1270146797198065665
1254794076332994562
1250874117793996802
1241482544375349249
1245026488409350155
1266487558617399297
1237096896424017920
1236799461122342912
1242917365622456320
1235651094883315713
1234940758588821505
1243563836994654208
1245461529744543750
1244235673030311936
1246848304014598151
1245679399049089024
1244720035383382017
1241039952315658240
1239173094725636103
1239167694814969857
1238847170280919040
1237668444818063360
1254899207581859840
1259190715382468610
1247020652118278145
1240673261526097927
1240442810903527425
1250860185725345794
1255210149813288960
1242836464628633606
1239316978222931970
1243529349036376065
1238440671322746886
1249803681895251971
1249306848999677956
1248551522973233152
1238787575437053954
1237925398194896896
1237597179394404352
1235986047999324160
1245789230879604746
1244766079123181568
1242887058005405698
1244963278830350337
1260979112270794752
1244349405421080576
1247476670099046401
1245667534285803520
1253369545655554048
1243945918623342592
1259876022276763648
1263213773676064771
1239288508289822731
1246232940775911425
1238633833022488576
1250051102608896000
1250463740010606593
1247267362140753923
1259044874696998913
1247479020477911043
1239700249188413448
1248579494258114560
1237188227238330375
1245504445523378176
1261026602198142983
1243955434328899584
1246415978151510016
1260122302899015682
1247265047619002375
1257754226777866240
1251648626226585605
1258814315534200832
1249013081117687808
1252660533066678272
1265745660894117889
1243558910281289734
1246406822975676418
1246763810687459330
1256697727070752768
1248052607920345089
1254425772841934853
1247006760952639488
1255553179850289153
1253827315320213506
1244475097513148416
1240009694632083456
1246055330938851330
1239889666125565952
1251623914389876744
1255602362892378116
1262215788318113793
1252279664002895872
1250380521965789185
1246976495354105859
1245395728672985090
1239930525860745216
1265763132699484161
1253650579693461507
1253082865300115460
1250156279911374848
1256177862312419328
1257280275823894529
1257429543545118720
1255582558311649280
1240241214563266560
1260416362452856832
1239674115084234752
1239639458737205254
1239717716631654401
1263213994388664321
1237159380614864899
1258924136241475587
1250192587471736833
1261673879862480897
1244383544375480327
1247149167954321409
1241765189218971655
1241830655643844608
1250500962730610688
1241061003862949890
1252954631136858112
1242482030996336640
1249121348254867457
1249168544421552128
1254212198911655943
1252978432494968832
1258047778367963136
1252537771924885505
1237188008417296385
1253496040797491201
1245490223586435077
1249149191147982848
1236899596779114497
1238963743725412352
1243543666901372940
1249864783479914496
1245905042890162176
1243970078057607171
1240446802261872640
1237560679617323010
1241491477869604864
1245678324849901569
1260230064714723329
1240355769905754113
1236788589637373952
1263652897033801735
1238887402145488897
1257991782048116736
1251984005613920256
1263259299977007107
1240321086128095232
1247362048620662784
1245494873987469313
1247357947337945089
1243902146153795586
1260427114844733440
1253873634940248064
1249698083216199682
1243318284843462657
1245143879524941826
1250064979497234444
1240181852964519937
1248585736380715008
1237796950558326785
1241449544522612736
1238315295070195712
1243374797746253824
1243192125120020486
1247953415541579777
1252435317774114818
1243670637236928513
1243175018068090880
1250170680773050368
1248630540804263941
1236355132901785601
1237910969831043077
1251479781738254341
1239636948907626496
1239532331901353985
1246269209421717504
1251651234236227584
1252531549649731585
1243661333842874369
1250875608151789568
1252661495680417792
1255202404582199297
1243191892340346881
1241024004820996096
1243680989852950529
1256321026058674176
1256697672653836290
1243640818843496448
1247358557017817090
1252760902492880900
1242071802454695937
1241683680197775360
1250063821865091073
1253466498833793027
1235067346533806081
1237911074403426305
1235768080518860801
1260920155816820736
1247477780188737536
1239722504794574849
1247128615885602816
1252280586934325248
1246638146223300608
1240118758322159616
1237236117457580032
1243969716940673027
1239048084409192448
1252936745143894016
1258562255131750403
1263933715903852545
1243319324347191301
1245479523505917963
1241494167806713861
1247539317959880704
1239152047943016449
1258471740029665280
1244388123754270728
1268892750553980929
1240675199684673537
1254805493958279173
1248084203134214144
1236799521977491457
1252431701965369347
1264600743576834049
1240151682127998983
1270079059700170754
1239918464334209024
1236694432667316232
1239010729375739910
1240449299642830849
1246818208902000646
1248056435243712513
1238581747396366338
1236610265988378625
1237157930383953920
1242362295315030016
1248668380992876545
1252696987897663490
1242294825115926529
1262944379322404866
1251623805618991107
1250568435576311808
1239032810377228288
1240060335287123968
1247639648849088516
1250853246429732866
1244772125610827782
1252990007960309762
1251547527528288258
1237883538084515841
1236418127174553600
1239894383333425152
1247870253104803842
1244706618069188613
1240813532809232386
1241103049411702785
1238990844390256640
1262794961768124418
1240366104100458497
1248135745669345281
1243559405678927877
1257404036107689987
1249172327235047425
1259645788205936640
1250184987091050497
1265083826071498752
1242183186072973312
1256774341674430464
1241040128400859136
1238193417861111810
1238977265310093312
1255582483418136576
1242996695329366016
1244966086849814528
1243826673243566080
1246387870971179009
1235205918691909642
1242510585977344000
1247984533909262337
1243657174708105217
1239220945581211649
1238226875819974656
1256719596570247174
1253625077830160386
1247478807755460610
1242643619003187200
1256255808159076358
1248902867198660608
1254879263339184133
1250543436266188801
1250844084471767040
1262056400223703040
1259101107479023619
1252590168990715904
1248366583220703238
1252994747725221894
1248061269032292354
1242885971282210816
1250877587489947649
1240024478794612737
1252619234556985344
1234998039728640000
1254258158001729537
1254619456585846785
1261121276501995520
1236142163827863552
1240092125183737857
1253819616381591555
1247704715971919873
1245840557013901312
1239156047924912129
1245334347101736962
1240323037473509380
1253325952374829058
1247361922237898754
1246245913569476610
1236800742687682560
1253334622592614402
1241904896439451651
1243639553371619330
1236209463666839552
1253691846909452291
1246176598690344960
1238093302857162752
1241907105050906625
1247592584177909767
1238502096686776321
1240682123557777414
1237200631984766976
1254269518970605568
1246249910611181568
1241282257576484864
1237207017703555072
1242610379479560192
1259096132363354113
1242565462980001792
1241162062681845760
1264648341817827331
1242118011517108224
1238791495211192320
1244349747311378432
1250975172263362565
1250975886699974656
1243719812536287232
1252974154736943105
1250894751907418118
1254888099043295232
1241185272374669313
1250164239970508805
1243520184490565632
1240110308745719810
1254976333807005696
1246285917771444224
1243522875367346176
1241665535563227144
1237845010730471424
1247269498337583104
1249698198744109057
1264314559357124609
1238580765044211715
1252289474559651840
1248390677836083200
1238053958431670272
1254776282337775617
1240548650566156288
1246890869501956101
1261619329801601025
1253786983140413448
1238849629413933061
1243946580144766976
1240552348218507264
1238069492258951168
1238221770869690368
1238538617804533766
1250470816631992321
1245081564880519174
1253039871133876225
1252681869096861696
1254904839370350593
1237796489650417665
1245351514283139074
1248149672415412224
1253078276765036550
1240457971424989184
1250895056170635266
1243688342744637441
1258785264526385152
1249710571865419779
1249388594936123392
1236120893203664896
1247574864032137223
1242122448482549763
1244247880787001351
1239463234500988928
1245503249186279431
1236703372922826753
1252789578785841152
1258398196293947392
1240673231801143298
1239013866790666240
1238978740132200453
1268194011107516419
1259098890856349696
1250038403577655303
1266715872766431232
1247362794573500421
1241380992633450499
1268252930974646274
1238632474709831682
1244619192898400256
1245708972964941825
1243641723546411008
1245811971997536256
1262445240637624321
1264292107365183489
1241835416141074432
1251621747725647874
1252953803428691968
1253137828764102656
1261428755106422786
1259677442521935872
1238816469242335232
1259651244529983488
1249166792016236545
1239009981367816192
1255549274663911425
1240650083651239936
1244401068450238465
1254891382596124680
1252679510048288771
1255883148237385729
1256581993187377155
1242610761945538570
1237008373238960128
1240783945102475265
1250435363492904961
1254855320024739840
1238537472113549317
1241848053797212160
1246984598007025665
1256934420063367168
1244597017692774400
1240459003529920512
1241850938043793408
1256335820711059457
1267873015909494787
1243520807550226432
1257385095859748867
1237463566384496643
1251263346399227908
1245337370142167040
1243686999166500866
1240477853365436418
1256293843068215302
1255553175786004481
1242810754291699716
1237898438869766144
1261618890108555266
1252431606926598145
1240101448483995649
1244098076047966208
1245339315204431873
1242609094122508289
1248392372406218753
1241333071988895752
1251176858311426048
1243176146059120643
1244992002032381952
1242995475965513729
1237104735007715333
1259624811489300482
1241169732482580483
1250415137217040386
1246540985267609600
1252289415122161664
1255872329357418501
1239273896135856137
1237187911281500160
1241140133165969408
1240459001424424960
1243916147948486659
1247201739234779136
1238047456434302976
1245676011674615809
1263527641312907264
1238539073675034626
1238501110777667584
1242796267463376897
1239171731354537985
1266029889188225024
1248391599987372033
1250526507379953665
1246351996082425856
1245682620102557697
1245677820640182274
1241171330214637568
1253167145153945601
1244399779217584137
1244730836685074435
1260192441552035841
1257143427055202306
1239988907430809608
1241335093811195904
1236574812623036417
1250894072111411203
1243847898623868930
1241071650038317061
1267942261943386112
1238145471597678598
1239987496135598081
1245078144501125120
1261309019962118144
1258398779495059462
1251279623008202752
1237187875701239809
1250885417781641216
1246465940931436545
1235740841844436993
1242604999143759872
1245676888443564032
1241906157150703623
1241181609262530560
1263837584905699329
1238099225931583488
1251286031804047361
1260993187864350720
1245157653376045056
1256697875402240001
1262992805149974529
1250754170635894784
1242122667752402945
1244401515571417089
1235568879251812352
1254721223155744768
1244457948966989825
1264342975406125064
1239185362641129472
1244395892125372416
1257431838345367554
1264297851460476930
1249353495964237825
1246048138521083906
1262915917589229571
1239310578507755529
1251325312220172290
1261621026552717312
1247208868503003142
1254682811275055105
1264348353636315136
1247892360974880769
1247745105433255938
1253132772128022528
1238991069699850242
1244345169316626432
1267872284288651267
1247362103876431872
1261618644586553344
1256049360414093314
1242995663975129089
1246565815836643334
1239991955154784258
1245914129526751238
1255177703982075906
1239354380744306688
1241669040818589696
1242173332847558659
1249709434395336706
1243538941858525186
1250152123175784455
1246636913097953280
1248558810005995520
1240234957949239297
1252682695114661890
1249707130287992839
1238194080661848073
1245337347908087808
1237907427997233152
1240851895423557633
1252360734094180355
1247694586711101441
1252358122624016389
1239956048695492608
1261126526017380353
1257166682801557504
1239994232619831296
1257442104772526081
1239709267399184384
1240861294485479424
1252073883261427712
1263072780129624064
1239355714482683906
1244388278977146881
1252529876885798912
1254418582307471362
1238976738534842368
1246598470611415046
1239799453374177280
1240861614468993024
1245680660280422400
1261108900096548865
1241608996257234944
1253628177441861632
1238148585256095744
1234939192892850176
1245411753112014850
1253304379966402561
1238248627774074880
1249389263193550858
1262325836943970304
1250219439427117060
1239357835902935040
1240780630981586947
1270046557463863303
1265300438594838531
1248392094554578946
1239310294888984579
1255591371404128258
1238161209230319617
1238581919610220544
1255573762419970048
1240235654849667077
1265369441694437376
1245300658917576704
1243750743296876545
1244457258412584960
1246818361314549762
1252444385263988736
1262358076289691649
1239994245295091712
1239938420010516481
1239983910408400897
1238977726054305792
1237940535450652672
1251274492535607296
1238856072603074567
1250548847325122560
1238540023466725376
1255141071249477634
1246632795532939266
1240651161465749504
1240690860343226369
1262149456960598022
1250218220738445313
1261241558407528450
1242915987038580743
1249393451671658496
1264656262337376257
1241148305108803595
1250757930481324032
1237937490218094598
1238980886030417921
1245359310676393984
1250546828002631685
1240229958942892032
1234922519846625281
1236847898190581760
1237975090547101697
1249393181248143360
1256017377319419906
1247304721171451904
1238977904186449923
1261118510341726210
1263134125210378240
1252779668945633280
1251638203376971776
1249781673547509761
1247302667610869760
1254887750567944192
1242913275542732803
1236302839774928897
1256575596966162434
1242512749378383872
1238582192378445827
1238628346629697536
1236851373838340097
1249393568915107841
1237491677755031552
1242458809693540353
1241095787746074624
1264951053205868546
1251216626269204484
1237731453510828032
1252585587229556736
1249388718357655553
1258365478277447682
1237936946841780225
1244458527302746114
1244752612081180672
1241053093464334336
1239281466523123712
1259705635471527936
1238975751199866882
1267690758758334464
1262358314597433344
1243644133383823360
1258035473236271105
1241095740606287874
1240785250025975815
1244754332907700226
1245357315580198913
1264731555647369216
1243537559822700545
1246978250863251456
1246080732377886720
1237033121230569472
1252583311794462722
1254209524053037059
1244734564544778246
1255571904850792455
1250506787339546624
1256575204375105538
1253733694688428033
1241751294471266304
1240786810630012931
1242143017781407752
1247101958990766082
1254420616117190656
1245760349879533568
1241078331291860992
1245475236990070784
1245355979782402048
1243645235814637570
1248329724935503874
1249638650100568066
1256260630614618116
1244752454425686016
1237943416153149440
1236066989044531209
1257337879770128384
1260449258014158848
1245362025036996608
1251642719384096770
1245620527273664516
1237945097410486272
1243647828179574786
1236068298250498048
1238400150638399488
1244753216388173831
1238544853211975681
1236061309327872002
1249190190331170817
1237546104570298369
1237546641428598789
1237547192056836101
1237546421110190080
1237547416687009795
1248238538782642176
1237540984973488128
1245754899335430145
1249195449858379776
1238128620499075072
1244758154677796867
1245760322486616064
1237546214494617607
1242144019691470848
1269128924405075970
1237032015683256322
1256749927063060480
1237546736601579522
1245759370731847680
1236855662925230080
1261698459079507969
1261073689350672384
1264555226503286785
1243596603677650954
1250747127728406529
1247623439378194433
1240054031134982152
1247624416739168261
1238949168267382790
1240752668668280840
1242494566831439873
1263216838487486470
1264163894924382209
1244434254064304128
1240942821051379712
1270526173093781504
1239267758283636743
1255542633520340993
1243332985794985984
1251167043333881858
1252929780925816832
1250936350586605568
1246997283893362689
1235711752639320069
1239259324817584134
1243696766316404737
1251595608542138370
1253364653201203201
1262354366461288461
1249749365838819329
1242554265043963908
1247333306351435777
1248946329033867270
1244794739595100160
1238637018609049605
1238867261810708481
1264549230493958147
1242941105827651584
1253077577264238594
1254130022337650692
1239812707571859456
1245064511050129408
1240296654286270465
1247260810709274628
1239367951641436161
1248388329306853378
1267652096549101569
1243048298262532096
1247595159635853315
1244452110239924226
1244084494497271808
1253006921742909445
1241876035106463745
1237510622624878592
1248250261249740800
1265634624459476992
1236267927101476869
1243274973285879809
1241757053099655170
1252647228780490760
1256980347092377604
1251934653537292300
1242547129425543168
1254952837349609472
1240931496694775810
1239371613910511617
1260206869118955523
1256414333271257094
1243328681067642886
1251327080060592129
1269674407032754177
1254553323870605313
1250134291062886400
1250134469127872512
1257711176156413952
1254446256702795777
1241827672172396549
1238647460182085637
1238197654779281409
1235177089831260160
1239191972285464578
1265006420782710784
1257769595399581696
1238532779002007552
1238656405856497664
1246912589080248320
1243649300934131714
1258517612213854208
1247625502308827137
1246102755808284673
1265058430471020544
1248976371172495367
1239556792583172096
1256485212550242304
1244431505717211136
1245538738618449928
1240944310134112257
1249654194115665922
1248972564640215040
1237719266176241670
1268334291999764481
1242590186669846531
1239193091271204864
1243654200954966016
1240745907064320001
1248462622631972864
1253160952033243136
1263218988064145409
1264246771724804097
1245071233928114176
1260212739198377985
1255694246717411328
1248970686984531968
1252606031206780928
1243881201808617474
1241403695306285057
1253887057556049920
1253416856511111168
1256001089024995330
1239489562809942016
1243705785005244418
1238450293160980480
1247282824568360969
1235949394488410113
1236505414671437824
1237286516122177537
1256407008665886723
1252565667246747649
1240754940865372161
1238914364385697793
1248972059717312512
1245051604606345217
1238797517900439552
1241881637543174146
1238450141318823937
1247950497606238214
1255390370999021570
1235945358167019525
1262354126047936514
1262354181559668736
1238863243856281600
1241088447768559616
1240306255522140164
1249801221990473734
1240981726672965633
1262454880045871104
1250904167448809475
1238658616682524672
1238297713336299520
1238910547229360128
1240163995300044802
1269596845401165825
1262454534657499137
1256300606484086784
1257302231398875136
1240754148779479041
1243202913582886913
1252040540935327744
1246578913561776131
1257488378238578689
1246915727174623235
1249740058602745859
1248971606300545027
1262454017755615234
1262354315097882624
1256405193924755459
1248439456035733505
1270592267682828288
1246910356397723650
1242712410986856448
1237065592290586624
1251348157482569730
1259638636338872322
1238655991132102656
1254872568122744833
1246426705310474253
1238862957909549061
1262454161557372929
1252677481108246531
1242452564970479617
1248436636930772992
1264635304092278788
1246180502907863041
1243199450828484609
1248040291757690880
1262455275426111488
1251664211362615296
1247167213737406470
1247625111529754624
1244427292908179461
1262454697270673408
1237813245039112192
1243910850240483329
1263440575526850560
1245128695569932288
1238039734892613633
1243694624113397762
1242527265172459522
1244629685327314945
1236838508569989120
1250830871680159745
1254748229696204801
1240886581856215040
1239259966437015552
1246071870040006656
1262735982216073216
1248398878728015872
1246960680227479555
1262510053967486976
1263208246971678720
1239897165683732480
1260182531833581568
1251851455201447938
1247281764848074758
1241704612308140033
1263651403546968064
1256349875941380097
1238302829917470721
1240776428909727748
1237835237247377412
1240308743088164867
1260555533637091329
1262421372694921220
1241049968149966849
1238913114843811841
1241110510654947335
1254446424370094082
1258632590724141056
1244388753994649600
1247281357354606595
1262454245384761345
1250107588802469889
1240290137285763075
1268972849794093056
1252400878977335297
1262352787054235650
1266781266814423040
1256279926673727489
1248317116417269761
1248221810988142593
1238298749149106176
1246058747723735042
1244698209437581313
1262454633693396992
1245894497671827456
1237150698858561541
1241709296179650560
1242541921005965316
1258218222266048514
1239908288109690880
1241462375565471751
1254573026445844481
1240752873128034304
1245550745287561219
1257621602210111488
1247243237615640576
1247863503353937922
1270348697361154048
1247226705074442242
1234933313812516866
1242191925928693760
1238204449518206983
1247631316394409984
1262101909730705408
1263200908848095233
1247583386807537665
1246265224732303366
1259891845376720902
1240310144229048321
1267725236851613697
1269926343950598146
1241477326254333956
1251347522410483714
1265007322000175104
1269798462821937153
1246419807630655488
1242585106088329218
1246807607433744388
1240337053541335043
1263490750689480705
1258448642085658625
1245534252436992000
1260932006164066306
1240097230138363904
1243269410753839104
1238940507239337991
1242162062631079937
1259912977131679745
1262353397497413632
1247643323675947009
1242950326782767111
1252607532725608451
1245427972045180934
1246168409945059329
1243239865606684677
1239649923072774151
1247669749959589892
1255714391284203521
1264970299235336195
1253810842921054209
1242543862494756866
1252603489471148032
1247645195367309315
1237166326449344513
1255543121502502912
1243362751872774146
1250802311196225542
1244358217141903360
1236699516872667137
1252322322306007041
1252605742722547712
1252195261356572675
1246158469444636673
1266890348070043648
1250454398381195266
1237134357611130880
1244253026677936130
1236025001314304001
1245821551972237313
1243055736868999170
1264674144815284233
1254466309867405312
1249378688438845442
1245886977335087104
1244219892250877953
1243732385725808640
1262353025278062592
1239323697267310598
1239527768423104512
1253887288590860289
1242544366654230528
1236130063831228416
1246608914935881729
1269023165562454018
1242274414873513984
1247663501352583170
1262814940945137664
1244581029207212038
1239198984348073986
1246856224479547392
1247263828204752896
1251562988240281606
1243264490457751554
1238660228469657604
1265995342660673536
1248036636505636864
1247628164899246087
1247665252763938816
1245862360444633089
1247631620552691714
1256634489591250949
1238649670051790848
1245324741780606977
1245897269745979393
1244803271484735496
1238507751430594562
1253654676731359233
1240163167528988672
1238968881160609792
1246191803914768385
1239262276865200130
1248993031069618178
1247936945268953088
1239259572658937858
1260680991284310019
1254436532989149186
1248318813587808256
1238711880513880064
1235190798918062081
1242253065815830534
1253054193507713024
1263821886187847682
1266767365053788171
1243264850169606148
1243264948324765697
1265065269300428801
1240750323498713088
1262563483306123267
1244760193331875841
1249336301637087234
1239754424735629316
1261339891587092480
1260719997715992576
1240304188439044097
1238278507668660226
1241553971371638784
1242554168461742082
1236658212478337026
1247670019602997255
1246092901945241607
1239559804328312832
1248298721537859599
1245463141821173760
1261824398883008512
1247283008270368781
1247617146697535488
1238816640298598400
1242193046286086144
1238267598518788096
1242945337548996608
1237210446983299077
1239579216150237185
1243703531128918016
1265026739639668739
1237137314901561351
1253023078399053827
1240981932734849024
1246850688229036033
1252601342658580483
1247261865140518917
1238652051426627593
1238913641832906754
1261380127319117824
1248253754132086784
1269398135589273600
1242821731196289024
1237455690366476289
1245060282214428673
1240375272517533696
1247672738023686145
1237837781730091009
1252796274224529408
1267432725193121793
1241536530545618944
1249454761163796481
1248640385934647298
1240748499051909120
1241837314617335809
1237222014101983233
1255108565464825858
1252386731950661632
1267533332922982400
1240834276410765312
1240837361283596290
1267593010855936000
1258024969155547138
1244288848751988738
1240309909096484865
1245122433411137538
1246181310718267398
1262009329772888065
1247628182041354240
1238453631659069442
1237154099352780800
1244727530256556038
1243628660290183168
1252308119528579072
1241891330512621568
1242221928481423360
1242440535874437121
1247402458177028096
1243701681684176900
1240776759785725952
1238968315227312129
1244369120671543297
1234952857188782082
1242259255425740800
1246497617036574722
1238932656416587778
1270091667945787392
1243621497740169219
1242820914850512896
1258553098555006983
1238557974433587201
1246071490967146497
1263260041299275785
1243264783631220738
1241206909186826240
1249394040736559105
1246605860534726657
1263094325581316096
1245804221196361729
1248399066775486465
1237850718930735106
1239974495709872128
1258142858336501773
1235696947509555201
1248294408069484545
1242527806279557124
1239411134358224897
1255960354477268993
1239375263571554304
1240881984060170241
1249914875679256582
1238647622845575168
1251707088033767424
1241903297402994696
1241903767068512258
1243306241088258050
1243283375999397888
1244266362886897665
1253030017103061005
1265134929580625920
1260197251537928192
1248683277654900739
1247668438723674112
1254780092565217282
1240836749112246274
1260550178202882048
1247504588485394434
1242557398679728134
1257301210702458880
1239336935975518209
1242617409900556288
1256898526665113600
1243519818529202176
1244911968751882240
1248351528961937409
1262454468618211333
1245161948746002433
1237140127618666502
1240981530920583170
1240266595357863936
1239368766821105664
1246608488371048450
1245865174570946565
1252689588675624961
1252328532371521542
1242977373521424389
1237051218339532801
1255482838549516293
1245436520351268864
1246387414945484800
1240610959569424384
1246311177728200704
1242138377186611200
1266200759579955201
1240264186682396673
1241651545063776257
1261045268402900993
1250725460838879234
1250095134299033600
1238664247292440576
1258071763461832707
1241555705364168704
1237898238390394880
1250842051228381184
1251153234757992448
1244086660612214784
1245273412127391744
1243269357842694146
1257779093900165121
1257028339467980807
1268354501599285249
1242865090052984833
1251161904308817927
1262532797232807937
1240821433070243849
1264327127090028552
1240760709572636673
1258553143597637633
1250033288158285824
1240747094807363585
1257288735483363329
1238219238009114624
1244958807995887616
1250554271629815810
1241050350976741380
1262352926594531328
1241464849072304129
1240738081864474624
1247632829137240066
1241841641109020677
1243269464017244169
1261049673831366662
1255270256269983745
1259089207189999616
1237841401120829441
1250026263999381505
1243234551020826627
1240399184366374912
1269011627157962754
1238142369112997888
1245327065638940672
1244030699620966401
1250427735580610563
1243264259108278272
1241872908152160257
1252239320855056385
1235058637384511491
1265134983024386049
1239535926361100295
1249814528856133632
1247259131150467073
1240771564481716228
1242970594783698949
1250524720644141058
1259531242174844928
1269632982479929345
1248976115613552640
1240757014344749061
1239086039962173440
1255892078988492800
1242488564836900864
1265131607134015489
1263093840346599424
1255665770366930944
1249790654680649734
1246581466055786497
1243622922809421824
1244673953358065671
1252272723109306370
1244795093200121856
1245122481188454400
1258482914532175879
1243379823289880580
1245328553467695105
1262550137064361984
1242659297882001408
1239650522593976327
1269756912540803077
1265088950294773762
1242648745554128900
1252320192618692608
1238988322627825665
1249799458373677056
1238967632805715969
1237915900428386305
1253741707247616000
1239324139225309184
1253438895154507776
1242671001630126080
1238060616511893505
1246207736255320064
1269008269370146816
1248653611124641792
1239758594914095104
1238132313814224896
1239215503056474118
1236839173228769281
1240638939385548800
1243269117009944577
1254199649197572101
1262712588204412933
1245202851187625985
1241127434109562883
1262455005208068104
1239543363453550595
1247667791391600640
1243264814488662020
1243264908982194179
1248218335453556738
1242657353973063683
1257783412326387723
1248778499650920448
1245720453055987712
1237931042939588609
1242710166178607104
1268718193125834753
1253922334395826178
1246222094284787713
1236036319635288064
1245779052427911171
1249898902599409671
1236282512831401984
1246122381623599106
1247664314498068480
1252690143183593478
1252948432995659776
1251894188641333249
1245116736522924033
1248297827664527362
1239262863346339841
1248612927550009345
1244425053506342912
1262454786852610048
1243501941633814528
1238454726594899968
1244970972798648321
1252187155461480448
1262807169507958788
1239542687289823240
1268785840588816384
1238495453420888067
1242708910018002944
1252748373603618817
1236424422883459072
1239362878119051264
1250454607786106883
1243877856272355328
1244694597848137730
1252948380285906945
1248745418655240195
1241007437743882242
1253424972480917519
1240970101391798273
1244370075647385606
1239263739632857093
1242160743346327555
1241561485794574336
1265382726368202754
1265484899886215168
1239388954161446913
1261948922538479616
1238685566289489922
1248246513152622592
1242222911341105152
1236339391150333952
1259432182751342592
1246910178404061192
1269070275200638978
1240823511066775552
1240823879167283204
1257032898189971456
1257681010822651908
1262354240334434304
1237915095759573004
1267887392805060609
1248605869631254529
1261401355832434689
1244603684929093632
1241869095752040448
1249685133919055878
1269599588811526147
1267223886569095168
1240767092212842502
1249812474607685634
1257470592527273985
1245040081817276416
1242488803345956865
1248718739161391105
1241481558034448387
1234993040147660801
1238605366654578689
1243869140311474177
1245117999742357504
1245428516184784896
1235617875177730048
1245116689840328704
1241420787392958464
1240636507133706241
1251127716306399233
1254253665768091648
1241514915086688256
1258152857687203847
1239779253836709889
1242625489078009856
1245071582281764867
1247254514585030664
1262171819567538176
1237470531940573184
1240741368458293248
1243710957714628611
1247301013666701312
1238134210910699520
1247627453704605697
1243264457796657157
1239616531354374147
1246245225493864448
1245330199341924352
1246520607740694536
1235286801717301248
1242303049202307072
1260732967644733448
1245193756648837120
1243264989026279425
1259946129455812610
1256060077573840896
1239537968630513664
1265028927266922496
1256591050346565633
1269637408418598913
1262014142095003648
1254919333257625602
1257522889856888834
1237371444809682946
1267004909125238786
1243985055795552257
1245424262653054982
1251124214293291009
1240724960382984193
1239732168898818048
1245043245677195266
1239042457108729857
1265643086392197127
1254873943565107201
1260234734132776960
1234920093592760328
1255537600389136386
1257848207494778884
1238612982256541697
1242466595319906308
1240411432031850498
1243624256921055232
1240741381875871764
1257859019311587329
1237128882198896641
1267129203121586178
1246057750142095360
1237810298314043392
1239759948353069062
1243164485789143041
1250825024975572993
1249002039293722624
1237826857044754432
1238871570002653184
1243876996364541952
1242884369573953536
1256188156979875842
1248321134946369538
1242946691709493253
1247974541067943936
1263961196056674305
1267541020880838657
1247668671574609920
1247588964543926272
1252195900602146818
1244959172782940160
1242631323900162048
1239668612434202624
1246133653681377281
1255564912446799872
1260232461151281155
1269222624388952066
1245462729378406400
1247614821345918976
1241613989257318400
1248695855437230080
1240730230085615617
1254835555495526400
1244027068200992768
1253707124926005248
1265317487056470018
1263439399649501185
1256005816617807872
1249026035045326850
1240801640686510080
1241385543969234944
1243197165868068866
1248996384726007814
1237578649798205440
1243306861014761477
1246175366051434496
1254814113307426816
1247627266886176769
1239642196556603392
1265376106145816577
1247523982821044225
1241515513404182531
1253267710076731392
1262469219016421378
1241900776525565952
1266719581969801218
1243291929984499715
1258130667378008066
1238651817640239109
1257327856486682627
1236267686474153984
1252428497869406209
1255199571887742977
1258380519722700800
1241872425341595648
1243547620783636480
1241854809386426373
1257656869054791680
1235584608068083712
1247293796041338881
1246509541723967488
1264110577686851586
1244698266912120832
1237915896754176001
1247124318154305537
1237113691889336321
1240417573063270408
1266149598323712001
1248594068948447233
1246409724859473922
1248057634118344705
1247280574340964352
1236449010292076545
1248972554720677889
1240025685680414722
1240608920013615105
1245709849125703680
1248617234529832960
1263132840927145984
1243390863947882497
1260233819455737859
1237349853723754496
1257416141032558592
1243271684553048066
1237112536383787009
1243714845956100096
1249681606924787714
1255508555786006528
1248660210685747206
1244062429769797639
1242977852917714944
1252324661804912642
1242545837370159106
1247330486869020672
1259899202622152712
1252613341744451587
1256199160170233859
1243274363912232965
1236279834155921408
1250841174677557249
1252031164740763648
1247415223079833601
1255556685269291008
1252125902026260480
1253190327592198144
1246137751604531200
1241508394646765574
1248596112690352131
1246454679338225669
1248353392742858753
1242223033391157248
1241843540004610048
1249469820052967424
1245125256987185153
1238512498309050373
1261051137068802050
1255344680386117635
1242012579259654145
1247840443490078721
1240824474607460353
1249038671157886978
1247508280538206208
1239371063919808514
1241868571275407360
1246431426209292288
1255199107192442881
1242620546745057282
1250459702867251200
1238928121430183942
1246875775527198720
1248997979253506048
1250093748601655296
1241520252137209859
1237917846707089408
1252981102349877253
1265788622550241281
1241450660131995660
1242348455487471616
1245442702239576064
1245342345236811776
1243289650221010944
1244939683286712320
1238880795768619008
1260929636432842752
1241863984007045121
1248746602753396737
1257853012208431106
1258836033740976134
1255839853146669056
1269695835119419393
1238925993819209735
1257326228601802754
1237877844954329088
1245138556550549505
1252396668860784641
1252951452445802496
1253160701578874881
1236015210181296128
1258156223049785346
1245549665241772032
1260411029105803269
1240696619466518529
1247704643804807170
1246462576348803073
1235940167648710657
1241342554525876227
1238924236674289665
1246052157616459777
1248700563166035970
1242890564338663433
1251296196401999874
1240254443356110856
1242409347537387520
1249134544902672384
1237873637220220929
1238533593493917696
1252191929300848641
1248032662033518593
1247784977590149122
1246181843440984064
1239769929018216448
1261471880365707264
1249871148449501185
1255888891871191040
1245492445938409473
1240333396955586560
1241449338427060227
1253846023702745088
1243911361966551040
1260910220345315330
1247729696416174082
1236614639984750597
1237535120447270912
1255630374245367809
1245879424240795654
1245828696532975618
1236021722727559170
1246061050253979648
1237409657767038976
1239545069801267200
1242258465537568768
1238112065006579713
1247709261976817665
1267540569066217473
1236016801810612229
1248645861770432518
1235390088386879488
1261476838335021056
1241769421384941568
1240471238901927937
1246258013763252225
1243901994223493120
1246259304015040517
1247475732370128896
1235703445690122244
1264411955663646725
1247473490581688321
1242622849837412352
1256656112021131264
1239920892299415555
1246740413718945795
1269343195047038976
1247192085830213633
1252573081761185793
1237505220697096194
1245342160880369666
1240084871760023552
1237863933559504896
1261106728927735808
1239767336376303616
1254849323138981894
1260565143219568642
1261734760759595010
1248600780728401920
1240613756725538817
1237354272465002496
1252985087077089280
1242077461690679297
1253777229567451138
1238479344235937793
1241800321745158144
1266815848133640193
1257369952937562112
1248705313735348226
1255132750757101568
1245917122192015360
1251355163228504064
1249508888912723969
1240019436956012549
1242068684866301952
1251881238987759617
1248406568183320588
1243661049116622848
1242221980201476096
1238804530776719361
1259984852977360896
1245383351395135494
1244759989648056324
1239943754011815936
1265325622974386176
1260186749915070470
1236687615656701954
1247512551535128576
1238622436117155840
1257451001306644482
1242888314576912385
1242071315701542916
1243277735889375237
1246454191163428864
1253478903475290112
1242232851938099202
1270048167996899328
1268472903928029184
1242626579995426816
1238624776266092544
1246533959556771841
1245385340191420420
1248968602893594626
1251958381243445248
1238007892307054593
1238916616416616448
1247336367903977473
1246439848011010050
1240965374205722624
1239944244334395393
1244410941925724165
1248324246176182273
1252922944847839232
1248612971896430592
1255260398707789831
1248939274076073985
1236021766897745926
1250442777155923974
1258552381597380609
1242234736506011649
1239721082711691274
1260545381991145474
1243684358571143175
1240146220582088709
1258134467790737410
1242882153777696769
1252743639706591234
1237655935398694912
1258584556741017601
1250054664307048452
1249444218554273792
1244834222877151232
1248703323726905347
1257116451212836864
1245581953186689039
1242933207114358790
1243676599695876097
1266168918500147202
1238521348865101829
1242847723444985857
1243930982979383297
1239389783505408000
1235240286814711810
1240081876691439617
1241506130364379138
1239638631654084610
1235662044365385728
1258432740308987906
1238130792091373570
1255631378659540992
1247687980745142275
1235611820506771456
1243264143442038791
1251620966217777154
1265426152702820353
1240085263109574660
1265463764674961408
1251866391898185730
1239954752546324486
1243907141733429248
1250553964321480711
1236647490323177472
1248612564990169088
1260034687113654273
1240791758667202565
1238157514278965248
1235035877409280000
1239712372983574529
1249491293903949826
1251818917464604673
1246174870809063425
1251704177711108096
1265503899668172803
1245943876919140352
1240016858285314054
1261759735843430400
1247529249126273026
1258431069776470017
1244406629401079813
1248407680663707648
1247999566051282945
1243622922364821506
1265308402365992961
1249801692356448257
1260364744554405888
1256060973879869440
1242236556045438978
1243892188506992651
1241138623275302918
1263497233967853569
1245832090802892801
1251682154511323136
1243730181581426689
1244103330399469569
1243710188487462915
1240792543056584704
1235253397621739520
1253450501338824704
1259205287036309507
1239694260666073093
1241140718283952130
1245687204703281153
1239162486550642688
1270134871847993344
1256305478348337152
1263178206426861568
1238915563168116737
1255669744809791492
1252336366626713605
1242629021189496834
1240116022822211596
1266489298259509249
1260551181497241600
1250041681778540546
1253144675084623880
1258807754518659073
1249874542748729347
1248972544817930240
1258215983166169090
1253059094921064450
1238063435734306816
1245157862235688960
1241454135775498240
1243481791522123777
1246223331621244936
1251877857745346562
1240019927014297604
1249871924097880065
1246416451721977859
1244720866027593728
1257799055809425408
1237877794203242503
1252018526350716934
1244339494922473473
1236991381689769985
1237925222180728832
1237552853561925633
1248427880024920066
1238421408235085824
1234950196850806785
1269390019149561864
1237859678056415234
1247497352274948098
1249869933443457030
1242637368030572544
1249686483058950147
1238437489347567616
1244660011458068485
1247473877141327876
1251843675962970116
1250168665091293186
1243896378687983616
1254921113970323462
1240367013945638918
1245836167750311938
1240674960416411649
1247149829836472320
1267876639003811848
1267623525998825473
1259827865153081351
1246229410962907136
1253844764098781185
1237059605294985218
1256190404099219459
1246871917568626689
1250248451381694465
1245509591523352577
1235948912961257472
1246227880645996545
1235072378624868352
1249512807021895681
1241834057035583488
1246931281142824960
1246461064092561412
1257055148603473920
1255188589387960328
1260991566665191424
1260005090552942594
1244591343525072896
1235543526747901952
1258046348076765184
1257851118094336001
1248949631163211776
1256273262381862912
1255249228286353408
1253372523393298437
1270432996470992898
1240014353937707013
1244000716471128064
1262099318225469440
1256473744777895938
1243174673606742021
1240045889693024261
1236111883280805888
1245854579868061696
1261050966226415616
1260753205773905920
1246035451896639488
1238231630499794951
1245221885954215937
1256013846407335936
1237961552357195776
1259989507601989638
1248601180583931905
1247732185458761728
1255897774241058816
1245003632631783425
1238924530430640129
1261629274836160512
1237859146281574408
1243141530686193664
1250644108265299973
1254991193240489985
1247693568225001472
1240413768913428480
1247683430353178627
1245712672479481864
1246733495554146305
1241943104527220742
1237864980017336320
1263624347887034368
1248377180700065794
1249847995023142912
1238157840793112577
1253131553699495938
1234948580810665995
1237712967711555585
1247616018538729475
1246405440197427200
1240904776235302913
1237999286572453888
1239589386641199122
1235101905111511041
1253138401903206400
1250207942776950789
1242256451420241922
1241115090285363202
1258149601414012928
1245511522207621125
1253341185315405825
1269654395463110656
1237859008775512064
1258908917993746433
1248044438884057093
1239750171963133952
1246459723915956225
1239852898265243648
1252434298583449602
1240761254366646273
1254498397119283201
1248644730587697157
1244353479038119939
1262770941760856073
1246461225363484673
1255133912914780160
1243674496462094339
1262488653781176323
1255634021570220034
1243677605439713286
1255247420524503047
1239482552643203072
1267842545255698432
1243349988421316610
1238832729845837824
1243966130366144512
1259321504174673920
1245520504057970688
1240714232078848000
1235389820748300289
1253067532451414016
1262445886283669504
1269250306321367041
1246281358399414274
1237378542037618695
1245016840352522242
1243988552062586882
1241453405266227208
1237098437805563904
1253333853915148288
1238480131494207488
1257386851482177539
1260007242838892544
1262068357710348289
1247693840481488900
1248592139300323328
1246460525954957312
1239342848706830337
1268704665975341056
1247155694077382656
1241862128417603584
1247266798464118784
1235971023654264832
1247214078747127808
1242966755707883526
1241028439072743427
1240685550899589120
1254034601409945601
1245811980658708481
1243155334946066433
1248779258199228417
1266453274540081152
1269381249245892608
1256703519622606850
1239505453735960576
1242482176282763265
1255153762362146816
1264309336421085186
1235665835374637057
1262445712945696775
1245081040584089601
1245559499072712705
1249821386295709698
1251817820981211137
1240150397555179521
1240443745608314881
1239945470421729294
1245502424661581826
1240119031627202563
1254057818807730177
1238247807141756928
1241157308945661953
1246907011972976641
1235737753008013312
1242695332246573056
1240367383715299328
1265747813801103366
1240024248053358595
1255520639345180680
1235971328001413120
1263893294284767238
1265470352127336450
1253747544452222976
1263101264667250688
1246405906247671814
1251119280046948353
1251859828177358848
1246237972372037632
1238286572929376257
1250594317724516353
1253134023624359936
1257497166504960000
1241858256609390605
1255187841891606529
1244825993849778176
1246440984034054146
1262445982744227840
1262445776006975491
1236582000162754560
1247529418257395716
1236081494675898369
1263497947557347330
1237868423889084422
1242835363128893446
1244687967144247301
1243685962921717760
1251291011801907201
1249353376057503744
1241865789361266688
1251693175321825281
1247360873259241472
1253288953106452480
1245645803508523009
1239315627925479424
1243372107096035331
1255444354937884672
1239162385027432448
1250849854181572610
1252225521565327366
1241168328397373440
1250174028125548544
1239546190120747008
1262741227033722882
1239048967758983169
1242608276480700417
1246136992301289472
1239955288846811138
1242640933570502656
1267240404363214852
1262770281434746880
1242566894776979462
1243560812662476800
1237884571938512897
1254786557476667399
1261434004785504257
1250894734220034050
1253826400479580161
1253472668835348483
1248377410107539464
1247159288658890752
1265436418450567170
1266402741745745928
1260561012698333191
1246843641815085057
1238921169950199815
1243720732183576577
1238212494734372869
1251244379903311878
1244962303059144705
1247992322891173890
1248163942972735488
1241485971029397506
1242893609264975874
1237198476880076801
1240145830331535361
1243566531260416000
1260972592921485313
1248002849637834752
1240004579741306883
1239290061209907201
1244863232906539014
1242922314284634112
1238257779279831040
1235652021727956992
1248052009258942468
1239988185377243137
1238193375674761216
1262446060884107264
1240279017489666050
1250048714783232003
1239634919783043073
1257694840067952640
1246442371816054785
1262215844001652739
1247293763384414208
1254791561893695490
1252361806946787331
1246175761326919682
1263802783460929536
1254744142388789249
1251213646975336448
1237690458874081280
1262386002469027843
1260308975498731521
1264373659700953091
1240446947598766081
1241149105298190342
1253299648707649537
1249491632627556352
1249390382980489216
1268295642599784450
1250736134323425280
1240311597907742728
1247265942867980288
1244386907188072449
1239338715450871808
1239021673803911169
1243576991330316289
1240459554070069249
1241492431381696516
1269084188747186178
1239155716243574784
1241071414905573378
1237846172338798593
1250875355428249601
1239314308615602179
1239637235424731136
1246191025821044746
1240237071396208640
1237846371001987075
1237482710978842624
1254816272770109441
1249671424517844994
1248586628702048256
1262445654925770753
1249869499177861125
1242641139615830017
1258143717761966080
1245518152928198656
1245380558437433344
1239670827559399424
1237689438832123904
1240810801608503296
1256318452467470342
1243194201929637889
1246250160713326593
1240451949197131776
1236326069919256576
1246285274834964481
1256563313338732544
1260878507418083329
1236352150890074118
1244381445369606144
1235729999551959040
1245490674243457026
1250060230735663107
1263591409023504391
1238543862404177920
1236995321424683009
1263501016152113152
1242615532995710979
1241162147763294208
1237875423133884421
1236711957467729921
1263841719528894464
1243579025802625024
1254035810615283712
1254790467276832770
1253797183222145025
1253701930649628673
1235765975565377539
1242905471654248454
1253288522641018880
1240321355310129158
1237847619700838404
1245494582126747648
1244352870474027011
1264913070238900229
1262445833347387393
1243714923680628737
1249510064467083267
1247541213474914314
1239034006945107969
1241833246608023553
1240081995016830976
1255911082998280192
1236020929521684482
1250622444240592897
1239983525383868419
1251118773467217920
1252621641831591937
1241039890202136577
1254792717118459905
1250526586085965825
1248049745983135745
1238633142992474113
1246569778849906690
1253321155756396544
1245479548701020160
1258924774690107393
1240458068745424897
1249314940625866753
1242479870267011072
1246055440607215618
1241762359334535173
1266392141351313410
1242616602383855617
1247899084116987911
1238787348927823872
1242069213734469632
1261321816485908481
1245708976874012673
1238540780144394244
1243341674601947138
1258214564287721472
1253473247024287744
1250731466604101633
1270399285327167488
1256789007725481984
1242562901405249536
1268521490326212610
1249806002800791552
1266357179130482688
1251865384883544065
1238977165380784128
1237935659911962625
1242642476474806272
1252299882611818500
1262743846263287808
1247903816986423298
1239529375860756481
1241236801131601920
1255208908047749120
1248768707242921984
1265762136162291712
1250169657950113792
1270313748234985473
1251949074946932737
1239032384613482496
1246615801127473153
1263987438839566337
1252328940171079690
1269442303720067077
1238069415809290241
1251341400832126976
1241907453069049861
1254262816099446788
1240487204448874502
1244243297322831874
1257018799737495552
1240462221651689474
1240105064418639873
1245840451724292105
1257725885161132034
1238889957437190151
1238604173710626819
1259649807842529280
1249009795274858497
1243658475114242048
1260248475549208579
1252977624755904512
1258021007702593538
1257013677930225666
1258855415414226945
1243225965079203842
1243180670165409794
1249164475246284800
1239636203089072129
1254821145427292161
1238166080138272768
1252004333778087938
1236347401314721799
1261035757051011079
1250892114021449733
1237194791693271040
1237007186762567681
1243607031115911171
1246973562281435136
1250404764506099712
1244242337313808384
1238630758719291392
1250413725548494849
1265459193278070784
1266130230114234370
1263946107790307329
1244743403436494858
1239244799875723265
1258391717042143232
1257454261702721542
1242461323977535490
1239722137012908038
1263311045344575489
1244189901945479168
1250933294625099776
1236077044695474178
1255287249131966466
1241072072455008259
1240650474736549888
1238255423121219585
1246989103201161219
1261621782773141505
1241911055770619907
1239289783064690689
1258388534802726912
1245705264722034690
1243947747960598528
1243605857063010305
1266448320790171650
1259851276671729664
1250165575256596485
1256566559775965185
1267865345873903618
1246980253676974080
1245786529391357952
1241374192173490177
1263284873327935490
1252429672249323521
1242567860196651008
1248637917989343232
1242361792715722752
1239795547411812352
1250005670855938049
1243954046760890371
1257276874302132225
1245335527252987905
1240351462053556224
1237494333672169473
1244352910923911168
1255308251111047168
1252938796045340673
1238224749211332610
1265462750781648899
1256466979424067584
1238098525302345728
1262830593777295360
1240842300177158148
1262446266203734016
1239013829192843265
1252783464795045888
1254246058592538625
1239018216019693568
1238195845771780097
1240650061790527490
1261318967374815234
1266580483388977157
1251213438145134592
1244398185772208129
1242458372819103747
1245503956140392450
1255489661016965124
1255489904353697799
1237843692464902144
1246415325073203200
1237913582085562373
1253686064008630272
1251218390368346114
1244401943826632704
1241375397335502848
1263671552526123008
1239018273519304704
1247149909075202049
1238855588521693184
1239937052411662336
1240151026583449601
1261623210174492672
1265624679269535744
1243954030948298752
1238061829601013762
1250115651232022528
1238540781247500288
1238099313034592256
1250047113330937861
1262937404983463938
1250527539480735745
1248902722000166912
1262921265192620032
1243668706510753801
1262498958011760641
1266156378130915329
1246413483262042112
1242455920447311880
1246412449005395968
1241848936857509890
1250890778135625734
1240482311914782720
1256293327785398274
1240157762505621504
1243687754061529090
1255587390284091393
1251551010918674436
1247201980705095680
1262556550989787137
1251302319804874754
1245917894153621504
1244349583112708098
1262446156409450497
1250402540992200705
1254041519159377921
1244353407881797632
1265804393401769984
1239933995456094208
1251215478321790982
1240784688928763905
1238247577952440332
1250499805371158528
1246833914561417218
1237871762483728391
1241073326229016581
1241831337520181249
1255946865356476424
1243533068012527617
1250398805565956098
1245079780845903872
1263925743618318338
1247894865657999367
1247236221102940160
1265368347656572928
1261807700255674369
1253703538926071808
1240014978675019777
1254896846511759360
1243154478469087232
1244398257998094336
1261444491099156482
1254819675625701383
1264654248660402176
1249783985510678530
1252426647728349186
1240087648510894087
1243027992961482752
1255575895986843655
1262061370499117056
1261445630074863617
1237937551484346369
1250787061923266565
1242056341939785728
1246631936354848768
1261448210020659200
1239499025793126400
1252449690739789824
1246567552601460739
1264911723120787462
1239989958460481543
1259289377374646273
1263067645034799105
1245395805244207104
1266534773729755136
1269946566590246914
1241834525958852617
1263537031726202883
1239354681647923208
1240450474299490305
1249773251980558336
1254209453571833860
1256785253823381506
1250881896273391616
1245674383873642502
1244334914322956290
1252779810671255552
1245413206216056836
1240021316943699968
1250545870506020867
1252782228544897024
1241069355087036420
1238070177184591872
1259186673923100675
1247200944376492033
1245166320309723136
1242997096598237184
1243914707595124737
1239981943816667140
1242799059766738944
1243536062858891271
1262151083813752835
1254497670846087171
1245917243835158532
1268863386047205380
1257888652736303104
1260889652657078272
1238165424396587009
1241142726533492736
1252723530321604608
1238161565372866568
1240561516375609344
1249091495820513282
1240312056856940544
1242991923595481088
1239126336096161792
1242993188253716480
1239500130044260352
1237730934281195522
1242910298782269440
1241091425690890245
1259818788326785025
1253192036204843009
1255585976379944968
1262120332770541571
1245913550368972801
1238980590751408128
1243589010724978690
1243021232783732741
1244864238558089216
1241608390645813253
1246466172247302144
1260998875432787969
1247868820196413443
1243206068278304769
1238966993228828672
1259285519210594304
1243539493535260677
1246083586685423616
1245673552646471682
1244728293649272832
1243647065198071808
1241469178130948096
1267191385024876550
1242178784977203202
1255142048803381248
1265373676129660932
1245185295366197248
1254513612309303296
1246082715281211394
1249825395559534593
1239281469530521600
1241078053788430338
1244622116546392064
1248233500240687106
1269826930720813060
1243016726591176709
1268192921108561921
1245183948604485633
1244864663508189184
1244752838997217281
1237030540609454080
1239964520354680832
1246086230544089090
1253807438496759810
1246084157614313474
1252777677221703680
1239312308263927808
1242262807401443329
1245474685736927232
1241752762930561031
1249826987813801986
1237941654956453888
1242141079715094529
1259474484001673216
1262540513535762437
1237030546989092864
1256262108314062850
1253803397884641283
1261085839355936768
1237030533298884608
1249824882751406084
1245472137189773312
1256729708965834754
1243588417079951362
1238127492097093633
1238125076886827009
1237546582616059904
1260730726154190848
1261697706633854977
1238129474429829121
1243245880540639234
