1237180223134806020
1259275202556571651
1250479796036886529
1243740251031506944
1238202472574922754
1236144993359630336
1247660800057245696
1245108039990095877
1245417765520969729
1242163884149985280
1238877624992174081
1237588037762043905
1250483971034689538
1238655132327391232
1268160359061430272
1247624314926628865
1238006951809880064
1242858901198057472
1254122146089009160
1237176220871208961
1260610374577131520
1250485736723427330
1245103486410334209
1238703089756102656
1244439048606924801
1245429465137717248
1262457634348810240
1245052128357486593
1254868947377127424
1245126451717758976
1242038048017301504
1247295714809581569
1250917239315890183
1237018564818853888
1249074678867599360
1256077606597746689
1264886704600567810
1235747069715001344
1237444146362810368
1238867634755682304
1235697500318650370
1253810932255506433
1250810369637076993
1241417742210740225
1238641888313442304
1250739036794339329
1250393691858120711
1266775612540280834
1238214778960609281
1255821979732578305
1245099091706761220
1270483372222136320
1260586457447706626
1264611127268225024
1250796797515255808
1260583310239113221
1246613673164013572
1237970223996850176
1253520610845753347
1269006718840651776
1243363002037882880
1241856224850776064
1252386909633998848
1246242448520753152
1238649170795343874
1254197851384459264
1251567605552484357
1239604474248921094
1242863711980789761
1267181536253706240
1238339548301557760
1250950407326752769
1237534194898587650
1248671020518645765
1236722831511166976
1259643030480596996
1242148868143206411
1246059684135677952
1250551189894291456
1242580620800397314
1253077397840302080
1239688850307416064
1238939345899446272
1248680991993913344
1243516039863971842
1237179568412413954
1252643905960587264
1252464405461245952
1237429445537017856
1240591825070678016
1249447170517995520
1240040174589022212
1260586718920691712
1247621242074607616
1239973001392603136
1265615821101039617
1257293338958585862
1237409647327313922
1250795724880719877
1250793309334900746
1237855569739804675
1237817483156996101
1266340219940417538
1236911997620555776
1243291465733865474
1237229069680488448
1244285912466329601
1243619262725607426
1238297176234754049
1251794150216761345
1265630552079679488
1249842904497115136
1269266947331567616
1268002157971857414
1249736030736928772
1244018951266414595
1238534329904611332
1247255206489927680
1248258337290010626
1258556725399113729
1253015566899707904
1244765179839238146
1239410926215929856
1239675088498278403
1238656555706454017
1242300470942629888
1241774706128236545
1260585476693667840
1250656271130333184
1268164960498171904
1261746666618499072
1249810364587540480
1237922192869949440
1242616123599851523
1238273200796073984
1243898912697716737
1239206413811015683
1245429421747703810
1237394523400986631
1252805349960187906
1253635515838083072
1256078513586593792
1254754243702996993
1255653940173168641
1242858305736921089
1261384948792979456
1241128821065158658
1243512899345297417
1250201909119651842
1260763007539449856
1235754291631190016
1245462460754202624
1254864533438382080
1246053240275374080
1248986583828742147
1237484330714308614
1239711806685356032
1249444253593468929
1237138837949775872
1246895966395019270
1247687476149354502
1252615559553875968
1237506496054710277
1250709091565080576
1237404907218653184
1238627285994885120
1254832851918430209
1238268043245105153
1244820000671764480
1238231140093374465
1237395352736555013
1236751009084575750
1238341366402273280
1253174995372707842
1249848376121835526
1240003481093558273
1255632937632096261
1255656737526501377
1245881497057480711
1242158900666945542
1253037018386489345
1237527245507284992
1238621060104323073
1237479384510091264
1238901423913545729
1246132743748177921
1240607969869467649
1244341399526539266
1237186678286176257
1256819053273833472
1261067793018961921
1239233080642109445
1242918843263127559
1250612293597106177
1265112864546861058
1264412982605471744
1242920490202804229
1245837279320584192
1238925261443338241
1250428811155353600
1244994180079931392
1266785680392364034
1244278006568439808
1238428286516170752
1239793202808397825
1252269137969254403
1238312096749813760
1242625288028258306
1241491231215169543
1237962939627442176
1245386791894597632
1240700894020136962
1252329208128442368
1250052999499702273
1249369344754290688
1254701545360445440
1265647679910150146
1253512977879371776
1256255621474779136
1237402859009867777
1236730333086826497
1247312363189088257
1238293473213779974
1252618912832897027
1244917527144267777
1242268118606585857
1246970823791050756
1261325281777709064
1246872598241214467
1238620518749741056
1255560735511457798
1262116208738029569
1237507904418148353
1248433312038678534
1236433768577105921
1238426679908937728
1239319822317559808
1262090670434590720
1238229256762728448
1253469665659179012
1237859279509393408
1240370635391598598
1252367979116822535
1241919762550132737
1265887701355638787
1243760335196246017
1244140289654169607
1251168187279978501
1241036466383396864
1250895404549488648
1250605253956952072
1237395596413227010
1237202941255323649
1263937894214926338
1250787788447834112
1238804446987063298
1262057392939790336
1238474162915680256
1262368921480544256
1247307451617214465
1264063159800864768
1250214935512178689
1251831091159355392
1269286887178612736
1237003320327356417
1239028137763180544
1248045304240312324
1247898171042197505
1243318086717059080
1253482956582158337
1240323641658585091
1245859755509207041
1239925039048392704
1240103466166616064
1261061633008427011
1240682136811814919
1246442582634303488
1250892030676525066
1239721764709699587
1246405942817837056
1242610086025015299
1269071506807697408
1252862387817857025
1241382556337045506
1238629064459653121
1239355071793639424
1255489280706859009
1246043690302308353
1263073463528538114
1238345631531282432
1246472038056898561
1241041723930877953
1250042914832515072
1240478122014838785
1250044630554435585
1243321677519425541
1247312036436082689
1238852233007153152
1240104920059187200
1237844202823671808
1252068051736055808
1238850534423040000
1255872029401796608
1239013227750739968
1242813572369039361
1252290195497586690
1262920256902873089
1240250639222964227
1249782498621562880
1250383953703383045
1242625232122384384
1252972394937024513
1261121717004636160
1254519935973371904
1265404310956974080
1267428080005627907
1245398821028405250
1250784842859585538
1260595579169705986
1245408415901417473
1243753183081566211
1252971900671684612
1257977335074172929
1243588514069053447
1257415360405540869
1241197026987126784
1239595208599273476
1240677048311570432
1262125910037274625
1248459701311815681
1237577877475844096
1245134795899834372
1261706853790232577
1237927921777553408
1235575257177583618
1260894890034106368
1242805372479553538
1267441847418290177
1247253892691345408
1249515339785875456
1238661891234422790
1259142218381754370
1261724581435510784
1268577293615747074
1261725231317766145
1264683618355601408
1243715924638793730
1235331248945496064
1241707317839740932
1236388420672356353
1247697454100819968
1254114857399574536
1246453157703692292
1237960522856837120
1242843477790134273
1245798493295271936
1237496762035851269
1247216533648166912
1252034021783109633
1250597813190307841
1241917926883631105
1263851001406271489
1244136492827475968
1245795085717057537
1248104851969658880
1251233015818342400
1242650378451259392
1246436220953133056
1246813823580995584
1259206591464845319
1262958820789190657
1246444108874424320
1259579062001033233
1248418101835620358
1264599753217789952
1246045696098066433
1252000897988792321
1250065513012748288
1250151052051132421
1250471357059661824
1244332138121564162
1244333450389270529
1256575137417244672
1249828049413120000
