1242505346905706501
1241392496288153600
1258702219844767747
1240362249954512902
1237567364415115264
1251834197397905409
1240758187256500224
1256247108392431618
1245421622854590472
1253634408260698114
1239196283308511232
1246169988924350464
1255541955792195584
1241191614669864961
1246424922978738176
1255321975070830592
1255316645385588736
1255841503676686343
1244639223732482048
1238532618582396930
1268583772318023681
1240947652507951106
1243705009818210307
1247384671085907969
1254604823619678211
1249362660426121217
1252570493082914819
1259496821430378500
1240130179248291848
1240990884797300736
1245114934331088897
1248987294809325569
1249057678690828290
1248249696583180289
1258041503429152768
1237179644685815809
1261589892922048513
1237576112743411712
1250912689297281036
1258377793773150208
1248186858649116673
1246393891588358146
1252041655391313922
1242501844825518081
1236968402255839232
1243305205103460353
1241466299093524480
1268212206178652160
1257395180077973510
1244571149331238912
1251329594734542849
1238452079498330117
1238827318895837184
1246169485075234817
1259864445096005637
1248039256213331977
1255380524694155269
1244638969297584129
1251561687871893511
1255481125738332160
1243366987570360320
1250449517121593345
1242988602788806656
1262549910798372874
1251566831409733632
1247248647621918724
1243133481791733766
1255394335299862530
1256286023774060546
1240777361882259462
1253314349583794176
1261615232809684993
1237855910417981441
1253707875198869506
1244604319665618946
1242535872920260610
1238198048230125575
1238554827669377024
1248251223813296133
1250093173457764352
1246204955716997125
1236290881608695809
1243221969241280513
1268966025753776130
1235935483613544448
1241638253687685120
1244624353716830208
1244949504002084864
1241403880094793729
1258231178496262145
1247245454875770885
1262220506209583106
1247454715434106886
1250197011997110273
1253632338954772480
1250424947257688067
1252371831111081985
1238912391708098562
1242666118411620358
1240779415811956743
1239563298573516800
1265995227057324033
1257631917853286401
1251152769483853833
1268098741074092039
1238589744809984001
1250936992659111937
1242501021806592000
1242578172614492160
1237213066380673024
1269695272831123461
1244261570135363584
1270498946796969989
1241356875066740736
1237453737859350528
1249809411721265153
1240466605370417155
1259753686781345793
1249463612864778240
1252371326083325958
1240066324321140736
1246145650775003138
1247938069778649088
1252404793340858370
1239869905228480513
1240775611376979968
1257636771166392321
1241208741577601025
1243489864047353858
1240980648350953474
1242444339076304904
1237581496040296448
1259955357234978817
1257706747139166210
1253296614988546049
1249763983554482178
1241718255213056000
1245127769811492864
1238496754913378304
1247666480336035840
1268506194374725632
1269580893456384000
1244364035841294339
1242165436357267456
1255292863228907522
1244913738400043012
1256888231796322305
1235919667878912000
1249522594480439296
1262813320949706753
1247502670065262592
1252376534280626194
1249743712143519744
1252924945497305089
1239874613166911489
1243272024887373825
1247551513205125121
1237049858667753472
1259927775286374402
1264139826883973121
1242258013190316034
1263787269565091904
1252934090656972800
1264904643282436098
1240381741858279425
1258458659841093636
1245863616995180544
1259109346249760768
1247300396583976961
1235773870411575296
1237230867996606464
1258012509090598912
1258915571867017216
1237415027881185283
1241517507925757953
1259662720686796800
1239555806653267970
1247602624586608642
1250110689076748291
1243911082995060736
1242136583299571712
1265350775808700416
1255478860969377792
1251134283621765121
1255325654767280128
1245111559069843463
1239758701604548608
1247282413237088257
1240720346128490496
1250748784356843522
1236498673699360768
1242489215125991424
1269245769330102273
1239906756932894722
1243489066877927425
1260167184111808513
1238170891529277440
1258458144151224320
1246490984445366272
1263052322026016769
1250446469129293827
1242247508857929729
1239663441754947584
1267398863612194817
1268883688386965504
1250778044555542529
1240763220459216898
1239651766888796161
1259892204161695745
1239508558233972736
1237826761230110720
1240727573438529542
1251862156796137472
1259298415344857091
1235592586586251266
1241262766561820672
1238266487632285697
1241863770152075265
1241513673174237185
1251493907201953794
1241386334511493123
1249404786195259397
1242413909824462848
1248960447082123265
1252371154636992516
1258028317002915841
1244021708710989827
1246213080926879745
1255568078810886145
1241384680064192512
1237473860934684678
1249073776622436353
1242768172681441282
1236679218756542464
1265983507605663744
1249112664355135495
1254006546159276032
1243890740960399360
1268377998811697153
1239055424935976960
1239290923814658050
1237810876893278210
1259978953814618116
1260513748982341633
1266329855941054465
1240800592018255877
1238988235185020929
1250212052439834625
1249329688398499842
1242954211081543687
1246582857570672640
1250099258793082881
1244591301628133379
1238919929015021569
1244723912220573696
1246173699516006400
1237526189108908033
1266060826634522626
1249204583198531586
1259155858119954433
1242920015986335745
1240088399157039104
1242083525773398016
1244630457196691459
1243543067279405057
1247091292217245696
1237554747596406784
1240272714822279169
1248262663714504715
1246346696247959552
1260285343074566146
1243711383528669184
1258048334100561923
1249433699365593090
1236772308339118083
1238601159864188929
1258236601613893633
1261975143716401152
1238288275103797249
1250255266207215616
1243297875246841858
1237916229995769857
1246199747347611660
1236060004458942464
1243342886302777346
1241521521262198785
1239315147233144834
1253661897456594951
1255620743737610247
1239318240859500544
1243659649980776452
1238485543404687361
1237912737793138689
1268566341893619714
1237902467800670208
1256716761920974848
1267837566449078273
1250008859504148481
1245350115797274624
1254768486435307524
1240538205633622017
1237472301433655297
1245383758779420676
1242157332907294733
1239670765408174081
1241206300417155072
1239517695097344000
1236492389126111232
1250102029374103553
1243499477060780034
1244086891512770566
1260882356736593926
1251824635567575040
1247729888926277633
1246458444237938689
1241506938522828801
1239510908239589378
1241565818468564992
1240814427018014722
1242136738778230786
1238925256871628804
1253366057814933504
1249482424804945920
1238283416736608256
1252209533960835083
1243930235403407361
1240789438952808449
1256765496793464832
1245795416215560193
1246839929373626372
1242267859868409856
1243524038145777665
1239928059417055234
1238906771172974593
1258532574076350466
1239526076805795842
1262191099298418694
1248160852630355968
1262691561797816320
1262960514306584578
1245802661213020161
1239379129532928000
1249466214088355846
1252767581871779840
1250599754309959685
1240682124161794048
1242938345761787905
1260656057723977729
1238275640509509633
1252299721550561289
1249435114330886149
1241448569862848513
1247214221110190080
1258532714279432192
1243453227552702467
1253651625207611394
1270671717673861120
1263178275255398400
1237330954429124609
1245155805999108100
1241340689570562049
1260652827518484480
1243726132031229957
1238919884102393856
1249145638744449024
1240238090758893568
1237024006898954240
1258727962356178949
1236523633297809408
1239031012241412098
1248368546696101890
1240895144762552320
1242123472148533249
1247192493445255174
1262367175672844289
1247425237928550402
1236447920469262336
1253408815556354048
1237922662388846593
1250762313281548289
1245028477897760768
1269614240664637440
1250859540469301249
1256714701880385536
1250763450525065216
1258209440718823425
1236676297365041155
1241907897287741442
1238806778793660416
1255881748665249793
1242618765881344001
1236016691290791936
1248743728015171585
1241116514994073601
1249165735621988354
1260288336176058374
1249112432921833472
1253819533321818112
1259150857364439040
1236744438497644548
1237058844557262849
1243577260294225926
1240005888464883713
1253780615763243014
1250855825566044167
1242081636759543814
1267064774665306114
1238050040490442752
1243528979635732487
1240809213141581824
1248767256064077824
1240677144914771972
1237882128957935621
1250404477573660672
1266061545827598338
1261273651392983042
1247478185022849024
1267785319585329153
1261238192113680384
1260791392126844929
1248626870695759881
1253779769163952130
1261997207961636865
1239568318253731841
1241136918089420800
1250190239194394627
1242975154638073857
1241487179387453440
1248183397299732480
1244777387738435585
1243177673079369728
1260032141141766151
1240615543117352960
1244299131763466240
1269284929420099585
1248052598315327489
1239515584959741952
1239315802622496769
1247041824016998401
1251857334378381316
1250218928976080896
1243311362224394243
1240784549442998272
1250731948919730176
1247311395013693442
1256895119497867264
1266469745588613124
1247908368381067265
1256929125081714689
1245839683164213255
1252902533770731520
1254395811674361856
1240237746242936832
1262921337737285635
1239216894651125771
1256046914455379968
1259147439325487106
1256208359537115136
1252353792353296385
1251312871125983233
1261207643047309313
1242606428470292482
1250502279758860289
1238632340643098625
1247208629960355841
1238423994627502081
1242639940644671488
1259823795994611718
1242812433636511749
1242405227573239808
1255442678784942080
1242274281901494279
1238601368698486784
1247319059701653505
1247707914749521922
1241512855066873873
1255401592410562568
1247317386291818496
1267486024298573824
1241829729990213637
1238581050625974274
1244247590763364354
1267480984594853890
1239953900708470785
1248662093299159043
1263133654135554049
1262334056911568899
1267800161050296320
1243807406737338369
1246565925681270791
1266153907778195463
1240961142954037249
1239590707985342469
1239220001711820802
1250700412929413121
1251537196236095494
1245150885430407169
1243043894318772226
1237869735380844546
1253867770460110848
1248824777382473728
1251536149790801925
1240057618154078208
1241906127090089984
1257079676935245824
1240061518835781634
1242566747410087937
1255406541160755202
1248080907644395521
1250875723100893195
1249353142430564355
1268485978987036674
1239428538341527552
1266109102620463105
1250011503446634502
1241062519193640962
1262229756545810433
1239569225322291200
1240102862920790020
1252438139563642880
1245785407628984335
1236624757795233792
1258385940927700993
1268051198139158529
1243666709602611204
1253475560363364361
1241905137884463104
1268862282135724033
1239824036131209216
1246431983221313537
1246828558426804225
1248898060186456064
1251814619213152256
1252694305707302912
1254721912237850627
1260664137652240384
1239175241949216773
1252044146048733184
1264590850253824001
1250496362669641740
1239180860223610880
1242599986380054531
1237237499724005376
1241376515973095425
1245172615607545856
1243194045947473920
1243851185418907649
1241145394123419648
1250886899444695040
1251885604121518082
1249679541146181632
1245676367833948162
1245413999648354307
1238843135872163840
1260370864807215109
1242310481135783936
1262928186138152965
1267927351008133129
1256581874975154179
1241094628822089729
1250222961514217472
1240231929817030656
1259482159573762048
1243756173184114693
1252811971247800322
1262361886445785090
1258366238276886528
1252678406241648643
1246080959096774657
1254415390786150405
1238816585185460225
1239279608312352768
1248566352639594498
1258365258445586432
1243647670104752128
1269956317558513664
1257306920945283078
1248235899164545024
1236860566888763397
1243942183968931843
1244909409450496001
1256030921473634311
1253002962084999168
1246209187874516993
1254437018597277697
1235902561649123329
1259858646705623047
1254151855669731334
1260187883039789058
1251123650469781505
1248696073423552514
1255324299247960065
1248278657715535872
1245538835716603905
1248401795841286147
1238462917726605314
1238972194832764933
1239210809693220866
1250272569233555458
1240400409077964805
1246141141080330242
1245852368845094912
1250449435886342145
1236760910481575939
1269012988553498629
1261259063775694848
1269799037756112896
1243224511136378882
1236458285353631745
1246422081174200321
1253577509406478337
1256945032227061764
1257390493509521408
1250967810475507714
1236268734211383296
1243095009538314240
1257677781024022529
1255466601618472960
1253653194741354496
1247550377517551623
1260567205718130691
1239200427608092672
1243501309388558336
1243199333773774856
1257063024390791168
1239996472927682560
1246554660351115267
1239493585554284545
1247625388693610501
1244742605755252737
1236048046871531522
1249843462280749063
1238039482974244866
1238817089718308864
1260359526957625345
1270500732693884936
1241049478955765763
1255518184070881289
1246195316136783872
1259861770375749634
1240471468779192321
1250779726102265856
1245134687816818689
1236973778380472320
1239644834564055045
1243325794216226816
1254831649331830784
1241744764975738881
1256296611048808450
1267459861236928512
1239608110928539648
1255692946692849666
1244028303117344768
1265034535114326017
1266829352181927943
1258376186612375556
1237784871520669696
1246799851536494593
1240521159105527808
1258371711164207106
1236125963210993666
1239004335100420096
1253545710521405440
1261778591601373187
1243276221091393538
1242955503195611138
1251310929112940544
1270466572449198082
1248758928793616385
1248997598511464448
1240012739910696960
1244905820699136000
1264144082034704384
1250051512958619648
1240593364678049792
1240992852055818241
1235924097080668162
1257492809499791362
1248771235951017984
1258137993845657600
1253410162825744384
1256937100114628609
1244048918402514947
1237525817011212288
1247563086858539009
1264888184988676098
1252634167772434446
1257981209092726784
1261652947555016704
1239644818533318656
1246778864673619970
1245458674606174208
1242958055316299777
1259881818653941762
1240432016933470220
1254865287595167744
1239152349580537860
1257019102994092036
1249718633770758144
1243929886840012800
1242016858003341314
1255889693142548486
1251826703552446466
1239731326120603651
1243792722785427456
1242268050587516934
1254029763213242369
1251233423097761792
1242070053534814214
1239695530848124928
1267121197210374146
1236729100838076417
1236483488402022400
1237125829508894722
1236958117771919362
1249142276732977153
1255885464776687617
1258800210769252353
1253039070802042882
1261411672725417984
1251173922575470593
1239910284824805378
1243712943293788161
1239023554915688448
1252575122017394691
1239021025733591041
1250600463919185925
1250765440701403137
1242629879239237632
1250404518568828929
1245153617214046211
1250248592964685825
1239841032419913729
1245310030909509632
1241760425370365957
1261096368145301504
1248511203992879105
1257613733297299456
1259468204063305728
1244094002313510913
1245466052127010818
1254092379625226243
1255215858277892103
1238842594257403906
1236272724382810112
1238846899500863489
1251630684457906177
1269979178453159943
1259080141336121344
1250877012794802178
1236728007357632512
1247271283781500930
1254407261780353024
1238182230452776960
1240789263425380354
1263285919706218496
1238404440631259141
1243645026598518785
1239166412024766465
1254798038545174528
1237192350255976448
1242174238926176261
1237877674745290753
1236680861858385921
1257554908762591232
1239592353075204096
1253173434676322305
1243612488849149952
1256132482753351682
1253476427627933697
1253818257359896577
1250891455280877569
1245855924847181824
1254909017622708229
1250398012121198592
1236729614946492422
1251830184724045825
1245838297756094465
1238206587027836929
1240450179964243972
1246459826055581696
1240717256096710658
1249488254795165696
1246659287608418304
1237381831529508865
1238072219210842112
1252080376039776262
1250188670432395271
1235965147132420096
1236680204480888833
1250406457973055489
1258921148621914112
1248361069417988098
1253394195756331010
1247553408812355585
1245490443481161731
1239966395401515009
1243955997284151296
1241101177149931522
1255488437907525632
1259822541360766977
1253507947977560064
1236728661086216192
1241581287539949568
1254853341932183554
1238248563391574024
1239182672259354624
1240061496824082432
1262372237614743553
1258185290688200707
1257743592409497600
1236443405661671425
1237690442453524480
1243175134476804097
1254429003605258240
1249706476698034178
1245148919404924930
1247105822838136832
1248707120549281798
1251489112240070656
1250035786298396674
1253628486465486848
1246085733875699712
1251122391847223300
1239496881845219329
1257310336111112192
1243241060941381633
1240758187256500224
1256286023774060546
1258231178496262145
1241638253687685120
1242988602788806656
1258041503429152768
1238452079498330117
1268583772318023681
1243221969241280513
1250197011997110273
1238198048230125575
1252041655391313922
1248249696583180289
1250449517121593345
1250093173457764352
1248186858649116673
1242505346905706501
1237855910417981441
1247384671085907969
1236290881608695809
1255841503676686343
1241191614669864961
1244604319665618946
1243305205103460353
1247245454875770885
1238912391708098562
1251834197397905409
1252570493082914819
1245421622854590472
1251566831409733632
1262220506209583106
1251561687871893511
1255394335299862530
1246169988924350464
1248987294809325569
1244639223732482048
1248039256213331977
1257395180077973510
1240130179248291848
1239196283308511232
1235935483613544448
1246424922978738176
1250424947257688067
1253314349583794176
1243366987570360320
1243133481791733766
1241403880094793729
1253707875198869506
1254604823619678211
1261615232809684993
1252371831111081985
1244638969297584129
1246169485075234817
1244624353716830208
1247454715434106886
1259864445096005637
1249057678690828290
1244949504002084864
1242535872920260610
1253634408260698114
1237567364415115264
1246393891588358146
1240777361882259462
1245114934331088897
1250912689297281036
1240947652507951106
1240990884797300736
1237179644685815809
1238827318895837184
1255316645385588736
1243705009818210307
1241466299093524480
1240779415811956743
1255321975070830592
1253632338954772480
1258377793773150208
1251329594734542849
1259496821430378500
1256247108392431618
1248251223813296133
1237576112743411712
1244571149331238912
1247248647621918724
1242666118411620358
1238554827669377024
1258702219844767747
1255481125738332160
1236968402255839232
1241392496288153600
1261589892922048513
1268966025753776130
1255380524694155269
1240362249954512902
1268212206178652160
1262549910798372874
1246204955716997125
1255541955792195584
1242501844825518081
1238532618582396930
1249362660426121217
1236498673699360768
1244364035841294339
1252376534280626194
1243272024887373825
1238496754913378304
1245111559069843463
1240775611376979968
1237453737859350528
1252924945497305089
1243489066877927425
1239874613166911489
1235773870411575296
1258458144151224320
1240720346128490496
1259927775286374402
1247602624586608642
1265995227057324033
1242578172614492160
1243489864047353858
1238589744809984001
1257631917853286401
1241718255213056000
1268098741074092039
1247666480336035840
1244261570135363584
1269580893456384000
1249463612864778240
1253296614988546049
1249743712143519744
1251152769483853833
1259662720686796800
1255325654767280128
1243911082995060736
1240980648350953474
1239906756932894722
1250110689076748291
1269695272831123461
1249809411721265153
1258915571867017216
1237049858667753472
1250936992659111937
1250748784356843522
1240066324321140736
1259955357234978817
1242489215125991424
1238170891529277440
1240466605370417155
1237213066380673024
1244913738400043012
1247300396583976961
1252404793340858370
1268506194374725632
1235919667878912000
1242444339076304904
1247502670065262592
1245127769811492864
1239758701604548608
1252934090656972800
1270498946796969989
1263052322026016769
1242258013190316034
1252371326083325958
1255478860969377792
1256888231796322305
1269245769330102273
1257706747139166210
1255292863228907522
1245863616995180544
1249763983554482178
1237230867996606464
1237415027881185283
1251134283621765121
1239563298573516800
1241356875066740736
1247938069778649088
1249522594480439296
1260167184111808513
1246490984445366272
1242165436357267456
1239869905228480513
1240381741858279425
1247282413237088257
1257636771166392321
1264904643282436098
1258012509090598912
1259109346249760768
1237581496040296448
1258458659841093636
1242501021806592000
1259753686781345793
1264139826883973121
1247551513205125121
1241208741577601025
1265350775808700416
1246145650775003138
1241517507925757953
1242136583299571712
1263787269565091904
1262813320949706753
1239555806653267970
1238601159864188929
1260513748982341633
1240763220459216898
1241262766561820672
1248262663714504715
1268566341893619714
1246582857570672640
1261975143716401152
1237554747596406784
1246199747347611660
1243342886302777346
1249404786195259397
1240272714822279169
1237902467800670208
1236060004458942464
1249329688398499842
1244021708710989827
1243297875246841858
1242247508857929729
1239663441754947584
1267837566449078273
1243543067279405057
1244723912220573696
1254006546159276032
1237473860934684678
1237916229995769857
1237912737793138689
1250446469129293827
1258048334100561923
1241513673174237185
1251862156796137472
1237826761230110720
1242083525773398016
1241384680064192512
1240727573438529542
1243711383528669184
1250255266207215616
1253661897456594951
1239290923814658050
1250099258793082881
1259892204161695745
1238919929015021569
1243659649980776452
1251493907201953794
1258236601613893633
1256716761920974848
1249204583198531586
1252371154636992516
1246213080926879745
1259298415344857091
1239055424935976960
1242920015986335745
1238266487632285697
1238988235185020929
1241863770152075265
1250778044555542529
1241521521262198785
1239508558233972736
1244630457196691459
1247091292217245696
1241386334511493123
1258028317002915841
1260285343074566146
1255620743737610247
1259978953814618116
1268377998811697153
1268883688386965504
1249073776622436353
1240800592018255877
1240088399157039104
1248960447082123265
1266329855941054465
1246346696247959552
1235592586586251266
1249112664355135495
1239315147233144834
1236679218756542464
1239318240859500544
1245350115797274624
1237526189108908033
1242954211081543687
1242768172681441282
1266060826634522626
1236772308339118083
1265983507605663744
1259155858119954433
1244591301628133379
1250008859504148481
1254768486435307524
1250212052439834625
1239651766888796161
1267398863612194817
1243890740960399360
1249433699365593090
1246173699516006400
1255568078810886145
1237810876893278210
1242413909824462848
1238288275103797249
1238485543404687361
1239379129532928000
1249466214088355846
1248368546696101890
1248160852630355968
1255881748665249793
1241506938522828801
1240682124161794048
1238806778793660416
1241206300417155072
1248743728015171585
1250762313281548289
1238906771172974593
1241907897287741442
1240538205633622017
1238275640509509633
1249165735621988354
1240895144762552320
1262960514306584578
1245795416215560193
1239526076805795842
1243524038145777665
1262691561797816320
1241448569862848513
1244086891512770566
1263178275255398400
1243726132031229957
1237472301433655297
1249145638744449024
1243453227552702467
1242136738778230786
1253651625207611394
1253366057814933504
1239928059417055234
1238283416736608256
1258532714279432192
1252767581871779840
1260652827518484480
1240789438952808449
1247425237928550402
1260288336176058374
1238925256871628804
1237922662388846593
1260882356736593926
1239670765408174081
1242938345761787905
1245028477897760768
1241340689570562049
1262367175672844289
1236676297365041155
1236744438497644548
1239031012241412098
1237330954429124609
1236447920469262336
1236492389126111232
1245802661213020161
1269614240664637440
1249112432921833472
1236016691290791936
1241116514994073601
1246458444237938689
1250859540469301249
1240814427018014722
1247214221110190080
1249435114330886149
1242267859868409856
1253819533321818112
1237024006898954240
1251824635567575040
1256765496793464832
1258532574076350466
1252299721550561289
1270671717673861120
1260656057723977729
1240238090758893568
1242157332907294733
1239510908239589378
1239517695097344000
1245155805999108100
1249482424804945920
1250599754309959685
1247729888926277633
1250763450525065216
1243930235403407361
1258209440718823425
1262191099298418694
1259150857364439040
1238919884102393856
1242618765881344001
1245383758779420676
1250102029374103553
1256714701880385536
1247192493445255174
1258727962356178949
1246839929373626372
1242123472148533249
1253408815556354048
1241565818468564992
1236523633297809408
1243499477060780034
1252209533960835083
1251857334378381316
1243577260294225926
1247311395013693442
1250731948919730176
1259823795994611718
1267486024298573824
1247208629960355841
1242975154638073857
1242274281901494279
1248767256064077824
1266061545827598338
1253780615763243014
1267480984594853890
1241829729990213637
1239315802622496769
1239590707985342469
1246565925681270791
1243807406737338369
1245839683164213255
1238581050625974274
1242081636759543814
1250404477573660672
1240677144914771972
1239220001711820802
1256046914455379968
1248626870695759881
1256895119497867264
1238632340643098625
1248183397299732480
1267785319585329153
1250855825566044167
1261207643047309313
1238423994627502081
1239216894651125771
1262921337737285635
1240961142954037249
1244777387738435585
1242639940644671488
1242812433636511749
1247319059701653505
1241512855066873873
1240237746242936832
1241487179387453440
1250700412929413121
1266469745588613124
1245150885430407169
1261997207961636865
1251537196236095494
1267800161050296320
1262334056911568899
1243311362224394243
1239953900708470785
1255401592410562568
1240615543117352960
1243528979635732487
1256208359537115136
1240005888464883713
1242405227573239808
1263133654135554049
1239568318253731841
1250218928976080896
1261273651392983042
1247041824016998401
1267064774665306114
1250502279758860289
1248052598315327489
1240784549442998272
1252902533770731520
1260791392126844929
1242606428470292482
1244247590763364354
1247317386291818496
1260032141141766151
1243177673079369728
1247707914749521922
1240809213141581824
1237882128957935621
1266153907778195463
1253779769163952130
1269284929420099585
1237058844557262849
1244299131763466240
1259147439325487106
1261238192113680384
1237869735380844546
1241136918089420800
1250190239194394627
1252353792353296385
1247908368381067265
1243043894318772226
1239515584959741952
1238050040490442752
1251312871125983233
1255442678784942080
1247478185022849024
1254395811674361856
1256929125081714689
1248662093299159043
1253867770460110848
1238601368698486784
1245413999648354307
1256030921473634311
1254721912237850627
1235902561649123329
1253475560363364361
1242599986380054531
1245676367833948162
1251536149790801925
1252438139563642880
1269956317558513664
1248401795841286147
1260370864807215109
1250886899444695040
1237237499724005376
1258366238276886528
1248696073423552514
1246080959096774657
1244909409450496001
1249353142430564355
1248566352639594498
1264590850253824001
1251123650469781505
1243942183968931843
1250875723100893195
1239569225322291200
1254415390786150405
1239279608312352768
1248235899164545024
1246828558426804225
1251885604121518082
1241094628822089729
1268485978987036674
1252678406241648643
1253002962084999168
1242566747410087937
1248080907644395521
1236624757795233792
1259482159573762048
1242310481135783936
1250272569233555458
1239175241949216773
1249679541146181632
1238816585185460225
1262229756545810433
1257306920945283078
1240102862920790020
1241906127090089984
1248898060186456064
1246209187874516993
1240400409077964805
1248278657715535872
1243666709602611204
1241145394123419648
1259858646705623047
1240231929817030656
1238462917726605314
1260664137652240384
1251814619213152256
1262361886445785090
1252811971247800322
1262928186138152965
1238972194832764933
1257079676935245824
1243194045947473920
1245538835716603905
1239210809693220866
1239824036131209216
1243851185418907649
1245172615607545856
1255406541160755202
1255324299247960065
1252044146048733184
1248824777382473728
1256581874975154179
1268051198139158529
1268862282135724033
1260187883039789058
1258385940927700993
1243647670104752128
1239180860223610880
1250222961514217472
1267927351008133129
1258365258445586432
1250496362669641740
1236860566888763397
1252694305707302912
1243756173184114693
1266109102620463105
1238843135872163840
1240057618154078208
1241062519193640962
1250011503446634502
1246431983221313537
1245785407628984335
1241376515973095425
1239428538341527552
1241905137884463104
1254151855669731334
1254437018597277697
1240061518835781634
1256296611048808450
1246778864673619970
1261259063775694848
1261778591601373187
1264888184988676098
1247563086858539009
1254831649331830784
1265034535114326017
1240471468779192321
1246195316136783872
1260567205718130691
1242955503195611138
1244028303117344768
1238039482974244866
1243276221091393538
1239493585554284545
1239200427608092672
1239004335100420096
1249843462280749063
1255692946692849666
1240593364678049792
1250967810475507714
1240992852055818241
1248771235951017984
1269012988553498629
1260359526957625345
1264144082034704384
1237784871520669696
1241049478955765763
1239644818533318656
1253545710521405440
1236268734211383296
1250449435886342145
1246422081174200321
1261652947555016704
1249718633770758144
1243199333773774856
1250051512958619648
1242958055316299777
1258371711164207106
1243095009538314240
1269799037756112896
1257390493509521408
1257019102994092036
1259881818653941762
1236760910481575939
1244742605755252737
1252634167772434446
1253653194741354496
1244905820699136000
1246799851536494593
1236048046871531522
1243929886840012800
1257677781024022529
1250779726102265856
1236973778380472320
1240432016933470220
1257492809499791362
1255518184070881289
1254865287595167744
1243325794216226816
1246141141080330242
1237525817011212288
1241744764975738881
1245852368845094912
1253577509406478337
1245458674606174208
1256937100114628609
1246554660351115267
1270466572449198082
1266829352181927943
1258376186612375556
1255466601618472960
1253410162825744384
1257981209092726784
1251310929112940544
1243501309388558336
1270500732693884936
1247625388693610501
1243224511136378882
1258137993845657600
1239996472927682560
1236125963210993666
1240012739910696960
1238817089718308864
1256945032227061764
1245134687816818689
1239152349580537860
1267459861236928512
1248758928793616385
1244048918402514947
1235924097080668162
1236458285353631745
1259861770375749634
1247550377517551623
1257063024390791168
1248997598511464448
1239608110928539648
1240521159105527808
1239644834564055045
1256132482753351682
1246459826055581696
1255215858277892103
1242629879239237632
1236958117771919362
1245855924847181824
1239966395401515009
1249488254795165696
1258921148621914112
1238072219210842112
1248361069417988098
1250188670432395271
1242174238926176261
1252575122017394691
1236728007357632512
1254407261780353024
1267121197210374146
1239841032419913729
1238206587027836929
1254798038545174528
1253039070802042882
1239731326120603651
1255889693142548486
1241760425370365957
1250877012794802178
1238404440631259141
1252080376039776262
1255885464776687617
1258800210769252353
1242268050587516934
1247271283781500930
1254092379625226243
1237877674745290753
1245310030909509632
1251233423097761792
1249142276732977153
1250406457973055489
1235965147132420096
1239023554915688448
1255488437907525632
1251826703552446466
1250891455280877569
1250398012121198592
1257613733297299456
1240789263425380354
1248511203992879105
1236680861858385921
1245490443481161731
1236680204480888833
1243955997284151296
1250765440701403137
1237192350255976448
1251173922575470593
1245466052127010818
1245838297756094465
1253394195756331010
1236729614946492422
1246659287608418304
1242070053534814214
1269979178453159943
1257554908762591232
1259080141336121344
1239021025733591041
1245153617214046211
1236272724382810112
1243792722785427456
1238842594257403906
1253476427627933697
1261411672725417984
1253173434676322305
1243612488849149952
1253818257359896577
1254909017622708229
1239695530848124928
1251830184724045825
1237125829508894722
1243712943293788161
1259468204063305728
1238182230452776960
1254029763213242369
1238846899500863489
1240450179964243972
1250600463919185925
1239910284824805378
1261096368145301504
1251630684457906177
1242016858003341314
1237381831529508865
1239592353075204096
1243645026598518785
1250248592964685825
1247553408812355585
1250404518568828929
1263285919706218496
1236729100838076417
1244094002313510913
1241101177149931522
1236483488402022400
1240717256096710658
1239166412024766465
1253507947977560064
1241581287539949568
1262372237614743553
1251489112240070656
1250035786298396674
1239496881845219329
1259822541360766977
1257310336111112192
1238248563391574024
1258185290688200707
1245148919404924930
1246085733875699712
1254853341932183554
1251122391847223300
1240061496824082432
1236443405661671425
1243241060941381633
1236728661086216192
1248707120549281798
1254429003605258240
1243175134476804097
1253628486465486848
1257743592409497600
1239182672259354624
1247105822838136832
1237690442453524480
1249706476698034178
