1262416032859328514
1238758553130852352
1239065324583968768
1250580666221117440
1241756808525406217
1239962226632450048
1258832349027946497
1237784803706953729
1237263100472111104
1240797484290469888
1246570890223071235
1250232446718816256
1240049325083893760
1265263255863341056
1239562053041283073
1243911379003686913
1243699434094882816
1237743867794878465
1239758361660256257
1238218197095952384
1269465495045992449
1269026318454345728
1246437546755833856
1243734483460714496
1258806911140376576
1259527111280193536
1250262017455181828
1237836670335979526
1249763622575800321
1239403356424228864
1241597391687397376
1262422262910717952
1245234273994457088
1242093130662301696
1255194811000336386
1238879664183148544
1240629070330834950
1241051222792179713
1244366619012407298
1239782385551650816
1249218804833382400
1238277554491887616
1239811483242049543
1241192097752862722
1252368676289835011
1260904651240570880
1255348660944146432
1266722428065140738
1238278289128448001
1253443694226821120
1246195934607933446
1244091316495056899
1244390453723557888
1240821281764683776
1259558295418949636
1248089489181827073
1256222219266666496
1264746823266168833
1254861596515536897
1268310493741174784
1255529721602945025
1237894871014191105
1237888625477468160
1237896088851329028
1246079329827573760
1246712025092366337
1244018753794461697
1238232836370362370
1245350593125912577
1245522906689363969
1245905208590381056
1246026074770698240
1256236756472651779
1245424524868243456
1246439330928685056
1251312642326556672
1261645091673956352
1249330527921790976
1247591918407647232
1241339576750206976
1250645817108692992
1237050216819216384
1241857213427093506
1255497421460844555
1245511984285716480
1237535079502495744
1242604273000755200
1238186019620401153
1245482301418549249
1240808470212796424
1237920946205470726
1255134931887353859
1242550700443385856
1237501911281963009
1247890334262022147
1240480996308459525
1239204861469700103
1246887211284353024
1262395721262796800
1250162168672051200
1243375616138694656
1267669681965600768
1249490223324635138
1244477275082338304
1242886474313240576
1237757195065778176
1252029039012802561
1264712940244078593
1255872288244805638
1243312373605138432
1250873952324354049
1244713926622941185
1239315087749496839
1241036471206924288
1243991444483792901
1245153952079007745
1259842996171952130
1237846212067258368
1255873115114127362
1246289215588954114
1243182499611791361
1243041027583348737
1250118304775036929
1245518464028033024
1241602916856840198
1236432472675479553
1265045255075827718
1251075100809531392
1240479509943631874
1242997387653779468
1248123453489766401
1261441800838868992
1245471163750416385
1244459923666132992
1239277396953403392
1250385448381190145
1243592067403538432
1237544611662278657
1250864060574453761
1243325806765465601
1268677987991347200
1236132246999961600
1257804956196691968
1268677543227469827
1238218622578933760
1262154727581777920
1269748407356153856
1257420860106977280
1255563741845950467
1247515707190976512
1244763106993041408
1253678944613625859
1245591510269046788
1250821570643349507
1243220218085879808
1239246548594126848
1264267270102159362
1256325443143077888
1238768566389932032
1240283957381472257
1249866813766172672
1240096851564642305
1239728709709336576
1236747153051131904
1246215661711511554
1256303527099543553
1238666689169862662
1239012828843061248
1237309783994220544
1240845932805206018
1268290800669974528
1252250572717244418
1239636777641574401
1243150426892939264
1250112080927055872
1241724639291858945
1243640718406623235
1237095005694521344
1243229603658960897
1265821391854735363
1238574423516557320
